labels,total_transitions,horizontal_transitions,vertical_transitions,total_transitions_left,horizontal_transitions_left,vertical_transitions_left,total_transitions_right,horizontal_transitions_right,vertical_transitions_right,total_transitions_top,horizontal_transitions_top,vertical_transitions_top,total_transitions_bottom,horizontal_transitions_bottom,vertical_transitions_bottom
1,104,28,76,54,16,38,40,12,28,42,14,28,61,13,48
0,114,56,58,55,28,27,58,28,30,67,37,30,46,18,28
3,92,26,66,41,10,31,49,16,33,53,15,38,39,11,28
0,96,36,60,46,16,30,50,20,30,49,17,32,46,18,28
3,96,36,60,47,18,29,49,18,31,45,15,30,51,21,30
0,100,42,58,48,20,28,51,22,29,59,29,30,41,13,28
3,182,68,114,75,28,47,104,40,64,109,39,70,70,26,44
0,248,122,126,130,66,64,113,56,57,166,88,78,81,33,48
3,86,22,64,42,10,32,43,12,31,47,11,36,39,11,28
3,88,26,62,43,12,31,45,14,31,49,15,34,39,11,28
1,122,28,94,59,16,43,59,12,47,54,16,38,68,12,56
4,102,44,58,53,24,29,49,20,29,57,27,30,45,17,28
3,102,36,66,38,10,28,64,26,38,59,23,36,42,12,30
1,122,28,94,61,16,45,59,12,47,53,15,38,69,13,56
2,92,34,58,45,16,29,47,18,29,45,17,28,47,17,30
0,108,54,54,55,28,27,53,26,27,62,36,26,45,17,28
3,84,22,62,41,10,31,43,12,31,43,9,34,41,13,28
3,84,28,56,42,14,28,42,14,28,47,19,28,37,9,28
2,114,48,66,55,24,31,59,24,35,50,22,28,64,26,38
1,110,22,88,50,12,38,54,10,44,43,11,32,67,11,56
1,124,36,88,54,16,38,64,20,44,50,18,32,73,17,56
3,118,48,70,55,22,33,63,26,37,67,27,40,51,21,30
3,80,24,56,40,12,28,40,12,28,38,10,28,42,14,28
0,104,48,56,54,26,28,50,22,28,58,30,28,46,18,28
0,118,60,58,59,30,29,59,30,29,69,39,30,49,21,28
4,100,44,56,48,20,28,52,24,28,50,22,28,50,22,28
0,100,46,54,51,24,27,49,22,27,54,28,26,46,18,28
3,84,26,58,41,12,29,43,14,29,46,16,30,38,10,28
2,114,46,68,56,24,32,57,22,35,48,20,28,66,26,40
3,92,30,62,47,16,31,45,14,31,49,15,34,43,15,28
1,106,24,82,54,12,42,52,12,40,40,12,28,66,12,54
0,152,70,82,73,34,39,75,36,39,86,44,42,63,23,40
3,88,30,58,45,16,29,43,14,29,42,14,28,46,16,30
4,120,60,60,59,30,29,61,30,31,62,32,30,57,27,30
1,120,24,96,40,12,28,60,12,48,52,12,40,68,12,56
4,102,44,58,49,20,29,53,24,29,57,27,30,45,17,28
4,102,42,60,50,20,30,52,22,30,47,19,28,54,22,32
1,110,22,88,38,10,28,56,12,44,46,14,32,64,8,56
3,114,58,56,58,30,28,56,28,28,65,37,28,49,21,28
3,98,38,60,48,18,30,50,20,30,57,25,32,41,13,28
0,102,46,56,50,22,28,52,24,28,61,33,28,41,13,28
0,108,52,56,54,26,28,54,26,28,60,32,28,48,20,28
3,84,28,56,43,14,29,41,14,27,46,18,28,38,10,28
4,116,48,68,60,24,36,56,24,32,54,22,32,61,25,36
1,122,26,96,60,14,46,60,12,48,54,14,40,67,11,56
4,114,54,60,52,24,28,62,30,32,61,33,28,53,21,32
1,118,20,98,41,10,31,59,10,49,54,12,42,64,8,56
3,98,42,56,48,20,28,50,22,28,51,23,28,47,19,28
3,86,28,58,41,12,29,45,16,29,43,13,30,42,14,28
0,106,50,56,52,24,28,54,26,28,60,32,28,46,18,28
4,146,50,96,70,24,46,76,26,50,59,27,32,86,22,64
2,114,40,74,57,20,37,57,20,37,48,20,28,66,20,46
2,134,54,80,66,26,40,68,28,40,50,20,30,84,34,50
0,102,44,58,51,22,29,51,22,29,59,29,30,43,15,28
0,110,54,56,54,26,28,56,28,28,62,34,28,48,20,28
2,110,46,64,53,22,31,57,24,33,51,23,28,59,23,36
1,108,22,86,38,10,28,55,12,43,43,13,30,65,9,56
2,130,50,80,62,24,38,68,26,42,64,22,42,64,26,38
4,116,40,76,58,20,38,58,20,38,47,19,28,68,20,48
1,118,24,94,46,10,36,61,14,47,52,14,38,66,10,56
3,96,36,60,44,16,28,52,20,32,56,24,32,40,12,28
2,156,44,112,79,22,57,77,22,55,64,22,42,92,22,70
4,98,42,56,48,20,28,50,22,28,49,21,28,48,20,28
1,108,20,88,38,10,28,54,10,44,45,13,32,63,7,56
3,120,50,70,63,28,35,56,22,34,61,27,34,58,22,36
4,120,48,72,64,24,40,56,24,32,49,21,28,71,27,44
0,96,30,66,47,14,33,49,16,33,52,14,38,44,16,28
4,158,50,108,74,24,50,84,26,58,57,23,34,100,26,74
4,110,60,50,58,32,26,52,28,24,60,32,28,43,21,22
3,122,42,80,53,20,33,69,22,47,71,21,50,50,20,30
1,110,18,92,36,8,28,56,10,46,48,12,36,62,6,56
0,92,34,58,45,16,29,47,18,29,47,17,30,45,17,28
4,108,42,66,53,20,33,55,22,33,49,21,28,59,21,38
4,100,32,68,50,16,34,50,16,34,58,18,40,42,14,28
0,96,42,54,47,20,27,49,22,27,51,25,26,40,12,28
2,130,54,76,56,24,32,74,30,44,60,22,38,68,30,38
1,120,26,94,50,14,36,59,12,47,53,15,38,67,11,56
0,98,42,56,48,20,28,50,22,28,57,29,28,41,13,28
3,86,24,62,40,10,30,45,14,31,37,9,28,49,15,34
1,90,26,64,43,12,31,46,14,32,40,12,28,48,12,36
3,88,30,58,47,18,29,41,12,29,44,14,30,43,15,28
4,122,46,76,60,22,38,62,24,38,59,23,36,63,23,40
4,116,50,66,57,24,33,59,26,33,63,25,38,53,25,28
1,110,22,88,51,10,41,56,12,44,44,12,32,66,10,56
2,162,44,118,81,22,59,81,22,59,67,23,44,94,20,74
1,122,28,94,49,14,35,62,14,48,54,16,38,67,11,56
3,138,58,80,70,32,38,61,26,35,60,22,38,75,33,42
1,146,30,116,70,12,58,69,18,51,61,17,44,83,11,72
3,146,50,96,82,32,50,59,18,41,70,22,48,74,26,48
3,104,40,64,51,20,31,53,20,33,56,20,36,48,20,28
0,114,54,60,58,28,30,55,26,29,66,34,32,48,20,28
1,86,24,62,38,10,28,45,14,31,43,13,30,43,11,32
4,124,40,84,64,20,44,60,20,40,47,19,28,77,21,56
4,96,42,54,49,22,27,47,20,27,53,25,28,43,17,26
4,96,36,60,47,18,29,49,18,31,50,20,30,46,16,30
3,84,26,58,40,12,28,44,14,30,47,17,30,37,9,28
3,92,34,58,46,18,28,46,16,30,44,16,28,48,18,30
0,98,38,60,44,16,28,54,22,32,49,17,32,49,21,28
1,116,34,82,56,16,40,55,18,37,48,18,30,68,16,52
4,102,64,38,47,30,17,55,34,21,53,33,20,44,26,18
1,120,26,94,47,12,35,61,14,47,51,13,38,69,13,56
4,124,42,82,64,22,42,60,20,40,52,22,30,72,20,52
1,110,22,88,38,10,28,56,12,44,44,12,32,66,10,56
0,108,50,58,53,24,29,55,26,29,63,33,30,45,17,28
3,98,40,58,49,20,29,49,20,29,47,17,30,51,23,28
4,116,54,62,57,26,31,59,28,31,59,27,32,54,24,30
4,102,44,58,51,22,29,51,22,29,64,32,32,38,12,26
1,122,28,94,59,16,43,59,12,47,52,14,38,70,14,56
4,120,58,62,59,28,31,61,30,31,61,27,34,59,31,28
0,120,54,66,60,26,34,59,28,31,78,40,38,42,14,28
1,120,32,88,60,16,44,58,16,42,51,19,32,68,12,56
1,116,22,94,54,10,44,59,12,47,52,14,38,64,8,56
4,116,56,60,57,28,29,59,28,31,50,26,24,66,30,36
4,102,42,60,50,20,30,52,22,30,47,19,28,54,22,32
0,102,36,66,45,18,27,57,18,39,53,19,34,49,17,32
1,124,30,94,56,16,40,61,14,47,54,16,38,70,14,56
1,110,20,90,41,10,31,55,10,45,45,11,34,65,9,56
1,124,28,96,51,14,37,62,14,48,56,16,40,68,12,56
0,100,44,56,50,22,28,50,22,28,58,30,28,42,14,28
2,164,72,92,86,38,48,78,34,44,81,45,36,81,25,56
3,126,54,72,65,30,35,57,24,33,67,29,38,57,23,34
4,134,62,72,77,32,45,57,30,27,59,29,30,75,33,42
2,106,38,68,52,18,34,54,20,34,46,18,28,60,20,40
1,78,20,58,39,10,29,38,10,28,39,11,28,39,9,30
0,98,42,56,48,20,28,50,22,28,56,28,28,42,14,28
1,124,30,94,64,18,46,57,12,45,52,14,38,72,16,56
4,104,48,56,50,22,28,54,26,28,62,34,28,42,14,28
4,110,50,60,54,24,30,55,26,29,59,27,32,50,22,28
2,144,48,96,73,22,51,71,26,45,51,23,28,91,23,68
2,158,54,104,81,26,55,77,28,49,67,23,44,90,30,60
2,110,40,70,52,20,32,58,20,38,50,20,30,60,20,40
1,112,32,80,56,16,40,44,16,28,44,16,28,68,16,52
2,116,42,74,57,20,37,59,22,37,50,20,30,65,21,44
4,114,48,66,57,24,33,57,24,33,51,21,30,62,26,36
4,110,44,66,54,20,34,56,24,32,47,19,28,63,25,38
0,98,44,54,49,22,27,49,22,27,56,30,26,42,14,28
2,112,42,70,62,22,40,50,20,30,50,20,30,61,21,40
0,102,46,56,50,22,28,52,24,28,49,21,28,52,24,28
2,108,46,62,54,22,32,54,24,30,49,21,28,59,25,34
2,112,46,66,55,22,33,57,24,33,50,20,30,60,24,36
4,144,44,100,70,22,48,74,22,52,48,20,28,95,23,72
0,106,50,56,52,24,28,54,26,28,63,35,28,43,15,28
3,100,42,58,48,20,28,51,22,29,51,23,28,49,19,30
1,110,42,68,51,18,33,57,24,33,57,21,36,52,20,32
1,76,18,58,36,8,28,39,10,29,38,10,28,38,8,30
1,108,26,82,44,12,32,55,14,41,41,13,28,67,13,54
3,76,20,56,36,8,28,40,12,28,39,11,28,37,9,28
3,180,64,116,96,32,64,84,32,52,78,28,50,100,34,66
3,102,42,60,50,20,30,52,22,30,55,25,30,46,16,30
2,94,36,58,47,18,29,47,18,29,46,18,28,48,18,30
1,122,30,92,56,16,40,60,14,46,51,15,36,71,15,56
2,122,42,80,57,20,37,65,22,43,51,21,30,71,21,50
2,132,48,84,66,24,42,66,24,42,51,21,30,80,26,54
2,194,76,118,75,36,39,115,40,75,108,48,60,85,27,58
2,112,40,72,53,18,35,59,22,37,51,21,30,61,19,42
3,106,44,62,48,20,28,58,24,34,52,22,30,53,21,32
3,96,36,60,48,18,30,48,18,30,43,15,28,53,21,32
2,196,64,132,107,32,75,89,32,57,100,34,66,96,30,66
1,106,28,78,50,12,38,54,16,38,42,14,28,64,14,50
3,112,40,72,56,20,36,56,20,36,64,20,44,43,15,28
2,98,38,60,48,18,30,50,20,30,46,18,28,51,19,32
2,120,48,72,61,24,37,59,24,35,51,21,30,69,27,42
0,88,30,58,43,14,29,45,16,29,41,11,30,47,19,28
0,110,44,66,54,22,32,55,22,33,63,25,38,47,19,28
4,120,48,72,65,26,39,55,22,33,56,20,36,64,28,36
4,106,46,60,53,24,29,52,22,30,51,21,30,55,25,30
2,144,54,90,66,26,40,78,28,50,49,23,26,95,31,64
1,114,38,76,51,18,33,58,20,38,45,17,28,69,21,48
3,90,32,58,42,14,28,47,18,29,51,21,30,39,11,28
3,92,32,60,46,16,30,46,16,30,48,16,32,43,15,28
1,98,22,76,38,10,28,50,12,38,39,11,28,59,11,48
1,240,82,158,142,46,96,94,36,58,117,47,70,121,33,88
4,102,42,60,50,20,30,52,22,30,49,21,28,53,21,32
1,98,22,76,48,12,36,48,10,38,40,12,28,58,10,48
4,96,40,56,48,20,28,48,20,28,51,23,28,45,17,28
2,108,42,66,52,20,32,55,22,33,49,19,30,59,23,36
4,98,42,56,48,20,28,50,22,28,47,19,28,51,23,28
4,160,66,94,90,38,52,70,28,42,84,40,44,75,25,50
3,126,48,78,62,24,38,64,24,40,68,22,46,55,23,32
4,108,42,66,52,20,32,56,22,34,48,20,28,59,21,38
4,294,148,146,125,60,65,164,88,76,130,64,66,157,77,80
4,108,52,56,50,24,26,55,28,27,53,25,28,55,27,28
0,100,44,56,50,22,28,50,22,28,50,22,28,44,16,28
2,154,62,92,82,34,48,71,28,43,70,34,36,84,28,56
4,104,42,62,50,20,30,53,22,31,47,19,28,57,23,34
2,138,48,90,65,24,41,73,24,49,50,22,28,88,26,62
4,108,46,62,55,24,31,52,22,30,64,30,34,44,16,28
3,82,22,60,40,10,30,41,12,29,44,12,32,38,10,28
1,114,22,92,38,10,28,58,12,46,50,14,36,64,8,56
0,98,44,54,49,22,27,49,22,27,54,28,26,44,16,28
0,150,62,88,68,24,44,82,38,44,104,44,60,44,16,28
2,120,44,76,58,22,36,62,22,40,49,21,28,71,23,48
0,110,52,58,53,24,29,57,28,29,64,34,30,45,17,28
4,118,52,66,61,26,35,56,26,30,52,22,30,65,29,36
4,112,42,70,54,20,34,58,22,36,45,19,26,67,23,44
3,122,42,80,60,20,40,62,22,40,76,26,50,46,16,30
2,196,88,108,93,42,51,99,46,53,105,47,58,88,38,50
0,140,72,68,70,36,34,70,36,34,82,42,40,58,30,28
2,126,64,62,64,32,32,62,32,30,64,32,32,60,30,30
1,112,22,90,38,10,28,57,12,45,48,14,34,64,8,56
1,120,26,94,54,14,40,59,12,47,54,16,38,66,10,56
4,102,44,58,51,22,29,50,22,28,54,24,30,42,14,28
4,122,58,64,60,28,32,62,30,32,75,39,36,47,19,28
0,108,48,60,50,22,28,58,26,32,49,21,28,59,27,32
2,120,40,80,60,20,40,60,20,40,46,20,26,74,20,54
4,76,20,56,36,8,28,40,12,28,39,11,28,37,9,28
2,98,40,58,49,20,29,49,20,29,50,20,30,48,20,28
2,158,44,114,79,22,57,79,22,57,56,22,34,102,22,80
1,100,22,78,38,10,28,51,12,39,39,11,28,59,9,50
4,114,54,60,55,26,29,59,28,31,63,33,30,51,21,30
4,112,44,68,56,22,34,56,22,34,49,21,28,62,22,40
0,106,48,58,53,24,29,53,24,29,61,31,30,45,17,28
1,118,26,92,56,14,42,55,12,43,50,14,36,67,11,56
0,98,38,60,50,20,30,48,18,30,52,20,32,46,18,28
1,100,22,78,38,10,28,51,12,39,39,11,28,61,11,50
0,102,46,56,50,22,28,52,24,28,57,29,28,45,17,28
2,102,44,58,51,22,29,51,22,29,48,20,28,53,23,30
1,116,24,92,52,12,40,58,12,46,50,14,36,66,10,56
0,106,48,58,52,24,28,54,24,30,61,31,30,45,17,28
2,156,48,108,77,24,53,79,24,55,56,22,34,98,24,74
3,106,48,58,51,22,29,55,26,29,57,27,30,49,21,28
2,118,56,62,58,28,30,60,28,32,52,24,28,66,32,34
3,90,34,56,44,16,28,46,18,28,43,15,28,47,19,28
0,140,72,68,67,34,33,72,38,34,94,54,40,46,18,28
1,116,22,94,36,8,28,61,14,47,50,12,38,66,10,56
0,202,116,86,88,50,38,113,66,47,128,80,48,74,36,38
2,124,44,80,61,22,39,63,22,41,46,18,28,76,24,52
4,106,44,62,53,22,31,53,22,31,48,20,28,58,24,34
1,88,24,64,44,12,32,40,12,28,38,10,28,50,14,36
0,102,46,56,50,22,28,52,24,28,57,29,28,45,17,28
0,100,34,66,49,16,33,51,18,33,54,16,38,45,17,28
0,100,44,56,50,22,28,50,22,28,58,30,28,42,14,28
1,126,32,94,56,16,40,63,16,47,52,14,38,72,16,56
0,110,50,60,52,24,28,58,26,32,50,22,28,60,28,32
1,118,26,92,50,12,38,60,14,46,54,14,40,64,12,52
0,110,52,58,53,24,29,56,28,28,64,34,30,45,17,28
2,130,42,88,68,20,48,61,22,39,53,21,32,77,21,56
2,126,48,78,60,22,38,66,26,40,63,29,34,63,19,44
0,108,52,56,52,24,28,56,28,28,63,35,28,45,17,28
1,110,22,88,43,10,33,56,12,44,46,14,32,64,8,56
0,106,46,60,52,22,30,54,24,30,65,33,32,41,13,28
2,134,46,88,74,24,50,60,22,38,63,21,42,71,25,46
2,98,42,56,48,20,28,50,22,28,47,19,28,50,22,28
3,100,40,60,52,20,32,48,20,28,51,19,32,49,21,28
4,98,40,58,44,16,28,54,24,30,49,19,30,49,21,28
3,86,28,58,38,12,26,48,16,32,41,13,28,45,15,30
0,104,48,56,52,24,28,52,24,28,58,30,28,46,18,28
3,104,32,72,54,16,38,50,16,34,60,18,42,44,14,30
2,150,46,104,73,22,51,77,24,53,49,21,28,99,23,76
1,108,26,82,53,12,41,54,14,40,41,13,28,66,12,54
2,98,40,58,49,20,29,49,20,29,46,20,26,52,20,32
1,112,26,86,42,12,30,57,14,43,42,12,30,70,14,56
4,98,38,60,46,16,30,52,22,30,49,19,30,48,18,30
4,114,52,62,54,24,30,59,28,31,53,23,30,61,29,32
2,122,48,74,62,24,38,59,24,35,54,22,32,67,25,42
3,82,22,60,40,10,30,42,12,30,44,12,32,38,10,28
0,120,52,68,64,28,36,56,24,32,62,28,34,58,24,34
0,120,58,62,53,24,29,66,34,32,76,42,34,44,16,28
1,80,22,58,38,10,28,41,12,29,39,11,28,41,11,30
4,98,42,56,48,20,28,50,22,28,54,26,28,44,16,28
3,108,44,64,52,20,32,56,24,32,57,21,36,44,16,28
2,102,40,62,50,20,30,52,20,32,46,20,26,56,20,36
3,102,46,56,50,22,28,52,24,28,53,25,28,48,20,28
2,104,40,64,52,20,32,52,20,32,47,19,28,56,20,36
0,106,48,58,54,24,30,52,24,28,65,35,30,41,13,28
2,88,30,58,44,14,30,44,16,28,43,15,28,45,15,30
3,108,50,58,51,22,29,57,28,29,69,39,30,39,11,28
3,182,94,88,80,42,38,97,52,45,75,33,42,104,58,46
4,110,48,62,56,24,32,54,24,30,52,22,30,57,25,32
3,182,72,110,56,20,36,126,52,74,91,33,58,90,38,52
2,112,46,66,53,22,31,59,24,35,59,25,34,53,21,32
1,112,30,82,43,14,29,57,16,41,40,12,28,72,18,54
0,134,64,70,77,38,39,56,26,30,86,46,40,47,17,30
3,98,40,58,48,20,28,49,20,29,50,22,28,48,18,30
3,98,38,60,48,18,30,50,20,30,49,19,30,49,19,30
1,92,30,62,43,14,29,47,16,31,42,14,28,49,15,34
3,90,32,58,45,16,29,45,16,29,45,15,30,45,17,28
4,100,42,58,50,20,30,50,22,28,47,19,28,53,23,30
3,102,44,58,49,20,29,53,24,29,51,21,30,51,23,28
3,124,46,78,65,24,41,58,22,36,79,31,48,44,14,30
3,100,36,64,53,20,33,47,16,31,54,18,36,46,18,28
3,108,44,64,51,20,31,57,24,33,66,30,36,42,14,28
4,112,54,58,56,26,30,56,28,28,60,32,28,52,22,30
1,118,24,94,52,12,40,59,12,47,51,13,38,65,9,56
2,106,42,64,52,20,32,54,22,32,50,20,30,56,22,34
2,126,40,86,64,20,44,62,20,42,48,20,28,78,20,58
0,144,76,68,72,40,32,71,36,35,92,54,38,47,17,30
4,108,50,58,53,24,29,55,26,29,53,23,30,55,27,28
2,118,52,66,59,26,33,59,26,33,47,21,26,71,31,40
2,160,78,82,77,34,43,82,44,38,53,23,30,105,53,52
2,106,42,64,54,22,32,52,20,32,50,22,28,56,20,36
4,102,44,58,49,22,27,53,22,31,48,20,28,54,24,30
4,108,42,66,43,18,25,65,24,41,47,19,28,61,23,38
4,122,48,74,66,24,42,56,24,32,49,21,28,72,26,46
0,98,42,56,48,20,28,50,22,28,52,24,28,43,15,28
3,112,56,56,57,28,29,55,28,27,56,28,28,56,28,28
4,104,46,58,51,22,29,53,24,29,51,21,30,52,24,28
4,100,42,58,49,20,29,51,22,29,54,24,30,46,18,28
1,110,24,86,38,10,28,57,14,43,44,12,32,66,12,54
0,120,54,66,50,22,28,70,32,38,77,39,38,43,15,28
2,138,46,92,60,22,38,78,24,54,50,22,28,87,23,64
4,108,40,68,54,20,34,54,20,34,60,20,40,48,20,28
3,148,62,86,72,32,40,75,30,45,78,28,50,70,34,36
0,114,44,70,54,20,34,60,24,36,70,28,42,44,16,28
0,96,36,60,48,18,30,48,18,30,48,16,32,48,20,28
4,98,42,56,48,20,28,50,22,28,50,22,28,48,20,28
4,118,40,78,62,20,42,56,20,36,47,19,28,71,21,50
0,108,50,58,53,24,29,55,26,29,64,34,30,43,15,28
2,100,38,62,50,18,32,50,20,30,47,19,28,53,19,34
1,112,26,86,46,12,34,57,14,43,44,14,30,68,12,56
0,162,58,104,63,26,37,99,32,67,91,35,56,71,23,48
0,132,62,70,54,26,28,78,36,42,86,44,42,46,18,28
3,106,44,62,53,22,31,53,22,31,54,24,30,51,19,32
1,124,30,94,49,14,35,66,16,50,53,15,38,69,13,56
3,142,46,96,77,22,55,63,24,39,74,30,44,68,16,52
2,154,64,90,82,32,50,71,32,39,77,37,40,75,25,50
4,142,54,88,73,28,45,69,26,43,60,22,38,81,31,50
0,106,46,60,50,22,28,56,24,32,64,32,32,42,14,28
0,108,52,56,54,26,28,54,26,28,60,32,28,48,20,28
4,148,50,98,81,24,57,67,26,41,67,23,44,80,26,54
4,232,124,108,103,54,49,126,70,56,108,50,58,123,73,50
1,108,24,84,54,12,42,40,12,28,41,13,28,66,10,56
1,76,20,56,38,10,28,38,10,28,40,12,28,36,8,28
4,134,44,90,68,22,46,66,22,44,49,21,28,85,23,62
4,142,46,96,72,22,50,70,24,46,49,21,28,92,24,68
4,118,50,68,59,26,33,59,24,35,48,20,28,69,29,40
3,180,54,126,90,26,64,90,28,62,93,29,64,87,25,62
2,134,40,94,69,20,49,65,20,45,49,21,28,85,19,66
1,82,22,60,39,10,29,42,12,30,43,13,30,39,9,30
4,124,62,62,63,32,31,60,30,30,58,26,32,65,35,30
2,364,248,116,182,120,62,181,128,53,155,107,48,201,133,68
4,102,46,56,54,26,28,48,20,28,48,20,28,54,26,28
0,134,62,72,66,30,36,67,32,35,79,37,42,54,24,30
0,186,60,126,81,28,53,104,32,72,92,40,52,94,20,74
0,114,54,60,55,26,29,59,28,31,68,36,32,46,18,28
2,110,42,68,57,22,35,53,20,33,48,20,28,62,22,40
4,128,42,86,65,22,43,63,20,43,48,20,28,80,22,58
4,120,50,70,56,24,32,64,26,38,66,32,34,53,17,36
2,112,44,68,50,20,30,60,24,36,54,22,32,57,21,36
1,102,22,80,48,12,36,50,10,40,40,12,28,62,10,52
1,110,26,84,40,12,28,56,14,42,42,14,28,67,11,56
1,100,24,76,50,12,38,40,12,28,40,12,28,60,12,48
2,100,42,58,49,20,29,51,22,29,46,20,26,54,22,32
1,112,22,90,38,10,28,57,12,45,46,12,34,66,10,56
3,90,26,64,46,14,32,44,12,32,38,10,28,51,15,36
4,108,50,58,54,24,30,54,26,28,49,21,28,58,28,30
3,104,46,58,53,24,29,51,22,29,58,28,30,46,18,28
3,94,36,58,45,16,29,49,20,29,54,24,30,40,12,28
4,112,52,60,53,24,29,59,28,31,67,35,32,44,16,28
2,130,44,86,70,22,48,60,22,38,46,20,26,83,23,60
0,102,44,58,49,20,29,53,24,29,56,26,30,46,18,28
1,108,22,86,37,10,27,55,12,43,42,12,30,66,10,56
3,90,30,60,42,14,28,48,16,32,53,21,32,37,9,28
1,76,20,56,36,8,28,40,12,28,40,12,28,36,8,28
0,104,48,56,50,22,28,54,26,28,53,25,28,44,16,28
4,112,54,58,57,28,29,55,26,29,64,34,30,46,18,28
0,102,46,56,50,22,28,52,24,28,59,31,28,43,15,28
2,124,44,80,63,22,41,61,22,39,52,22,30,72,22,50
4,102,58,44,52,30,22,50,28,22,46,26,20,54,30,24
2,108,44,64,55,22,33,53,22,31,48,22,26,60,22,38
0,102,46,56,50,22,28,52,24,28,59,31,28,43,15,28
2,116,40,76,57,20,37,59,20,39,46,18,28,69,21,48
2,102,40,62,51,20,31,50,20,30,46,18,28,56,22,34
4,106,42,64,50,20,30,56,22,34,47,19,28,58,22,36
0,94,38,56,46,18,28,48,20,28,47,19,28,45,17,28
1,110,24,86,38,10,28,57,14,43,44,14,30,65,9,56
2,144,72,72,73,34,39,71,38,33,88,50,38,55,21,34
3,82,24,58,41,12,29,41,12,29,46,16,30,36,8,28
2,112,44,68,57,22,35,55,22,33,49,21,28,62,22,40
1,114,26,88,54,14,40,52,12,40,46,14,32,68,12,56
0,104,46,58,51,22,29,53,24,29,61,31,30,43,15,28
1,118,32,86,50,16,34,58,16,42,42,14,28,75,17,58
0,124,44,80,62,22,40,62,22,40,64,22,42,60,22,38
4,142,52,90,74,26,48,65,26,39,49,23,26,93,29,64
4,100,42,58,49,20,29,51,22,29,49,21,28,51,21,30
2,106,40,66,53,20,33,53,20,33,45,19,26,60,20,40
0,108,48,60,49,22,27,57,26,31,55,27,28,52,20,32
3,96,36,60,48,18,30,48,18,30,46,14,32,49,21,28
2,108,52,56,54,26,28,54,26,28,51,23,28,57,29,28
4,98,40,58,49,20,29,49,20,29,50,20,30,48,20,28
3,88,32,56,44,16,28,44,16,28,44,16,28,44,16,28
4,100,38,62,49,18,31,51,20,31,51,19,32,49,19,30
1,110,24,86,55,12,43,51,12,39,45,15,30,65,9,56
2,110,44,66,51,20,31,57,24,33,50,20,30,60,24,36
0,120,56,64,61,28,33,59,28,31,53,23,30,57,23,34
0,108,50,58,56,26,30,52,24,28,64,34,30,44,16,28
4,140,56,84,65,28,37,74,28,46,54,22,32,85,33,52
3,80,24,56,37,10,27,43,14,29,42,14,28,38,10,28
0,98,42,56,48,20,28,50,22,28,56,28,28,42,14,28
3,108,40,68,58,22,36,49,18,31,58,22,36,50,18,32
4,104,44,60,52,22,30,52,22,30,50,22,28,54,22,32
4,118,40,78,56,20,36,62,20,42,48,20,28,70,20,50
2,126,52,74,58,24,34,66,28,38,69,29,40,56,22,34
0,108,48,60,55,24,31,53,24,29,64,32,32,44,16,28
0,114,54,60,56,26,30,57,28,29,66,36,30,47,17,30
4,108,52,56,54,26,28,54,26,28,60,32,28,48,20,28
4,94,38,56,52,20,32,42,18,24,45,17,28,49,21,28
0,92,36,56,46,18,28,46,18,28,43,15,28,48,20,28
1,110,20,90,53,10,43,55,10,45,46,12,34,64,8,56
2,152,48,104,74,26,48,78,22,56,54,20,34,97,27,70
1,122,26,96,43,12,31,66,14,52,54,14,40,68,12,56
3,104,46,58,48,20,28,56,26,30,52,24,28,52,22,30
2,106,40,66,50,18,32,55,22,33,49,17,32,57,23,34
3,100,42,58,50,20,30,50,22,28,55,27,28,45,15,30
2,98,40,58,48,20,28,50,20,30,47,19,28,51,21,30
4,112,42,70,54,20,34,58,22,36,48,20,28,64,22,42
0,84,28,56,42,14,28,42,14,28,41,13,28,43,15,28
3,140,46,94,72,22,50,68,24,44,66,22,44,73,23,50
3,116,40,76,57,20,37,59,20,39,64,20,44,52,20,32
0,90,32,58,45,16,29,44,16,28,46,16,30,44,16,28
4,88,32,56,44,16,28,44,16,28,44,16,28,44,16,28
4,140,46,94,66,22,44,74,24,50,50,22,28,90,24,66
3,82,24,58,38,12,26,42,12,30,43,13,30,37,9,28
1,108,20,88,54,10,44,49,10,39,43,11,32,63,7,56
2,108,42,66,52,20,32,56,22,34,49,19,30,59,23,36
4,98,42,56,48,20,28,50,22,28,52,24,28,46,18,28
0,104,46,58,51,22,29,53,24,29,61,31,30,43,15,28
3,88,22,66,42,10,32,45,12,33,49,11,38,39,11,28
3,78,22,56,37,10,27,41,12,29,41,13,28,37,9,28
1,310,102,208,108,30,78,193,72,121,169,59,110,137,39,98
2,120,44,76,61,22,39,58,22,36,49,21,28,70,22,48
3,96,38,58,48,18,30,48,20,28,46,18,28,50,20,30
1,116,24,92,54,12,42,58,12,46,50,14,36,66,10,56
2,102,38,64,47,18,29,55,20,35,46,18,28,56,20,36
3,100,40,60,48,18,30,52,22,30,49,17,32,46,18,28
4,104,40,64,52,20,32,52,20,32,47,19,28,57,21,36
3,126,56,70,61,26,35,64,30,34,70,28,42,54,26,28
2,158,52,106,79,26,53,79,26,53,67,25,42,87,23,64
4,110,54,56,54,26,28,56,28,28,53,25,28,57,29,28
1,116,24,92,58,12,46,55,12,43,50,14,36,66,10,56
2,110,42,68,52,20,32,58,22,36,48,20,28,62,22,40
0,120,58,62,57,28,29,63,30,33,71,37,34,49,21,28
2,106,44,62,48,20,28,58,24,34,49,21,28,57,23,34
0,120,68,52,56,32,24,64,36,28,58,34,24,60,32,28
4,118,48,70,62,26,36,56,22,34,48,20,28,69,27,42
0,102,42,60,50,22,28,51,20,31,59,27,32,43,15,28
1,122,28,94,56,16,40,59,12,47,51,13,38,71,15,56
4,126,40,86,62,20,42,64,20,44,48,20,28,78,20,58
4,142,48,94,65,22,43,75,26,49,48,20,28,94,28,66
3,132,48,84,61,24,37,71,24,47,61,21,40,70,26,44
2,110,44,66,55,22,33,55,22,33,48,20,28,62,24,38
4,102,42,60,50,20,30,52,22,30,48,20,28,53,21,32
0,106,50,56,52,24,28,54,26,28,65,37,28,41,13,28
0,112,54,58,56,26,30,56,28,28,53,25,28,59,29,30
1,112,24,88,56,12,44,44,12,32,47,15,32,65,9,56
1,118,26,92,44,12,32,60,14,46,51,13,38,67,13,54
4,100,42,58,46,18,28,53,24,29,53,23,30,47,19,28
3,92,34,58,45,16,29,47,18,29,44,14,30,43,15,28
4,86,30,56,42,14,28,44,16,28,43,15,28,43,15,28
1,118,24,94,44,12,32,59,12,47,51,13,38,67,11,56
1,114,26,88,41,12,29,58,14,44,46,14,32,68,12,56
2,102,44,58,51,22,29,51,22,29,50,22,28,52,22,30
2,110,46,64,56,24,32,54,22,32,52,26,26,57,19,38
1,114,26,88,49,12,37,58,14,44,46,14,32,67,11,56
2,92,36,56,46,18,28,46,18,28,45,17,28,47,19,28
2,112,40,72,56,20,36,56,20,36,48,20,28,64,20,44
0,106,50,56,52,24,28,54,26,28,63,35,28,43,15,28
2,106,48,58,53,24,29,53,24,29,52,22,30,53,25,28
2,120,44,76,66,22,44,54,22,32,49,21,28,71,23,48
3,90,34,56,47,18,29,43,16,27,50,22,28,40,12,28
1,126,34,92,42,14,28,67,20,47,60,24,36,66,10,56
1,120,38,82,57,20,37,59,18,41,55,27,28,65,11,54
0,104,48,56,52,24,28,52,24,28,62,34,28,41,13,28
0,138,48,90,70,24,46,68,24,44,66,24,42,72,24,48
0,100,44,56,50,22,28,50,22,28,58,30,28,42,14,28
3,98,40,58,49,20,29,49,20,29,48,18,30,49,21,28
3,90,30,60,44,14,30,46,16,30,49,17,32,41,13,28
3,90,32,58,45,16,29,45,16,29,44,14,30,45,17,28
4,120,48,72,68,26,42,52,22,30,48,20,28,72,28,44
0,164,86,78,75,38,37,87,48,39,117,67,50,47,19,28
3,104,42,62,49,20,29,55,22,33,55,23,32,49,19,30
0,104,48,56,50,22,28,54,26,28,59,31,28,45,17,28
4,138,56,82,70,28,42,68,28,40,58,24,34,78,30,48
0,114,54,60,58,28,30,56,26,30,64,32,32,50,22,28
1,112,22,90,38,10,28,57,12,45,46,12,34,65,9,56
0,100,44,56,50,22,28,50,22,28,58,30,28,42,14,28
2,154,48,106,76,24,52,76,24,52,63,23,40,91,25,66
2,104,42,62,51,20,31,53,22,31,48,20,28,56,22,34
1,118,24,94,40,12,28,59,12,47,52,14,38,66,10,56
1,80,24,56,40,12,28,40,12,28,42,14,28,38,10,28
3,100,42,58,48,20,28,51,22,29,53,23,30,47,19,28
2,140,46,94,76,24,52,64,22,42,69,23,46,70,22,48
0,120,52,68,57,26,31,63,26,37,62,24,38,52,22,30
0,122,58,64,59,28,31,62,30,32,74,38,36,48,20,28
1,102,44,58,51,22,29,51,22,29,45,17,28,56,26,30
0,86,30,56,44,16,28,42,14,28,42,14,28,44,16,28
0,138,70,68,71,36,35,64,34,30,83,45,38,52,22,30
0,106,50,56,54,26,28,52,24,28,55,27,28,47,19,28
1,112,22,90,49,10,39,57,12,45,46,12,34,66,10,56
2,112,44,68,57,22,35,55,22,33,50,20,30,61,23,38
2,110,42,68,60,22,38,50,20,30,48,20,28,62,22,40
2,146,48,98,69,22,47,76,26,50,54,22,32,90,24,66
4,112,56,56,56,28,28,56,28,28,55,27,28,57,29,28
3,80,24,56,40,12,28,40,12,28,38,10,28,42,14,28
1,118,26,92,58,14,44,58,12,46,50,14,36,67,11,56
0,96,40,56,48,20,28,48,20,28,56,28,28,40,12,28
4,104,46,58,51,22,29,53,24,29,59,29,30,45,17,28
0,130,62,68,64,30,34,66,32,34,86,46,40,44,16,28
1,108,22,86,39,10,29,55,12,43,44,14,30,64,8,56
1,110,20,90,55,10,45,40,10,30,45,11,34,65,9,56
4,122,56,66,62,28,34,58,28,30,70,36,34,51,19,32
4,106,48,58,53,24,29,53,24,29,50,20,30,56,28,28
0,88,28,60,40,12,28,46,16,30,45,13,32,43,15,28
2,106,44,62,58,24,34,48,20,28,56,24,32,50,20,30
0,106,48,58,50,22,28,56,26,30,62,32,30,44,16,28
2,104,44,60,52,22,30,52,22,30,48,20,28,56,24,32
4,92,34,58,45,16,29,47,18,29,51,21,30,41,13,28
0,136,64,72,65,30,35,70,34,36,92,48,44,43,15,28
2,94,36,58,47,18,29,47,18,29,46,18,28,48,18,30
4,106,42,64,52,20,32,54,22,32,49,21,28,57,21,36
0,102,44,58,50,22,28,52,22,30,58,28,30,43,15,28
4,126,50,76,57,24,33,64,26,38,73,25,48,53,25,28
2,122,48,74,63,24,39,59,24,35,50,22,28,72,26,46
1,110,20,90,38,10,28,55,10,45,45,11,34,65,9,56
3,100,36,64,46,16,30,53,20,33,57,23,34,42,12,30
3,96,36,60,45,16,29,50,20,30,49,17,32,47,19,28
1,118,24,94,53,10,43,61,14,47,53,15,38,65,9,56
3,86,26,60,42,12,30,44,14,30,46,14,32,39,11,28
4,110,50,60,52,24,28,58,26,32,62,32,30,47,17,30
0,104,48,56,52,24,28,52,24,28,60,32,28,44,16,28
3,104,50,54,51,24,27,53,26,27,47,21,26,57,29,28
4,106,50,56,52,24,28,54,26,28,61,33,28,44,16,28
1,100,20,80,50,10,40,47,10,37,40,12,28,60,8,52
1,108,22,86,38,10,28,55,12,43,42,12,30,66,10,56
2,114,52,62,54,24,30,59,28,31,55,25,30,59,27,32
0,102,46,56,50,22,28,52,24,28,61,33,28,41,13,28
4,106,44,62,54,22,32,52,22,30,48,20,28,57,23,34
2,90,32,58,42,14,28,48,18,30,44,16,28,46,16,30
4,114,54,60,55,26,29,58,28,30,60,28,32,52,24,28
1,104,22,82,48,10,38,53,12,41,39,11,28,65,11,54
1,78,22,56,38,10,28,40,12,28,42,14,28,35,7,28
1,118,24,94,49,10,39,61,14,47,52,14,38,66,10,56
3,92,34,58,45,16,29,47,18,29,53,23,30,39,11,28
1,106,22,84,38,10,28,54,12,42,43,13,30,62,8,54
3,156,92,64,80,44,36,76,48,28,80,46,34,76,46,30
4,116,52,64,55,24,31,60,28,32,52,20,32,64,32,32
0,102,46,56,50,22,28,52,24,28,60,32,28,42,14,28
0,92,36,56,44,16,28,48,20,28,48,20,28,44,16,28
0,110,52,58,55,26,29,55,26,29,62,32,30,48,20,28
2,108,48,60,50,22,28,58,26,32,55,25,30,53,23,30
4,110,44,66,55,22,33,55,22,33,46,20,26,64,24,40
4,110,50,60,54,24,30,56,26,30,63,31,32,47,19,28
4,96,40,56,48,20,28,48,20,28,53,25,28,43,15,28
1,116,24,92,45,12,33,58,12,46,50,14,36,66,10,56
1,118,26,92,38,10,28,67,16,51,48,12,36,70,14,56
2,240,142,98,119,72,47,121,70,51,67,27,40,172,114,58
0,104,48,56,52,24,28,52,24,28,62,34,28,42,14,28
3,110,50,60,52,24,28,58,26,32,54,22,32,48,20,28
3,88,30,58,43,14,29,44,16,28,42,14,28,45,15,30
4,96,38,58,45,16,29,51,22,29,49,19,30,47,19,28
2,166,50,116,80,24,56,86,26,60,66,24,42,99,25,74
0,118,60,58,59,30,29,59,30,29,73,43,30,45,17,28
3,84,26,58,41,12,29,43,14,29,47,17,30,37,9,28
0,154,60,94,79,28,51,75,32,43,59,25,34,95,35,60
0,126,66,60,59,32,27,66,34,32,59,29,30,62,32,30
1,114,24,90,39,10,29,59,14,45,47,13,34,66,10,56
2,100,38,62,49,18,31,51,20,31,47,19,28,53,19,34
3,102,38,64,51,20,31,51,18,33,59,23,36,43,15,28
2,118,54,64,54,24,30,63,30,33,65,29,36,52,24,28
1,116,24,92,51,10,41,60,14,46,50,14,36,65,9,56
0,86,28,58,40,12,28,46,16,30,43,13,30,43,15,28
0,106,48,58,50,22,28,56,26,30,62,32,30,44,16,28
1,108,28,80,38,10,28,58,18,40,46,14,32,62,14,48
2,106,42,64,52,20,32,54,22,32,51,21,30,55,21,34
1,120,28,92,54,12,42,62,16,46,50,14,36,70,14,56
3,94,32,62,45,14,31,49,18,31,51,17,34,43,15,28
2,146,50,96,75,26,49,71,24,47,58,22,36,88,28,60
0,142,48,94,70,24,46,72,24,48,64,24,40,78,24,54
2,106,44,62,54,22,32,52,22,30,48,20,28,58,24,34
2,110,44,66,59,22,37,51,22,29,47,21,26,63,23,40
3,92,36,56,46,18,28,46,18,28,50,22,28,42,14,28
3,134,62,72,67,32,35,67,30,37,56,26,30,76,34,42
3,84,22,62,43,12,31,41,10,31,43,9,34,40,12,28
0,204,92,112,112,50,62,90,42,48,114,52,62,88,38,50
1,98,18,80,36,8,28,50,10,40,37,9,28,61,9,52
1,118,24,94,53,12,41,59,12,47,52,14,38,66,10,56
4,106,44,62,52,22,30,54,22,32,48,20,28,57,23,34
2,110,60,50,54,30,24,56,30,26,50,26,24,60,34,26
3,86,28,58,45,14,31,41,14,27,40,12,28,46,16,30
3,84,28,56,40,12,28,44,16,28,46,18,28,38,10,28
1,108,24,84,51,12,39,54,12,42,42,14,28,65,9,56
1,74,20,54,37,10,27,37,10,27,37,11,26,37,9,28
2,158,70,88,67,28,39,91,42,49,79,39,40,79,31,48
0,102,44,58,51,22,29,51,22,29,60,30,30,42,14,28
3,104,32,72,43,16,27,61,16,45,58,16,42,44,14,30
2,110,46,64,58,24,34,52,22,30,49,21,28,60,24,36
4,96,40,56,48,20,28,48,20,28,47,19,28,48,20,28
2,142,46,96,71,22,49,71,24,47,51,21,30,90,24,66
0,140,70,70,78,40,38,60,30,30,79,43,36,56,22,34
2,116,50,66,53,22,31,62,28,34,55,23,32,60,26,34
1,118,22,96,54,10,44,60,12,48,54,14,40,64,8,56
2,116,40,76,61,20,41,55,20,35,47,19,28,68,20,48
3,84,24,60,40,10,30,44,14,30,39,11,28,44,12,32
4,122,60,62,61,30,31,61,30,31,71,37,34,50,22,28
1,112,22,90,45,10,35,57,12,45,46,12,34,66,10,56
1,118,22,96,52,10,42,60,12,48,52,12,40,64,8,56
1,130,30,100,46,12,34,72,18,54,62,18,44,68,12,56
2,122,66,56,64,36,28,56,30,26,44,24,20,78,42,36
0,110,50,60,50,22,28,60,28,32,66,34,32,44,16,28
0,144,54,90,73,26,47,71,28,43,52,22,30,91,31,60
3,82,24,58,41,12,29,41,12,29,42,12,30,40,12,28
1,146,34,112,68,14,54,74,20,54,76,22,54,69,11,58
4,116,60,56,58,30,28,58,30,28,54,28,26,62,32,30
2,132,64,68,67,30,37,65,34,31,69,39,30,62,24,38
4,134,46,88,66,22,44,67,24,43,53,23,30,80,22,58
2,108,46,62,53,22,31,55,24,31,46,20,26,62,26,36
4,146,76,70,73,38,35,73,38,35,55,23,32,91,53,38
1,114,20,94,49,10,39,57,10,47,51,13,38,63,7,56
1,76,20,56,38,10,28,38,10,28,40,12,28,34,6,28
4,94,34,60,46,16,30,48,18,30,45,17,28,49,17,32
2,148,66,82,56,22,34,91,44,47,67,31,36,80,34,46
4,90,30,60,44,14,30,44,16,28,42,14,28,47,15,32
1,116,30,86,49,18,31,54,12,42,51,19,32,65,11,54
2,104,42,62,53,22,31,50,20,30,50,22,28,54,20,34
3,94,38,56,46,18,28,48,20,28,45,17,28,49,21,28
0,100,44,56,50,22,28,50,22,28,58,30,28,42,14,28
4,104,40,64,49,18,31,55,22,33,47,17,30,57,23,34
0,98,32,66,49,16,33,49,16,33,55,17,38,43,15,28
2,116,40,76,56,20,36,59,20,39,49,19,30,66,20,46
0,192,82,110,93,38,55,98,44,54,118,52,66,74,30,44
3,220,110,110,131,68,63,82,42,40,91,47,44,126,60,66
4,96,40,56,48,20,28,48,20,28,48,20,28,48,20,28
2,120,42,78,66,22,44,54,20,34,48,20,28,71,21,50
4,92,34,58,44,16,28,47,18,29,45,15,30,47,19,28
3,134,42,92,68,20,48,66,22,44,74,22,52,60,20,40
4,126,52,74,63,26,37,63,26,37,49,21,28,75,29,46
3,94,36,58,45,16,29,49,20,29,51,21,30,41,13,28
1,122,28,94,49,14,35,62,14,48,48,12,36,74,16,58
2,110,44,66,56,22,34,54,22,32,50,20,30,59,23,36
4,108,44,64,54,22,32,54,22,32,48,20,28,59,23,36
2,194,92,102,101,48,53,89,44,45,115,55,60,76,34,42
1,126,32,94,55,16,39,63,16,47,53,15,38,72,16,56
0,98,44,54,51,24,27,47,20,27,47,21,26,45,17,28
3,108,32,76,53,16,37,55,16,39,46,16,30,62,16,46
2,120,42,78,60,22,38,60,20,40,47,19,28,73,23,50
3,86,24,62,41,10,31,45,14,31,44,10,34,42,14,28
2,112,44,68,60,24,36,52,20,32,56,22,34,56,22,34
3,100,36,64,48,18,30,50,18,32,46,16,30,54,20,34
3,92,36,56,46,18,28,46,18,28,51,23,28,41,13,28
4,142,42,100,74,22,52,68,20,48,48,20,28,94,22,72
1,84,26,58,40,12,28,43,14,29,40,12,28,44,14,30
3,82,18,64,40,8,32,42,10,32,45,9,36,37,9,28
4,118,54,64,57,26,31,61,28,33,59,25,34,58,28,30
0,128,64,64,64,32,32,62,32,30,71,39,32,56,24,32
3,106,30,76,41,14,27,65,16,49,54,14,40,52,16,36
0,210,104,106,112,54,58,98,50,48,153,75,78,49,21,28
4,122,56,66,63,30,33,59,26,33,71,33,38,47,19,28
3,98,40,58,47,18,29,51,22,29,58,28,30,40,12,28
3,84,28,56,40,12,28,44,16,28,39,11,28,44,16,28
3,98,40,58,49,20,29,49,20,29,48,18,30,50,22,28
3,128,60,68,64,30,34,64,30,34,66,28,38,56,26,30
3,138,66,72,61,28,33,75,38,37,70,30,40,68,36,32
3,170,62,108,79,30,49,87,32,55,90,30,60,77,29,48
4,124,48,76,62,24,38,62,24,38,50,20,30,74,28,46
4,100,46,54,51,24,27,49,22,27,58,30,28,41,15,26
1,126,36,90,58,18,40,62,18,44,47,15,32,79,21,58
1,112,22,90,39,10,29,57,12,45,48,14,34,64,8,56
1,94,34,60,45,16,29,48,18,30,43,15,28,51,19,32
4,124,60,64,66,32,34,58,28,30,54,24,30,70,36,34
3,88,34,54,43,16,27,45,18,27,43,17,26,41,13,28
3,94,28,66,44,12,32,50,16,34,42,12,30,52,16,36
2,158,54,104,78,26,52,80,28,52,56,26,30,102,28,74
0,104,48,56,52,24,28,52,24,28,61,33,28,43,15,28
3,108,36,72,55,18,37,52,18,34,62,20,42,46,16,30
1,118,28,90,59,14,45,55,14,41,49,15,34,69,13,56
0,122,56,66,56,26,30,66,30,36,76,38,38,46,18,28
4,102,46,56,50,22,28,52,24,28,51,23,28,44,16,28
1,124,30,94,47,12,35,68,18,50,54,16,38,70,14,56
3,108,44,64,50,20,30,56,24,32,48,18,30,59,25,34
4,110,40,70,55,20,35,55,20,35,62,20,42,48,20,28
2,110,42,68,57,22,35,53,20,33,48,20,28,62,22,40
2,158,56,102,86,30,56,72,26,46,60,26,34,97,29,68
0,180,76,104,96,42,54,83,34,49,104,46,58,73,27,46
3,156,88,68,74,42,32,81,46,35,66,32,34,90,56,34
3,78,22,56,41,12,29,37,10,27,39,11,28,38,10,28
4,116,58,58,57,28,29,59,30,29,59,29,30,57,29,28
4,104,48,56,52,24,28,52,24,28,60,32,28,44,16,28
0,124,48,76,61,24,37,60,24,36,73,27,46,51,21,30
4,102,38,64,47,18,29,52,20,32,54,18,36,48,20,28
2,98,40,58,48,20,28,50,20,30,48,20,28,50,20,30
0,84,28,56,42,14,28,42,14,28,40,12,28,43,15,28
3,112,40,72,58,20,38,54,20,34,63,21,42,49,19,30
0,94,28,66,47,14,33,42,14,28,50,12,38,44,16,28
0,106,50,56,52,24,28,54,26,28,59,31,28,47,19,28
3,108,28,80,63,14,49,44,14,30,51,13,38,57,15,42
1,106,22,84,39,10,29,54,12,42,41,13,28,64,8,56
4,124,48,76,62,24,38,62,24,38,62,26,36,62,22,40
0,100,44,56,50,22,28,50,22,28,55,27,28,45,17,28
1,106,28,78,43,14,29,53,14,39,40,12,28,66,16,50
3,78,18,60,38,8,30,39,10,29,42,10,32,36,8,28
3,116,50,66,58,24,34,58,26,32,54,24,30,61,25,36
4,148,48,100,72,24,48,76,24,52,50,22,28,97,25,72
4,108,56,52,54,28,26,54,28,26,48,22,26,59,33,26
2,116,44,72,60,22,38,56,22,34,50,20,30,66,24,42
3,94,36,58,47,18,29,47,18,29,46,16,30,47,19,28
2,106,44,62,52,22,30,54,22,32,48,20,28,58,24,34
3,110,36,74,55,18,37,55,18,37,66,20,46,44,16,28
0,96,40,56,48,20,28,48,20,28,55,27,28,41,13,28
1,110,26,84,40,12,28,56,14,42,39,11,28,70,14,56
3,84,28,56,40,12,28,44,16,28,41,13,28,43,15,28
4,118,46,72,60,22,38,58,24,34,47,19,28,70,26,44
2,110,40,70,52,20,32,58,20,38,47,19,28,63,21,42
2,116,40,76,59,20,39,57,20,37,46,18,28,70,22,48
0,102,46,56,50,22,28,52,24,28,59,31,28,43,15,28
4,136,48,88,68,24,44,68,24,44,53,21,32,81,25,56
1,116,26,90,40,12,28,59,14,45,49,15,34,67,11,56
4,100,42,58,49,20,29,51,22,29,49,19,30,50,22,28
2,144,52,92,60,22,38,84,30,54,75,27,48,68,24,44
2,100,40,60,50,20,30,50,20,30,48,20,28,52,20,32
3,96,36,60,46,18,28,50,18,32,50,18,32,46,18,28
1,110,22,88,38,10,28,56,12,44,46,14,32,64,8,56
4,102,42,60,50,20,30,52,22,30,47,19,28,55,23,32
0,106,48,58,53,24,29,53,24,29,63,33,30,43,15,28
3,90,34,56,44,16,28,46,18,28,53,25,28,37,9,28
4,112,58,54,55,28,27,57,30,27,61,33,28,51,25,26
3,96,40,56,46,18,28,50,22,28,50,22,28,46,18,28
3,86,28,58,41,12,29,45,16,29,42,12,30,44,16,28
3,92,34,58,46,16,30,46,18,28,45,17,28,47,17,30
0,132,64,68,77,38,39,55,26,29,78,38,40,49,21,28
3,126,50,76,62,24,38,63,26,37,83,35,48,43,15,28
3,100,44,56,50,22,28,50,22,28,55,27,28,43,15,28
2,98,40,58,50,20,30,48,20,28,48,20,28,50,20,30
2,110,42,68,55,22,33,55,20,35,48,20,28,62,22,40
2,116,40,76,58,20,38,58,20,38,48,20,28,68,20,48
3,108,54,54,53,26,27,55,28,27,55,29,26,52,24,28
4,104,44,60,52,22,30,52,22,30,48,20,28,56,24,32
3,96,38,58,47,18,29,49,20,29,53,23,30,43,15,28
1,122,24,98,55,12,43,61,12,49,55,13,42,65,9,56
0,100,44,56,48,20,28,52,24,28,58,30,28,42,14,28
3,90,32,58,45,16,29,45,16,29,48,18,30,42,14,28
4,140,40,100,72,20,52,68,20,48,47,19,28,93,21,72
4,94,36,58,49,20,29,45,16,29,48,18,30,46,18,28
4,122,60,62,61,30,31,61,30,31,54,24,30,67,35,32
0,98,40,58,49,20,29,48,20,28,54,24,30,44,16,28
0,152,62,90,77,30,47,75,32,43,71,35,36,81,27,54
3,84,22,62,41,10,31,43,12,31,44,10,34,40,12,28
0,112,50,62,56,24,32,56,26,30,69,35,34,43,15,28
2,110,44,66,57,22,35,53,22,31,48,20,28,61,23,38
1,118,26,92,43,12,31,60,14,46,49,13,36,69,13,56
2,124,46,78,66,24,42,58,22,36,53,21,32,70,24,46
0,110,42,68,53,20,33,52,22,30,62,22,40,48,20,28
1,120,24,96,59,12,47,60,12,48,56,16,40,64,8,56
1,98,22,76,37,10,27,50,12,38,39,11,28,58,10,48
1,114,26,88,45,14,31,56,12,44,47,15,32,67,11,56
1,104,22,82,42,10,32,53,12,41,39,11,28,65,11,54
0,106,50,56,52,24,28,54,26,28,59,31,28,46,18,28
0,162,74,88,74,36,38,88,38,50,110,54,56,50,18,32
4,126,60,66,61,30,31,65,30,35,46,22,24,80,38,42
4,102,44,58,51,22,29,51,22,29,56,26,30,46,18,28
3,112,40,72,61,20,41,51,20,31,52,18,34,60,22,38
2,106,38,68,53,18,35,53,20,33,43,17,26,62,20,42
2,114,46,68,60,24,36,53,22,31,52,22,30,62,24,38
4,110,52,58,55,26,29,55,26,29,64,34,30,46,18,28
2,170,60,110,70,26,44,97,34,63,75,33,42,94,26,68
4,110,52,58,52,24,28,58,28,30,63,33,30,46,18,28
3,204,92,112,90,42,48,109,50,59,89,35,54,110,52,58
0,110,56,54,55,28,27,55,28,27,50,24,26,60,32,28
1,108,22,86,39,10,29,55,12,43,43,13,30,65,9,56
2,126,46,80,67,24,43,59,22,37,47,21,26,79,25,54
0,108,56,52,54,28,26,54,28,26,57,31,26,47,21,26
1,124,28,96,42,12,30,64,16,48,60,20,40,64,8,56
2,130,48,82,66,22,44,64,26,38,54,22,32,75,25,50
4,94,38,56,46,18,28,48,20,28,47,19,28,47,19,28
2,132,46,86,64,22,42,68,24,44,59,23,36,72,22,50
1,108,26,82,44,12,32,56,14,42,47,13,34,60,12,48
3,108,36,72,53,16,37,55,20,35,61,19,42,47,17,30
3,80,22,58,39,10,29,41,12,29,39,9,30,39,11,28
2,114,48,66,53,22,31,61,26,35,59,25,34,54,22,32
3,98,40,58,49,20,29,49,20,29,54,24,30,43,15,28
0,98,42,56,47,20,27,51,22,29,57,29,28,41,13,28
3,94,30,64,44,14,30,49,16,33,44,14,30,50,16,34
3,106,40,66,50,18,32,55,22,33,54,18,36,50,20,30
0,104,46,58,51,22,29,53,24,29,60,30,30,44,16,28
4,116,44,72,52,20,32,64,24,40,47,19,28,68,24,44
1,122,30,92,57,16,41,58,14,44,58,22,36,63,7,56
4,306,136,170,143,64,79,158,72,86,161,69,92,140,62,78
0,256,130,126,114,50,64,136,80,56,145,73,72,110,56,54
1,128,32,96,53,16,37,65,16,49,56,16,40,72,16,56
4,124,48,76,65,24,41,59,24,35,48,22,26,76,26,50
3,110,32,78,45,16,29,64,16,48,56,16,40,54,16,38
1,104,22,82,38,10,28,53,12,41,47,11,36,57,11,46
0,112,52,60,56,26,30,56,26,30,64,32,32,48,20,28
3,100,36,64,46,16,30,54,20,34,59,23,36,41,13,28
0,98,42,56,48,20,28,50,22,28,56,28,28,42,14,28
3,120,66,54,59,32,27,61,34,27,50,26,24,69,39,30
0,108,50,58,50,22,28,58,28,30,64,34,30,43,15,28
2,104,40,64,52,20,32,52,20,32,48,20,28,56,20,36
0,102,46,56,50,22,28,52,24,28,57,29,28,45,17,28
3,98,40,58,49,20,29,49,20,29,50,22,28,47,17,30
4,110,52,58,55,26,29,55,26,29,58,30,28,49,19,30
1,114,26,88,44,12,32,59,14,45,46,14,32,68,12,56
4,104,44,60,51,22,29,53,22,31,54,22,32,50,22,28
3,80,24,56,40,12,28,40,12,28,36,8,28,44,16,28
2,138,38,100,68,18,50,70,20,50,47,19,28,91,19,72
2,114,42,72,61,22,39,53,20,33,50,20,30,64,22,42
0,116,54,62,62,28,34,54,26,28,67,35,32,49,19,30
1,108,20,88,46,10,36,54,10,44,45,13,32,63,7,56
4,96,38,58,47,18,29,49,20,29,55,25,30,41,13,28
0,106,48,58,53,24,29,53,24,29,61,31,30,45,17,28
0,106,48,58,50,22,28,55,26,29,63,33,30,43,15,28
4,102,36,66,49,16,33,53,20,33,54,16,38,48,20,28
3,84,26,58,41,12,29,43,14,29,46,16,30,38,10,28
3,102,40,62,50,20,30,52,20,32,55,21,34,47,19,28
0,104,48,56,55,26,29,49,22,27,61,33,28,43,15,28
2,106,44,62,54,22,32,52,22,30,49,21,28,57,23,34
4,132,56,76,58,24,34,72,32,40,52,22,30,79,33,46
4,108,42,66,51,20,31,57,22,35,46,20,26,61,21,40
3,106,46,60,51,22,29,55,24,31,62,30,32,44,16,28
1,96,30,66,52,14,38,44,16,28,43,15,28,53,15,38
0,102,46,56,50,22,28,52,24,28,61,33,28,41,13,28
2,102,40,62,51,20,31,51,20,31,47,19,28,54,20,34
2,116,38,78,61,18,43,55,20,35,45,19,26,71,19,52
2,116,42,74,59,22,37,57,20,37,47,21,26,69,21,48
3,102,40,62,50,20,30,51,20,31,51,21,30,51,19,32
4,120,40,80,60,20,40,60,20,40,48,20,28,72,20,52
3,92,36,56,45,18,27,46,18,28,47,19,28,44,16,28
0,88,22,66,43,10,33,45,12,33,47,9,38,40,12,28
0,108,50,58,53,24,29,55,26,29,66,36,30,42,14,28
0,100,44,56,48,20,28,52,24,28,57,29,28,43,15,28
4,124,42,82,64,20,44,60,22,38,49,21,28,75,21,54
3,96,34,62,50,18,32,46,16,30,54,20,34,42,14,28
3,108,50,58,49,22,27,57,28,29,48,22,26,59,27,32
1,112,22,90,39,10,29,57,12,45,47,13,34,65,9,56
2,136,56,80,69,28,41,67,28,39,66,28,38,70,28,42
3,96,36,60,48,18,30,48,18,30,54,22,32,41,13,28
0,110,52,58,55,26,29,55,26,29,64,34,30,46,18,28
0,84,28,56,40,12,28,44,16,28,42,14,28,42,14,28
2,112,50,62,57,26,31,55,24,31,58,26,32,53,23,30
4,110,52,58,50,22,28,59,30,29,56,24,32,53,27,26
4,100,44,56,50,22,28,50,22,28,50,22,28,50,22,28
1,110,20,90,55,10,45,43,10,33,47,13,34,63,7,56
1,118,22,96,49,10,39,60,12,48,54,14,40,64,8,56
3,154,78,76,76,38,38,77,40,37,73,37,36,79,39,40
4,160,74,86,87,38,49,73,36,37,75,39,36,84,34,50
2,144,52,92,64,24,40,79,28,51,92,30,62,52,22,30
1,82,22,60,39,10,29,41,12,29,43,13,30,39,9,30
0,100,40,60,45,16,29,55,24,31,55,23,32,44,16,28
1,122,30,92,58,16,42,60,14,46,51,15,36,70,14,56
3,80,20,60,40,10,30,39,10,29,44,12,32,36,8,28
2,184,82,102,84,40,44,100,42,58,103,49,54,81,33,48
4,108,52,56,54,26,28,54,26,28,55,27,28,51,23,28
3,128,62,66,68,32,36,60,30,30,58,28,30,70,34,36
0,120,56,64,64,30,34,56,26,30,70,36,34,49,19,30
3,86,30,56,44,16,28,42,14,28,44,16,28,42,14,28
0,116,60,56,58,30,28,58,30,28,63,35,28,51,23,28
2,106,42,64,55,22,33,51,20,31,46,20,26,60,22,38
1,118,28,90,56,16,40,55,12,43,50,16,34,68,12,56
2,118,44,74,55,20,35,61,24,37,56,24,32,62,20,42
1,80,22,58,38,10,28,41,12,29,37,9,28,43,13,30
3,146,78,68,62,30,32,81,48,33,98,58,40,46,18,28
0,120,64,56,59,32,27,61,32,29,73,43,30,47,21,26
2,104,40,64,53,20,33,51,20,31,50,20,30,54,20,34
1,116,24,92,58,12,46,41,12,29,51,15,36,65,9,56
4,158,72,86,73,34,39,83,38,45,102,44,58,55,27,28
1,114,22,92,39,10,29,58,12,46,50,14,36,64,8,56
4,124,50,74,63,26,37,61,24,37,57,27,30,66,22,44
4,114,52,62,60,26,34,54,26,28,50,22,28,64,30,34
0,116,64,52,56,32,24,60,32,28,63,33,30,52,30,22
3,96,38,58,49,20,29,47,18,29,48,18,30,48,20,28
2,138,40,98,87,22,65,51,18,33,52,20,32,86,20,66
0,98,42,56,48,20,28,50,22,28,54,26,28,43,15,28
0,166,82,84,79,38,41,87,44,43,78,44,34,83,33,50
4,148,50,98,74,26,48,74,24,50,50,22,28,98,28,70
0,92,34,58,45,16,29,47,18,29,45,15,30,47,19,28
1,114,22,92,38,10,28,62,12,50,49,13,36,64,8,56
1,106,24,82,37,8,29,58,16,42,53,13,40,53,11,42
4,366,148,218,175,70,105,186,78,108,143,65,78,220,80,140
1,116,22,94,38,10,28,59,12,47,52,14,38,64,8,56
1,108,24,84,47,12,35,54,12,42,40,12,28,67,11,56
2,114,44,70,56,22,34,58,22,36,48,20,28,66,24,42
2,106,42,64,53,20,33,53,22,31,51,21,30,55,21,34
0,114,52,62,58,26,32,56,26,30,66,32,34,48,20,28
2,102,42,60,49,20,29,53,22,31,48,20,28,54,22,32
4,120,44,76,60,22,38,60,22,38,46,18,28,74,26,48
0,148,72,76,73,36,37,74,36,38,105,57,48,43,15,28
4,106,48,58,54,24,30,52,24,28,48,20,28,51,21,30
4,126,44,82,58,22,36,68,22,46,45,19,26,80,24,56
1,120,24,96,42,12,30,61,12,49,52,12,40,68,12,56
2,108,42,66,52,20,32,55,22,33,51,21,30,57,21,36
3,82,24,58,41,12,29,41,12,29,42,12,30,40,12,28
4,100,40,60,50,20,30,50,20,30,48,20,28,52,20,32
3,92,32,60,46,16,30,46,16,30,42,14,28,49,17,32
4,104,42,62,50,20,30,54,22,32,47,19,28,57,23,34
0,96,38,58,47,18,29,49,20,29,51,21,30,44,16,28
1,118,28,90,54,14,40,59,14,45,49,15,34,69,13,56
3,88,30,58,43,14,29,45,16,29,51,21,30,37,9,28
4,318,194,124,160,94,66,158,100,58,168,110,58,146,80,66
0,86,28,58,43,14,29,43,14,29,45,15,30,41,13,28
2,148,56,92,71,32,39,74,24,50,66,28,38,80,26,54
0,154,48,106,75,22,53,79,26,53,49,21,28,101,23,78
3,146,58,88,68,28,40,74,30,44,96,38,58,50,20,30
1,106,20,86,53,10,43,47,10,37,42,12,30,64,8,56
3,88,34,54,43,16,27,45,18,27,47,21,26,40,12,28
1,124,28,96,42,12,30,64,16,48,55,15,40,69,13,56
0,92,32,60,43,14,29,49,18,31,47,15,32,45,17,28
3,104,42,62,49,20,29,55,22,33,52,18,34,46,18,28
3,106,42,64,51,20,31,54,22,32,51,15,36,53,25,28
2,106,42,64,51,20,31,55,22,33,50,20,30,56,22,34
3,94,34,60,45,16,29,48,18,30,43,15,28,51,19,32
1,122,28,94,50,14,36,63,14,49,52,14,38,70,14,56
1,100,24,76,39,10,29,52,14,38,41,11,30,58,12,46
0,106,48,58,52,24,28,53,24,29,61,31,30,44,16,28
1,106,20,86,53,10,43,46,10,36,42,12,30,63,7,56
0,106,38,68,50,16,34,56,22,34,60,20,40,46,18,28
2,134,54,80,67,26,41,67,28,39,60,30,30,74,24,50
0,104,44,60,52,22,30,52,22,30,59,27,32,45,17,28
4,110,54,56,54,26,28,56,28,28,62,34,28,48,20,28
4,146,64,82,57,24,33,85,40,45,87,37,50,57,25,32
0,104,48,56,52,24,28,52,24,28,60,32,28,44,16,28
1,116,24,92,58,12,46,55,12,43,51,15,36,64,8,56
2,106,40,66,53,20,33,53,20,33,48,20,28,58,20,38
3,98,36,62,45,14,31,53,22,31,57,23,34,41,13,28
1,106,24,82,39,10,29,55,14,41,42,12,30,64,12,52
3,142,58,84,66,28,38,75,30,45,74,26,48,67,31,36
3,94,30,64,45,14,31,48,16,32,52,16,36,41,13,28
0,106,50,56,54,26,28,52,24,28,59,31,28,47,19,28
0,90,34,56,44,16,28,46,18,28,43,15,28,47,19,28
0,102,44,58,51,22,29,51,22,29,60,30,30,42,14,28
0,108,46,62,50,22,28,58,24,34,66,32,34,42,14,28
0,98,42,56,47,20,27,51,22,29,50,22,28,48,20,28
3,90,34,56,46,18,28,44,16,28,44,16,28,46,18,28
2,108,42,66,50,20,30,58,22,36,47,21,26,61,21,40
2,98,36,62,51,18,33,47,18,29,45,17,28,52,18,34
0,112,52,60,54,24,30,58,28,30,69,37,32,43,15,28
0,106,48,58,53,24,29,53,24,29,62,32,30,44,16,28
0,96,42,54,47,20,27,49,22,27,57,31,26,39,11,28
4,148,50,98,72,24,48,76,26,50,54,24,30,94,26,68
0,104,48,56,52,24,28,52,24,28,61,33,28,43,15,28
4,146,54,92,81,28,53,64,26,38,68,28,40,77,25,52
0,106,48,58,52,24,28,54,24,30,63,33,30,42,14,28
1,110,22,88,38,10,28,56,12,44,45,13,32,65,9,56
1,118,26,92,49,12,37,60,14,46,54,14,40,64,12,52
4,110,52,58,56,26,30,54,26,28,51,23,28,59,29,30
3,98,40,58,49,20,29,49,20,29,52,22,30,45,17,28
0,106,50,56,50,22,28,56,28,28,61,33,28,45,17,28
2,104,42,62,52,20,32,51,22,29,49,21,28,55,21,34
1,120,28,92,43,12,31,67,16,51,48,12,36,72,16,56
0,100,44,56,50,22,28,50,22,28,58,30,28,42,14,28
2,100,40,60,49,20,29,51,20,31,48,20,28,52,20,32
4,98,44,54,49,22,27,49,22,27,54,28,26,44,16,28
1,112,24,88,56,12,44,54,12,42,45,13,32,66,10,56
3,100,44,56,51,22,29,49,22,27,54,26,28,45,17,28
1,110,20,90,55,10,45,55,10,45,46,12,34,64,8,56
0,98,42,56,48,20,28,50,22,28,56,28,28,42,14,28
1,122,26,96,40,12,28,63,14,49,54,14,40,68,12,56
1,82,26,56,40,12,28,42,14,28,41,13,28,41,13,28
2,108,42,66,53,20,33,55,22,33,47,19,28,60,22,38
3,94,36,58,44,16,28,49,20,29,54,24,30,40,12,28
2,98,40,58,50,20,30,48,20,28,46,18,28,52,22,30
4,104,40,64,51,20,31,52,20,32,59,23,36,45,17,28
0,106,50,56,52,24,28,54,26,28,60,32,28,45,17,28
2,110,44,66,55,22,33,55,22,33,54,22,32,56,22,34
4,230,70,160,111,38,73,115,32,83,124,44,80,106,26,80
0,104,46,58,53,24,29,51,22,29,61,31,30,43,15,28
2,166,48,118,80,22,58,86,26,60,62,24,38,104,24,80
4,124,56,68,59,26,33,65,30,35,59,29,30,64,26,38
1,118,22,96,44,10,34,60,12,48,54,14,40,64,8,56
2,116,42,74,59,20,39,57,22,35,48,20,28,68,22,46
0,104,48,56,52,24,28,52,24,28,62,34,28,42,14,28
1,88,26,62,38,10,28,47,16,31,41,13,28,47,13,34
3,78,22,56,38,10,28,40,12,28,37,9,28,41,13,28
3,82,26,56,40,12,28,42,14,28,41,13,28,41,13,28
2,116,40,76,57,20,37,59,20,39,47,19,28,68,20,48
2,164,56,108,80,28,52,84,28,56,72,24,48,92,32,60
1,106,28,78,52,14,38,49,14,35,46,14,32,60,14,46
3,90,28,62,45,14,31,45,14,31,42,12,30,48,16,32
0,112,54,58,54,26,28,58,28,30,65,35,30,47,19,28
4,100,42,58,49,20,29,51,22,29,51,21,30,49,21,28
1,110,22,88,49,10,39,56,12,44,45,13,32,65,9,56
3,98,40,58,49,20,29,49,20,29,52,22,30,46,18,28
1,118,22,96,45,10,35,60,12,48,52,12,40,66,10,56
4,150,42,108,74,20,54,76,22,54,48,20,28,102,22,80
1,120,26,94,52,12,40,61,14,47,51,13,38,69,13,56
4,110,56,54,55,28,27,55,28,27,51,23,28,59,33,26
4,104,48,56,50,22,28,54,26,28,60,32,28,44,16,28
2,102,42,60,50,20,30,52,22,30,50,20,30,51,21,30
4,104,40,64,55,20,35,49,20,29,46,20,26,58,20,38
2,116,56,60,57,26,31,59,30,29,54,24,30,61,31,30
0,122,52,70,59,26,33,63,26,37,53,23,30,68,28,40
0,100,48,52,50,24,26,50,24,26,57,31,26,43,17,26
3,90,32,58,48,16,32,42,16,26,49,19,30,41,13,28
1,80,22,58,38,10,28,41,12,29,41,13,28,39,9,30
0,110,52,58,52,24,28,58,28,30,64,34,30,46,18,28
4,212,88,124,93,42,51,110,46,64,136,52,84,74,34,40
0,104,48,56,52,24,28,52,24,28,62,34,28,42,14,28
3,124,40,84,70,20,50,54,20,34,51,19,32,71,19,52
3,86,30,56,42,14,28,44,16,28,45,17,28,40,12,28
2,124,40,84,62,20,42,62,20,42,48,20,28,76,20,56
3,106,42,64,53,20,33,53,22,31,59,25,34,47,17,30
0,92,28,64,44,12,32,48,16,32,49,13,36,43,15,28
1,104,22,82,38,10,28,53,12,41,41,13,28,62,8,54
1,130,42,88,60,22,38,62,20,42,47,15,32,81,25,56
0,104,48,56,52,24,28,52,24,28,61,33,28,43,15,28
3,88,32,56,44,16,28,44,16,28,44,16,28,44,16,28
0,134,68,66,60,34,26,73,34,39,61,31,30,72,36,36
0,108,38,70,53,18,35,55,20,35,65,23,42,43,15,28
1,118,26,92,44,14,30,58,12,46,48,12,36,68,12,56
0,110,56,54,55,28,27,55,28,27,54,28,26,56,28,28
2,152,58,94,69,26,43,81,32,49,55,23,32,97,35,62
1,110,22,88,50,10,40,56,12,44,44,12,32,66,10,56
3,82,24,58,40,12,28,42,12,30,44,14,30,38,10,28
1,112,22,90,38,10,28,57,12,45,48,14,34,64,8,56
3,90,36,54,45,18,27,45,18,27,48,22,26,42,14,28
3,94,34,60,44,16,28,50,18,32,50,18,32,44,16,28
0,108,46,62,47,20,27,61,26,35,67,33,34,41,13,28
1,112,24,88,54,12,42,54,12,42,48,12,36,64,12,52
1,126,40,86,63,20,43,62,20,42,49,19,30,76,20,56
3,104,44,60,51,22,29,52,22,30,61,29,32,43,15,28
0,90,32,58,45,16,29,45,16,29,45,15,30,45,17,28
2,180,74,106,88,36,52,91,38,53,106,46,60,73,27,46
3,78,22,56,41,12,29,37,10,27,38,10,28,40,12,28
2,182,72,110,73,28,45,104,44,60,110,48,62,72,24,48
3,80,22,58,39,10,29,41,12,29,42,12,30,38,10,28
3,94,36,58,46,18,28,48,18,30,52,22,30,42,14,28
4,110,44,66,54,22,32,56,22,34,48,20,28,61,23,38
0,96,40,56,48,20,28,48,20,28,56,28,28,40,12,28
1,112,22,90,38,10,28,57,12,45,48,14,34,63,7,56
3,110,48,62,55,24,31,55,24,31,60,26,34,43,15,28
4,106,42,64,53,20,33,53,22,31,48,20,28,58,22,36
1,104,28,76,56,14,42,44,14,30,44,16,28,59,11,48
3,146,58,88,65,26,39,79,32,47,82,34,48,62,22,40
3,136,66,70,69,32,37,67,34,33,63,23,40,64,34,30
1,114,22,92,58,12,46,38,10,28,48,12,36,65,9,56
3,96,36,60,45,16,29,50,20,30,55,23,32,41,13,28
4,180,88,92,102,46,56,78,42,36,106,52,54,71,33,38
0,138,62,76,69,32,37,68,30,38,95,47,48,43,15,28
2,104,44,60,52,22,30,52,22,30,50,22,28,54,22,32
0,162,72,90,79,34,45,82,38,44,101,51,50,58,18,40
2,234,94,140,114,44,70,119,50,69,136,62,74,96,30,66
1,82,24,58,41,12,29,40,12,28,42,14,28,40,10,30
2,112,46,66,55,22,33,57,24,33,51,23,28,61,23,38
3,98,34,64,48,16,32,50,18,32,48,16,32,47,15,32
4,106,50,56,52,24,28,54,26,28,55,27,28,45,17,28
0,102,46,56,50,22,28,52,24,28,61,33,28,41,13,28
1,114,22,92,38,10,28,58,12,46,48,12,36,66,10,56
0,150,74,76,70,36,34,80,38,42,88,48,40,62,26,36
0,112,54,58,55,26,29,57,28,29,63,33,30,49,21,28
3,124,52,72,56,24,32,67,28,39,66,28,38,56,22,34
4,118,60,58,58,30,28,59,30,29,65,35,30,49,21,28
1,104,20,84,52,10,42,38,10,28,39,11,28,64,8,56
4,106,50,56,52,24,28,54,26,28,56,28,28,45,17,28
0,136,70,66,64,32,32,72,38,34,87,45,42,43,19,24
1,120,30,90,61,16,45,56,14,42,49,15,34,69,13,56
2,108,46,62,53,22,31,55,24,31,50,22,28,58,24,34
1,120,26,94,38,10,28,63,16,47,52,14,38,68,12,56
2,118,40,78,59,20,39,59,20,39,48,20,28,70,20,50
0,128,46,82,59,22,37,64,24,40,66,22,44,61,23,38
2,116,48,68,58,24,34,58,24,34,50,22,28,66,26,40
3,106,46,60,50,22,28,55,24,31,57,25,32,48,20,28
2,104,42,62,51,20,31,53,22,31,47,19,28,57,23,34
2,140,46,94,71,22,49,69,24,45,48,20,28,92,26,66
3,88,30,58,43,14,29,45,16,29,45,15,30,43,15,28
1,116,32,84,55,16,39,58,16,42,44,16,28,71,15,56
4,164,72,92,81,36,45,82,36,46,80,36,44,83,35,48
0,110,50,60,53,24,29,56,26,30,65,33,32,45,17,28
4,112,52,60,57,26,31,55,26,29,54,24,30,58,28,30
3,80,24,56,40,12,28,40,12,28,39,11,28,41,13,28
4,108,48,60,54,24,30,54,24,30,64,32,32,44,16,28
2,130,44,86,74,22,52,56,22,34,48,20,28,81,23,58
0,112,52,60,53,24,29,59,28,31,60,28,32,52,24,28
3,106,40,66,55,20,35,51,20,31,48,18,30,57,21,36
0,150,72,78,60,30,30,89,42,47,95,47,48,55,25,30
4,114,54,60,57,26,31,57,28,29,58,26,32,55,27,28
1,94,22,72,38,10,28,48,12,36,41,13,28,53,9,44
3,100,38,62,47,18,29,53,20,33,58,26,32,42,12,30
3,88,24,64,44,12,32,44,12,32,46,10,36,40,12,28
4,108,50,58,55,26,29,52,24,28,64,34,30,41,13,28
0,98,36,62,49,18,31,49,18,31,49,15,34,49,21,28
2,138,48,90,69,24,45,68,24,44,52,22,30,86,26,60
4,110,52,58,55,26,29,55,26,29,52,22,30,58,30,28
4,120,62,58,58,30,28,61,32,29,54,24,30,66,38,28
2,110,34,76,46,18,28,64,16,48,44,16,28,66,18,48
4,118,40,78,58,20,38,60,20,40,48,20,28,70,20,50
3,126,54,72,48,20,28,77,34,43,59,23,36,67,31,36
0,116,54,62,55,26,29,60,28,32,73,39,34,42,14,28
0,168,74,94,85,38,47,83,36,47,118,52,66,50,22,28
0,100,44,56,50,22,28,50,22,28,55,27,28,42,14,28
3,94,38,56,46,18,28,48,20,28,51,23,28,42,14,28
2,110,48,62,54,24,30,56,24,32,51,21,30,59,27,32
0,104,44,60,51,22,29,53,22,31,60,28,32,44,16,28
0,102,48,54,51,24,27,51,24,27,53,27,26,45,17,28
3,92,32,60,46,16,30,45,16,29,48,16,32,43,15,28
4,294,146,148,136,68,68,157,78,79,174,84,90,110,52,58
4,138,42,96,74,22,52,64,20,44,47,19,28,90,22,68
0,108,50,58,53,24,29,55,26,29,63,33,30,45,17,28
1,112,22,90,55,10,45,57,12,45,46,12,34,66,10,56
3,94,38,56,46,18,28,48,20,28,45,17,28,48,20,28
1,118,26,92,46,12,34,65,14,51,50,14,36,68,12,56
3,218,92,126,107,44,63,103,48,55,123,59,64,89,27,62
4,116,46,70,60,24,36,56,22,34,48,20,28,67,25,42
0,100,44,56,50,22,28,50,22,28,58,30,28,42,14,28
4,166,80,86,93,42,51,73,38,35,62,28,34,103,51,52
0,106,50,56,52,24,28,54,26,28,63,35,28,43,15,28
3,100,28,72,49,14,35,50,14,36,62,18,44,37,9,28
1,116,24,92,46,12,34,57,12,45,50,14,36,66,10,56
4,114,46,68,56,22,34,58,24,34,49,21,28,65,25,40
1,116,24,92,49,12,37,58,12,46,49,13,36,66,10,56
0,122,54,68,59,26,33,63,28,35,80,40,40,42,14,28
2,120,50,70,61,26,35,58,24,34,51,21,30,68,28,40
1,94,24,70,37,10,27,49,14,35,41,13,28,53,11,42
3,78,18,60,36,8,28,40,10,30,41,9,32,37,9,28
3,90,32,58,45,16,29,45,16,29,45,15,30,45,17,28
0,116,54,62,61,30,31,54,24,30,63,33,30,53,21,32
2,118,40,78,59,20,39,59,20,39,48,20,28,70,20,50
1,118,22,96,51,10,41,60,12,48,55,15,40,63,7,56
0,108,50,58,53,24,29,55,26,29,65,35,30,43,15,28
4,88,32,56,42,14,28,46,18,28,46,18,28,42,14,28
0,106,34,72,51,16,35,55,18,37,63,19,44,43,15,28
1,80,22,58,38,10,28,41,12,29,39,11,28,41,11,30
1,76,20,56,37,10,27,39,10,29,40,12,28,36,8,28
4,96,40,56,48,20,28,48,20,28,56,28,28,40,12,28
1,120,26,94,60,14,46,59,12,47,53,15,38,67,11,56
4,132,40,92,70,20,50,62,20,42,47,19,28,85,21,64
1,112,22,90,38,10,28,57,12,45,47,13,34,64,8,56
2,210,84,126,90,34,56,120,50,70,107,59,48,102,24,78
4,98,42,56,48,20,28,50,22,28,49,21,28,49,21,28
2,128,40,88,55,20,35,72,20,52,53,21,32,74,18,56
1,124,28,96,48,14,34,62,14,48,56,16,40,68,12,56
4,106,48,58,53,24,29,53,24,29,48,20,28,57,27,30
1,106,20,86,53,10,43,38,10,28,42,12,30,64,8,56
2,132,50,82,70,24,46,62,26,36,49,21,28,83,29,54
2,124,42,82,64,22,42,60,20,40,51,21,30,72,20,52
1,78,20,58,39,10,29,39,10,29,40,12,28,38,8,30
4,144,58,86,71,28,43,72,30,42,55,23,32,88,34,54
3,120,28,92,55,14,41,58,14,44,64,12,52,56,16,40
2,106,50,56,52,24,28,54,26,28,51,23,28,55,27,28
1,118,32,86,57,18,39,56,14,42,45,15,30,71,15,56
4,96,38,58,47,18,29,49,20,29,49,19,30,47,19,28
0,88,32,56,44,16,28,44,16,28,44,16,28,44,16,28
1,114,24,90,52,10,42,59,14,45,47,13,34,66,10,56
2,124,38,86,59,20,39,65,18,47,48,18,30,75,19,56
0,108,50,58,52,24,28,55,26,29,64,34,30,44,16,28
2,140,48,92,68,22,46,72,26,46,64,22,42,75,25,50
1,112,22,90,38,10,28,57,12,45,48,14,34,64,8,56
2,150,58,92,72,28,44,78,30,48,66,28,38,83,29,54
3,96,38,58,47,18,29,49,20,29,50,20,30,46,18,28
4,102,38,64,46,18,28,56,20,36,46,18,28,55,19,36
1,108,22,86,38,10,28,55,12,43,42,12,30,65,9,56
2,94,36,58,47,18,29,47,18,29,45,17,28,49,19,30
2,154,46,108,75,22,53,79,24,55,59,21,38,94,24,70
3,116,40,76,45,16,29,71,24,47,67,21,46,48,18,30
0,120,46,74,62,24,38,58,22,36,48,20,28,71,25,46
1,106,22,84,39,10,29,54,12,42,39,11,28,66,10,56
3,84,26,58,41,12,29,43,14,29,43,13,30,39,11,28
2,168,64,104,87,30,57,81,34,47,56,24,32,108,36,72
4,92,36,56,46,18,28,46,18,28,45,17,28,47,19,28
1,114,22,92,50,10,40,58,12,46,48,12,36,66,10,56
2,108,46,62,55,24,31,53,22,31,53,23,30,54,22,32
1,124,42,82,50,20,30,63,22,41,49,21,28,75,21,54
0,98,42,56,48,20,28,50,22,28,57,29,28,41,13,28
4,106,48,58,49,22,27,57,26,31,56,26,30,44,16,28
1,92,30,62,43,14,29,47,16,31,41,13,28,51,17,34
2,110,48,62,51,22,29,59,26,33,51,21,30,56,24,32
2,150,60,90,97,36,61,53,24,29,82,30,52,68,30,38
1,104,20,84,52,10,42,52,10,42,40,12,28,62,6,56
1,120,24,96,47,12,35,60,12,48,53,13,40,67,11,56
3,96,38,58,48,18,30,48,20,28,55,25,30,40,12,28
4,118,44,74,61,22,39,56,22,34,48,20,28,69,23,46
2,150,42,108,82,22,60,68,20,48,53,21,32,97,21,76
1,118,24,94,59,12,47,43,12,31,53,15,38,65,9,56
1,110,24,86,53,12,41,55,12,43,44,14,30,66,10,56
1,140,40,100,70,18,52,70,22,48,55,21,34,85,19,66
0,104,44,60,52,22,30,52,22,30,57,25,32,46,18,28
4,164,60,104,80,30,50,83,30,53,77,31,46,87,29,58
2,122,40,82,60,20,40,61,20,41,46,18,28,74,20,54
2,124,44,80,71,22,49,53,22,31,50,22,28,74,22,52
1,128,30,98,63,14,49,56,16,40,63,21,42,64,8,56
2,102,40,62,51,20,31,51,20,31,48,20,28,54,20,34
1,84,24,60,41,12,29,42,12,30,45,15,30,39,9,30
1,108,22,86,38,10,28,55,12,43,43,13,30,65,9,56
0,104,46,58,52,24,28,51,22,29,58,28,30,46,18,28
1,114,22,92,38,10,28,58,12,46,50,14,36,64,8,56
0,102,46,56,50,22,28,52,24,28,60,32,28,42,14,28
4,140,76,64,71,38,33,67,38,29,73,39,34,65,35,30
4,128,42,86,64,20,44,64,22,42,48,20,28,80,22,58
4,284,120,164,141,60,81,141,60,81,165,75,90,118,44,74
1,76,20,56,38,10,28,38,10,28,38,10,28,38,10,28
2,132,50,82,61,24,37,66,26,40,82,34,48,48,14,34
2,130,44,86,70,22,48,60,22,38,49,21,28,80,22,58
3,134,52,82,69,26,43,65,26,39,58,22,36,74,28,46
1,78,20,58,39,10,29,36,10,26,38,12,26,40,8,32
2,104,36,68,51,18,33,53,18,35,46,18,28,58,18,40
0,114,56,58,54,26,28,59,30,29,68,38,30,46,18,28
1,116,28,88,58,16,42,44,12,32,54,18,36,62,10,52
2,94,36,58,47,18,29,47,18,29,46,18,28,48,18,30
3,80,24,56,38,10,28,42,14,28,43,15,28,37,9,28
2,176,62,114,91,32,59,85,30,55,59,27,32,116,34,82
3,94,34,60,47,16,31,47,18,29,47,17,30,47,17,30
1,116,30,86,43,14,29,59,16,43,46,16,30,70,14,56
4,160,50,110,74,24,50,86,26,60,56,22,34,102,26,76
4,96,40,56,46,18,28,50,22,28,48,20,28,48,20,28
2,106,44,62,53,22,31,52,22,30,52,22,30,54,22,32
4,102,46,56,50,22,28,52,24,28,61,33,28,41,13,28
4,92,36,56,44,16,28,48,20,28,46,18,28,45,17,28
1,118,28,90,44,12,32,65,16,49,51,13,38,66,14,52
4,150,58,92,84,32,52,66,26,40,61,25,36,88,32,56
4,150,44,106,75,22,53,75,22,53,55,21,34,94,22,72
3,94,34,60,45,16,29,49,18,31,48,16,32,46,18,28
3,82,24,58,41,12,29,41,12,29,45,15,30,37,9,28
3,120,58,62,63,30,33,57,28,29,59,27,32,61,31,30
4,122,58,64,60,28,32,62,30,32,67,31,36,55,27,28
1,118,28,90,59,16,43,57,12,45,49,15,34,69,13,56
4,96,38,58,49,20,29,47,18,29,47,17,30,48,20,28
2,106,44,62,51,22,29,55,22,33,50,22,28,56,22,34
3,92,36,56,44,16,28,48,20,28,43,15,28,47,19,28
2,100,44,56,48,22,26,52,22,30,48,20,28,52,24,28
2,90,34,56,46,18,28,44,16,28,45,17,28,45,17,28
2,132,42,90,70,20,50,62,22,40,50,20,30,82,22,60
0,108,52,56,52,24,28,56,28,28,63,35,28,45,17,28
1,104,20,84,36,8,28,54,12,42,38,10,28,65,9,56
2,116,44,72,62,22,40,54,22,32,55,23,32,61,21,40
3,130,46,84,46,14,32,83,32,51,61,21,40,69,25,44
2,114,44,70,53,20,33,61,24,37,56,24,32,58,20,38
0,100,34,66,48,16,32,51,18,33,55,17,38,45,17,28
1,126,28,98,52,12,40,65,16,49,58,16,42,68,12,56
3,116,38,78,57,18,39,59,20,39,70,22,48,44,14,30
2,168,52,116,86,26,60,80,26,54,65,25,40,102,26,76
3,92,34,58,46,18,28,45,16,29,41,13,28,50,20,30
3,96,36,60,48,18,30,48,18,30,54,22,32,42,14,28
1,120,26,94,40,12,28,61,14,47,54,16,38,66,10,56
1,90,26,64,39,10,29,48,16,32,45,13,32,45,13,32
0,100,44,56,50,22,28,50,22,28,58,30,28,42,14,28
2,102,40,62,51,20,31,51,20,31,50,20,30,52,20,32
0,192,98,94,95,46,49,95,52,43,93,51,42,94,42,52
3,82,24,58,41,12,29,41,12,29,41,11,30,39,11,28
2,162,50,112,83,26,57,79,24,55,58,24,34,104,26,78
4,128,56,72,63,28,35,64,28,36,62,24,38,66,32,34
4,106,46,60,51,22,29,55,24,31,56,24,32,50,22,28
2,150,58,92,74,28,46,76,30,46,51,23,28,97,33,64
2,134,44,90,67,22,45,67,22,45,49,21,28,85,23,62
3,92,34,58,45,16,29,47,18,29,51,21,30,41,13,28
4,110,48,62,54,22,32,56,26,30,49,21,28,61,27,34
2,152,48,104,74,22,52,78,26,52,69,23,46,83,25,58
0,114,56,58,54,26,28,60,30,30,64,34,30,47,19,28
2,118,42,76,62,22,40,56,20,36,46,18,28,70,22,48
2,106,36,70,54,18,36,52,18,34,47,17,30,58,18,40
0,98,40,58,49,20,29,49,20,29,47,17,30,51,23,28
0,122,60,62,61,30,31,61,30,31,74,40,34,46,18,28
1,110,24,86,55,12,43,50,12,38,43,13,30,67,11,56
4,146,42,104,74,20,54,72,22,50,48,20,28,98,22,76
4,116,48,68,58,24,34,58,24,34,52,22,30,64,26,38
2,108,42,66,52,20,32,56,22,34,49,21,28,59,21,38
4,104,42,62,51,20,31,53,22,31,50,20,30,54,22,32
3,94,34,60,42,14,28,51,20,31,49,17,32,45,17,28
3,96,40,56,48,20,28,48,20,28,55,27,28,40,12,28
3,94,34,60,45,16,29,48,18,30,43,13,30,47,17,30
3,88,32,56,44,16,28,44,16,28,50,22,28,38,10,28
0,116,52,64,58,26,32,58,26,32,73,37,36,42,14,28
0,104,48,56,52,24,28,52,24,28,61,33,28,43,15,28
3,90,34,56,46,18,28,44,16,28,44,16,28,46,18,28
4,218,108,110,95,50,45,115,58,57,126,66,60,81,31,50
4,94,32,62,47,16,31,47,16,31,48,14,34,46,18,28
0,150,76,74,69,36,33,79,40,39,82,46,36,67,29,38
1,118,26,92,47,10,37,62,16,46,48,12,36,69,13,56
2,182,84,98,90,40,50,92,44,48,111,57,54,71,27,44
0,134,64,70,70,32,38,64,32,32,70,36,34,62,26,36
1,122,28,94,57,16,41,59,12,47,52,14,38,69,13,56
2,88,32,56,44,16,28,44,16,28,44,16,28,44,16,28
3,90,32,58,46,16,30,44,16,28,44,16,28,46,16,30
2,176,84,92,93,46,47,82,38,44,85,43,42,83,33,50
0,108,50,58,54,24,30,54,26,28,63,33,30,45,17,28
3,88,24,64,41,10,31,46,14,32,49,13,36,39,11,28
1,102,20,82,51,10,41,47,10,37,39,11,28,62,8,54
1,108,36,72,54,18,36,54,18,36,44,16,28,64,20,44
0,206,134,72,101,64,37,105,70,35,83,53,30,112,70,42
1,116,40,76,54,20,34,59,20,39,58,28,30,58,12,46
0,116,56,60,61,30,31,55,26,29,72,40,32,44,16,28
4,114,48,66,56,24,32,58,24,34,51,21,30,62,26,36
2,112,46,66,55,22,33,57,24,33,50,22,28,61,23,38
1,114,28,86,44,12,32,64,16,48,46,12,34,66,14,52
0,122,60,62,63,32,31,58,28,30,78,44,34,44,16,28
4,112,58,54,56,28,28,55,30,25,51,27,24,59,29,30
4,114,52,62,57,28,29,57,24,33,57,25,32,56,26,30
1,116,34,82,44,14,30,60,20,40,51,13,38,64,20,44
3,116,40,76,59,18,41,57,22,35,66,20,46,49,19,30
0,98,42,56,48,20,28,50,22,28,57,29,28,41,13,28
3,78,20,58,43,12,31,35,8,27,37,9,28,41,11,30
2,108,38,70,54,18,36,54,20,34,49,19,30,59,19,40
1,108,24,84,38,10,28,56,14,42,44,12,32,64,12,52
1,112,24,88,55,12,43,56,12,44,50,14,36,62,10,52
0,100,44,56,50,22,28,50,22,28,55,27,28,45,17,28
0,100,44,56,48,20,28,52,24,28,57,29,28,43,15,28
3,154,18,136,62,6,56,65,12,53,65,7,58,89,11,78
3,116,42,74,56,20,36,59,22,37,63,19,44,53,23,30
1,122,28,94,54,14,40,61,14,47,52,14,38,70,14,56
0,96,42,54,47,20,27,49,22,27,53,27,26,43,15,28
3,88,32,56,44,16,28,44,16,28,50,22,28,38,10,28
1,120,26,94,52,12,40,61,14,47,51,13,38,67,11,56
2,102,40,62,51,20,31,51,20,31,50,20,30,52,20,32
0,98,42,56,48,20,28,50,22,28,54,26,28,44,16,28
4,106,44,62,51,22,29,53,22,31,59,27,32,47,17,30
3,116,54,62,56,26,30,59,28,31,64,32,32,52,22,30
0,110,50,60,54,24,30,56,26,30,66,34,32,44,16,28
4,92,36,56,44,16,28,48,20,28,45,17,28,47,19,28
4,110,46,64,55,22,33,55,24,31,51,21,30,59,25,34
1,116,22,94,38,10,28,59,12,47,52,14,38,64,8,56
4,98,40,58,50,20,30,48,20,28,46,18,28,52,22,30
3,98,40,58,49,20,29,49,20,29,52,22,30,45,17,28
1,102,20,82,50,10,40,51,10,41,40,12,28,62,8,54
2,170,64,106,78,30,48,91,34,57,98,40,58,71,23,48
1,118,26,92,48,10,38,62,16,46,48,12,36,69,13,56
0,104,48,56,50,22,28,54,26,28,59,31,28,45,17,28
0,110,54,56,52,24,28,58,30,28,61,33,28,49,21,28
2,128,50,78,69,26,43,59,24,35,56,24,32,71,25,46
4,142,46,96,64,20,44,76,26,50,55,23,32,87,23,64
0,116,52,64,59,26,33,57,26,31,71,35,36,45,17,28
0,106,48,58,56,26,30,50,22,28,63,33,30,43,15,28
2,140,44,96,65,20,45,75,24,51,57,21,36,82,22,60
1,110,22,88,38,10,28,56,12,44,45,13,32,64,8,56
1,76,20,56,38,10,28,38,10,28,40,12,28,36,8,28
4,108,46,62,51,20,31,57,26,31,57,27,30,51,19,32
4,126,46,80,63,22,41,62,24,38,54,22,32,71,23,48
4,104,46,58,54,24,30,50,22,28,52,22,30,51,23,28
0,112,50,62,55,24,31,57,26,31,67,33,34,45,17,28
2,160,72,88,80,34,46,80,38,42,71,35,36,88,36,52
3,118,48,70,57,22,35,61,26,35,65,23,42,51,23,28
4,114,56,58,58,28,30,56,28,28,54,28,26,60,28,32
3,98,40,58,46,18,28,51,22,29,47,17,30,51,23,28
4,186,80,106,100,44,56,82,36,46,84,40,44,102,40,62
1,102,20,82,51,10,41,50,10,40,38,10,28,63,9,54
4,104,48,56,52,24,28,52,24,28,52,24,28,52,24,28
2,108,42,66,50,20,30,55,22,33,56,22,34,52,20,32
2,116,48,68,60,24,36,56,24,32,51,23,28,65,25,40
0,98,42,56,48,20,28,50,22,28,48,20,28,42,14,28
3,92,36,56,46,18,28,46,18,28,44,16,28,48,20,28
3,102,44,58,48,20,28,53,24,29,47,17,30,55,27,28
2,142,50,92,73,26,47,69,24,45,57,27,30,85,23,62
1,112,24,88,51,12,39,56,12,44,46,14,32,66,10,56
2,94,36,58,47,18,29,47,18,29,46,18,28,48,18,30
2,132,48,84,68,24,44,64,24,40,52,24,28,80,24,56
0,96,38,58,46,18,28,50,20,30,49,19,30,47,19,28
0,102,46,56,52,24,28,50,22,28,58,30,28,44,16,28
1,114,22,92,38,10,28,58,12,46,50,14,36,64,8,56
1,128,32,96,53,16,37,67,16,51,56,16,40,72,16,56
0,112,56,56,56,28,28,56,28,28,64,36,28,48,20,28
3,106,36,70,45,18,27,60,18,42,59,19,40,45,15,30
1,116,28,88,54,14,40,54,14,40,45,13,32,71,15,56
0,112,48,64,54,22,32,58,26,32,70,34,36,42,14,28
1,122,30,92,59,14,45,52,16,36,51,15,36,71,15,56
3,114,40,74,55,20,35,58,20,38,67,21,46,41,13,28
3,80,22,58,38,10,28,41,12,29,39,9,30,41,13,28
3,100,42,58,46,18,28,54,24,30,51,21,30,49,21,28
4,234,110,124,104,50,54,123,60,63,148,70,78,85,39,46
1,78,22,56,38,10,28,40,12,28,41,13,28,36,8,28
1,130,48,82,64,24,40,64,24,40,54,22,32,76,26,50
0,122,58,64,57,26,31,64,32,32,67,35,32,54,22,32
3,100,38,62,44,16,28,56,22,34,45,17,28,55,21,34
0,104,46,58,50,22,28,53,24,29,62,32,30,42,14,28
0,134,68,66,67,34,33,67,34,33,60,32,28,72,34,38
3,94,38,56,48,20,28,46,18,28,44,16,28,49,21,28
0,102,36,66,49,16,33,53,20,33,50,16,34,52,20,32
0,110,52,58,55,26,29,55,26,29,63,33,30,47,19,28
3,96,40,56,48,20,28,48,20,28,51,23,28,45,17,28
3,92,26,66,45,12,33,47,14,33,49,11,38,43,15,28
3,114,40,74,59,18,41,55,22,33,61,19,42,51,19,32
2,98,38,60,49,18,31,49,20,29,46,18,28,50,18,32
3,86,32,54,41,14,27,45,18,27,47,21,26,38,10,28
2,122,52,70,49,20,29,72,32,40,63,27,36,58,24,34
3,86,30,56,42,14,28,44,16,28,43,15,28,43,15,28
4,102,46,56,50,22,28,52,24,28,57,29,28,45,17,28
1,112,34,78,44,16,28,57,18,39,45,17,28,67,17,50
0,104,48,56,52,24,28,52,24,28,53,25,28,43,15,28
1,114,24,90,57,12,45,41,12,29,47,13,34,67,11,56
4,148,70,78,70,32,38,78,38,40,84,42,42,64,28,36
3,96,38,58,48,18,30,48,20,28,53,23,30,43,15,28
1,110,22,88,39,10,29,56,12,44,45,13,32,64,8,56
3,92,36,56,46,18,28,46,18,28,50,22,28,42,14,28
0,102,48,54,51,24,27,51,24,27,49,21,28,44,18,26
4,106,42,64,52,20,32,54,22,32,49,21,28,57,21,36
4,190,88,102,90,42,48,97,46,51,103,51,52,80,30,50
2,108,44,64,51,20,31,57,24,33,56,24,32,52,20,32
0,98,44,54,54,26,28,43,18,25,49,21,28,47,21,26
1,118,24,94,57,14,43,52,10,42,51,13,38,66,10,56
0,104,48,56,51,24,27,53,24,29,57,29,28,47,19,28
4,118,56,62,59,28,31,59,28,31,46,20,26,72,36,36
2,100,40,60,49,20,29,51,20,31,48,20,28,52,20,32
4,86,30,56,42,14,28,44,16,28,41,13,28,45,17,28
4,120,54,66,57,26,31,63,28,35,62,26,36,58,28,30
3,90,28,62,44,14,30,46,14,32,47,13,34,43,15,28
0,184,72,112,88,32,56,95,40,55,103,29,74,77,39,38
0,118,60,58,58,30,28,60,30,30,64,34,30,52,24,28
3,102,38,64,50,18,32,52,20,32,51,17,34,50,20,30
2,94,36,58,47,18,29,47,18,29,46,18,28,48,18,30
2,110,46,64,54,22,32,56,24,32,51,21,30,58,24,34
4,116,54,62,56,26,30,59,28,31,54,24,30,62,30,32
2,122,48,74,59,22,37,63,26,37,50,22,28,72,26,46
3,90,32,58,45,16,29,44,16,28,42,14,28,47,17,30
0,142,68,74,70,34,36,70,34,36,88,46,42,51,19,32
1,106,22,84,38,10,28,54,12,42,40,12,28,65,9,56
4,120,48,72,59,24,35,61,24,37,58,22,36,61,25,36
0,104,48,56,52,24,28,52,24,28,59,31,28,45,17,28
0,116,56,60,60,30,30,56,26,30,66,34,32,47,19,28
2,112,44,68,54,20,34,58,24,34,50,22,28,61,21,40
3,94,28,66,46,14,32,48,14,34,54,16,38,40,12,28
0,100,44,56,50,22,28,50,22,28,58,30,28,42,14,28
0,154,72,82,60,28,32,93,44,49,107,53,54,47,19,28
4,146,44,102,70,22,48,76,22,54,48,20,28,98,24,74
4,100,44,56,50,22,28,50,22,28,53,25,28,40,12,28
1,106,28,78,51,14,37,50,14,36,43,13,30,63,15,48
0,106,46,60,52,22,30,54,24,30,65,33,32,41,13,28
0,104,44,60,48,20,28,56,24,32,53,23,30,50,20,30
0,116,54,62,54,24,30,61,30,31,72,38,34,44,16,28
2,118,42,76,54,22,32,64,20,44,48,20,28,70,22,48
1,106,22,84,40,10,30,54,12,42,41,13,28,64,8,56
3,86,28,58,43,14,29,43,14,29,44,14,30,42,14,28
1,124,30,94,50,14,36,63,16,47,52,14,38,72,16,56
3,90,30,60,44,14,30,46,16,30,47,15,32,43,15,28
3,94,38,56,46,18,28,48,20,28,53,25,28,41,13,28
2,288,98,190,125,44,81,146,54,92,158,64,94,129,33,96
3,102,40,62,48,18,30,53,22,31,46,18,28,56,22,34
4,92,36,56,46,18,28,46,18,28,45,17,28,47,19,28
2,102,42,60,50,20,30,52,22,30,49,21,28,53,21,32
3,94,28,66,43,12,31,49,16,33,55,17,38,39,11,28
3,112,46,66,56,24,32,56,22,34,49,17,32,63,29,34
1,112,24,88,42,10,32,58,14,44,44,12,32,68,12,56
1,112,26,86,53,12,41,57,14,43,43,13,30,69,13,56
3,118,56,62,68,32,36,50,24,26,55,21,34,63,35,28
4,108,50,58,52,24,28,56,26,30,60,30,30,48,20,28
3,78,20,58,39,10,29,39,10,29,40,10,30,38,10,28
0,130,62,68,66,32,34,63,30,33,67,35,32,63,27,36
3,100,44,56,50,22,28,50,22,28,47,19,28,53,25,28
1,118,24,94,52,10,42,61,14,47,53,15,38,64,8,56
1,112,24,88,55,12,43,56,12,44,46,14,32,66,10,56
3,120,46,74,58,22,36,62,24,38,72,26,46,44,16,28
2,114,50,64,58,24,34,56,26,30,51,23,28,63,27,36
0,124,58,66,59,26,33,65,32,33,79,41,38,44,16,28
1,122,28,94,52,14,38,61,14,47,54,16,38,68,12,56
0,124,50,74,60,24,36,64,26,38,70,24,46,53,25,28
4,122,46,76,63,24,39,59,22,37,49,21,28,73,25,48
1,112,22,90,38,10,28,57,12,45,48,14,34,64,8,56
0,152,62,90,85,34,51,67,28,39,87,33,54,64,28,36
1,110,20,90,55,10,45,55,10,45,46,12,34,64,8,56
1,112,22,90,52,10,42,57,12,45,45,11,34,66,10,56
1,104,24,80,38,10,28,54,14,40,40,12,28,64,12,52
4,102,46,56,52,24,28,50,22,28,57,29,28,43,15,28
1,114,24,90,48,12,36,57,12,45,48,14,34,66,10,56
2,140,44,96,64,20,44,76,24,52,63,23,40,76,20,56
3,98,38,60,51,20,31,46,18,28,53,21,32,45,17,28
2,114,42,72,59,22,37,55,20,35,51,21,30,63,21,42
0,100,44,56,50,22,28,50,22,28,58,30,28,42,14,28
2,116,44,72,62,24,38,54,20,34,62,26,36,54,18,36
1,108,20,88,52,10,42,54,10,44,43,11,32,64,8,56
4,114,44,70,56,22,34,58,22,36,50,22,28,64,22,42
0,100,44,56,48,20,28,52,24,28,59,29,30,41,15,26
1,116,24,92,38,10,28,62,14,48,48,12,36,68,12,56
2,92,36,56,46,18,28,46,18,28,46,18,28,46,18,28
3,80,22,58,39,12,27,39,10,29,43,13,30,37,9,28
1,112,22,90,39,10,29,57,12,45,46,12,34,66,10,56
4,104,46,58,50,22,28,53,24,29,49,19,30,55,27,28
0,100,44,56,50,22,28,50,22,28,53,25,28,47,19,28
2,120,42,78,57,20,37,62,22,40,50,20,30,70,22,48
0,100,44,56,50,22,28,50,22,28,58,30,28,42,14,28
4,120,42,78,64,20,44,56,22,34,49,21,28,71,21,50
2,148,58,90,88,34,54,60,24,36,56,26,30,91,31,60
2,102,46,56,50,22,28,52,24,28,48,20,28,54,26,28
3,86,28,58,41,12,29,45,16,29,47,17,30,39,11,28
1,112,22,90,39,10,29,57,12,45,46,12,34,66,10,56
3,94,38,56,45,18,27,49,20,29,49,21,28,45,17,28
2,178,58,120,75,26,49,102,32,70,76,30,46,102,28,74
2,138,52,86,62,24,38,75,28,47,75,29,46,62,22,40
4,104,46,58,52,22,30,52,24,28,50,22,28,53,23,30
2,116,38,78,57,18,39,59,20,39,47,19,28,69,19,50
1,106,38,68,49,18,31,54,20,34,40,14,26,66,24,42
1,90,22,68,38,10,28,46,12,34,41,13,28,49,9,40
1,102,28,74,51,14,37,43,14,29,41,13,28,61,15,46
3,96,40,56,48,20,28,48,20,28,50,22,28,45,17,28
0,100,44,56,48,20,28,52,24,28,57,29,28,43,15,28
4,114,44,70,62,22,40,52,22,30,49,21,28,65,23,42
0,166,84,82,78,38,40,85,46,39,115,63,52,50,20,30
3,82,26,56,39,12,27,43,14,29,41,13,28,40,12,28
4,92,36,56,43,16,27,48,20,28,46,18,28,46,18,28
1,122,28,94,60,14,46,61,14,47,54,16,38,66,10,56
0,118,58,60,60,30,30,57,28,29,69,37,32,49,21,28
4,96,36,60,45,16,29,51,20,31,48,16,32,48,20,28
2,144,50,94,75,26,49,69,24,45,51,21,30,92,28,64
2,448,238,210,200,108,92,242,130,112,241,133,108,204,102,102
2,210,120,90,105,60,45,104,60,44,99,53,46,99,55,44
3,94,36,58,44,16,28,50,20,30,48,18,30,45,17,28
3,108,34,74,43,14,29,65,20,45,61,17,44,45,15,30
4,116,56,60,58,28,30,58,28,30,69,37,32,47,19,28
3,90,32,58,45,16,29,44,16,28,48,20,28,42,12,30
2,144,52,92,69,24,45,75,28,47,67,23,44,74,26,48
3,180,80,100,86,40,46,87,40,47,112,52,60,65,25,40
0,90,30,60,43,14,29,46,16,30,48,16,32,42,14,28
0,104,48,56,52,24,28,52,24,28,58,30,28,46,18,28
3,108,38,70,59,20,39,49,18,31,59,19,40,49,19,30
4,100,42,58,49,20,29,51,22,29,55,25,30,45,17,28
4,132,52,80,65,26,39,64,26,38,70,28,42,61,23,38
1,108,24,84,44,12,32,56,12,44,40,12,28,67,11,56
1,120,28,92,52,14,38,60,14,46,52,16,36,68,12,56
1,126,30,96,58,14,44,64,16,48,54,14,40,72,16,56
4,144,68,76,75,36,39,69,32,37,52,22,30,91,45,46
2,108,48,60,54,24,30,54,24,30,52,24,28,56,24,32
1,120,26,94,54,14,40,59,12,47,53,15,38,67,11,56
1,120,26,94,51,12,39,61,14,47,52,14,38,68,12,56
1,122,26,96,55,14,41,56,12,44,57,17,40,65,9,56
1,112,24,88,44,12,32,56,12,44,44,12,32,67,11,56
0,110,50,60,52,22,30,58,28,30,67,35,32,43,15,28
4,114,58,56,56,28,28,58,30,28,63,35,28,51,23,28
2,112,46,66,54,22,32,58,24,34,51,21,30,61,25,36
0,106,52,54,53,26,27,53,26,27,64,36,28,42,16,26
2,104,40,64,52,20,32,52,20,32,48,20,28,56,20,36
4,240,86,154,90,34,56,148,52,96,94,38,56,146,48,98
3,84,30,54,43,16,27,41,14,27,38,12,26,46,18,28
2,126,48,78,63,26,37,63,22,41,51,23,28,75,25,50
4,118,42,76,64,20,44,54,22,32,47,19,28,70,22,48
0,104,46,58,50,22,28,54,24,30,61,31,30,43,15,28
2,114,54,60,58,28,30,55,26,29,56,26,30,58,28,30
4,182,92,90,83,42,41,98,50,48,86,42,44,93,47,46
3,106,36,70,52,18,34,54,18,36,58,20,38,46,14,32
3,92,34,58,48,18,30,44,16,28,42,14,28,50,20,30
4,152,66,86,74,30,44,78,36,42,53,23,30,98,42,56
0,174,94,80,83,40,43,88,54,34,93,57,36,80,36,44
4,96,34,62,47,16,31,49,18,31,46,16,30,50,18,32
4,104,44,60,47,20,27,57,24,33,47,19,28,56,24,32
1,114,22,92,38,10,28,58,12,46,48,12,36,66,10,56
3,90,34,56,44,16,28,46,18,28,45,17,28,45,17,28
3,134,70,64,65,34,31,69,36,33,77,43,34,56,26,30
4,220,114,106,104,54,50,111,60,51,107,57,50,100,44,56
4,144,42,102,70,20,50,74,22,52,44,18,26,98,22,76
2,112,40,72,54,20,34,58,20,38,46,18,28,66,22,44
3,90,30,60,46,16,30,44,14,30,45,15,30,45,15,30
4,106,48,58,54,24,30,52,24,28,61,31,30,45,17,28
3,118,44,74,53,20,33,63,24,39,61,21,40,54,20,34
0,114,52,62,76,30,46,38,22,16,79,45,34,34,6,28
3,76,20,56,38,10,28,38,10,28,40,12,28,36,8,28
2,140,52,88,71,26,45,69,26,43,54,24,30,85,27,58
4,134,50,84,68,26,42,66,24,42,47,19,28,87,31,56
1,116,24,92,40,12,28,58,12,46,50,14,36,66,10,56
3,124,54,70,68,32,36,55,22,33,60,24,36,63,29,34
4,98,42,56,48,20,28,50,22,28,48,20,28,50,22,28
3,116,44,72,58,22,36,58,22,36,70,26,44,45,17,28
2,106,38,68,53,18,35,53,20,33,47,17,30,58,20,38
0,106,48,58,53,24,29,53,24,29,63,33,30,43,15,28
1,114,20,94,57,10,47,55,10,45,50,12,38,64,8,56
1,120,30,90,41,12,29,65,18,47,50,16,34,69,13,56
2,102,42,60,53,22,31,49,20,29,45,19,26,56,22,34
0,150,68,82,55,24,31,93,44,49,101,49,52,48,18,30
1,76,20,56,38,10,28,38,10,28,39,11,28,36,8,28
0,106,48,58,53,24,29,53,24,29,58,28,30,48,20,28
1,122,28,94,47,12,35,63,16,47,50,12,38,71,15,56
2,106,42,64,53,20,33,53,22,31,51,21,30,55,21,34
4,96,40,56,48,20,28,48,20,28,48,20,28,48,20,28
0,100,44,56,50,22,28,50,22,28,58,30,28,42,14,28
0,110,52,58,55,26,29,55,26,29,63,33,30,47,19,28
4,156,44,112,78,22,56,78,22,56,47,19,28,107,23,84
3,112,42,70,46,16,30,62,26,36,62,26,36,48,14,34
2,134,56,78,66,28,38,68,28,40,50,22,28,82,32,50
2,136,52,84,65,26,39,71,26,45,60,26,34,75,25,50
2,116,40,76,60,20,40,56,20,36,48,20,28,68,20,48
3,178,86,92,83,42,41,89,44,45,92,44,48,83,39,44
4,156,64,92,76,34,42,80,30,50,51,23,28,105,41,64
1,114,24,90,40,12,28,57,12,45,50,16,34,64,8,56
4,146,60,86,79,32,47,67,28,39,66,28,38,80,32,48
4,134,58,76,48,20,28,85,38,47,76,36,40,57,21,36
0,104,48,56,52,24,28,52,24,28,62,34,28,42,14,28
0,142,64,78,50,22,28,89,42,47,73,35,38,68,28,40
1,112,22,90,38,10,28,57,12,45,48,14,34,64,8,56
0,110,50,60,54,24,30,56,26,30,64,32,32,46,18,28
2,128,52,76,64,26,38,64,26,38,52,24,28,76,28,48
2,122,42,80,62,20,42,59,22,37,59,23,36,63,19,44
4,152,46,106,74,22,52,78,24,54,50,22,28,102,24,78
2,138,60,78,69,30,39,69,30,39,50,20,30,88,40,48
1,116,22,94,45,10,35,59,12,47,52,14,38,64,8,56
1,116,30,86,46,14,32,59,16,43,48,18,30,68,12,56
0,396,194,202,203,98,105,189,96,93,162,78,84,219,101,118
1,122,28,94,46,14,32,61,14,47,51,13,38,71,15,56
0,98,42,56,48,20,28,50,22,28,55,27,28,43,15,28
2,166,48,118,85,26,59,81,22,59,65,23,42,100,24,76
3,96,32,64,47,16,31,49,16,33,50,16,34,46,16,30
1,110,22,88,38,8,30,58,14,44,43,11,32,67,11,56
2,120,44,76,66,24,42,54,20,34,48,20,28,72,24,48
3,88,32,56,42,14,28,46,18,28,43,15,28,45,17,28
4,114,44,70,61,22,39,53,22,31,47,19,28,67,25,42
1,122,30,92,60,16,44,60,14,46,53,17,36,67,11,56
0,96,36,60,44,16,28,51,20,31,50,18,32,45,17,28
3,90,34,56,46,18,28,44,16,28,52,22,30,38,12,26
0,108,50,58,52,24,28,55,26,29,58,30,28,49,19,30
1,122,28,94,55,16,39,59,12,47,53,15,38,69,13,56
2,102,44,58,52,22,30,50,22,28,50,22,28,52,22,30
2,108,50,58,52,24,28,56,26,30,51,23,28,56,26,30
2,96,38,58,47,18,29,49,20,29,47,19,28,49,19,30
0,100,42,58,49,20,29,51,22,29,59,29,30,41,13,28
0,300,146,154,137,68,69,158,78,80,150,74,76,145,67,78
1,156,48,108,70,28,42,66,20,46,79,31,48,76,16,60
2,122,48,74,59,24,35,61,24,37,53,23,30,69,25,44
0,92,34,58,45,16,29,47,18,29,47,17,30,45,17,28
2,146,48,98,73,22,51,73,26,47,73,25,48,73,23,50
4,110,50,60,54,24,30,56,26,30,62,30,32,46,18,28
3,110,40,70,53,18,35,57,22,35,61,19,42,47,19,28
3,98,32,66,58,18,40,40,14,26,54,16,38,40,12,28
2,120,40,80,61,20,41,59,20,39,50,20,30,70,20,50
2,128,48,80,60,22,38,67,26,41,61,27,34,67,21,46
3,96,38,58,48,20,28,47,18,29,51,21,30,45,17,28
3,132,46,86,64,24,40,68,22,46,64,22,42,68,24,44
0,90,34,56,44,16,28,46,18,28,45,17,28,45,17,28
2,114,44,70,60,22,38,54,22,32,49,21,28,65,23,42
3,98,38,60,47,18,29,50,20,30,52,22,30,46,16,30
1,80,18,62,37,8,29,41,10,31,37,9,28,43,9,34
3,88,32,56,44,16,28,44,16,28,44,16,28,44,16,28
1,114,26,88,58,14,44,54,12,42,45,13,32,68,12,56
0,108,44,64,52,20,32,56,24,32,60,24,36,47,19,28
3,92,26,66,38,10,28,50,16,34,46,12,34,46,14,32
2,104,38,66,54,18,36,50,20,30,47,19,28,57,19,38
3,136,44,92,66,22,44,70,22,48,54,18,36,81,25,56
4,126,40,86,62,20,42,64,20,44,48,20,28,78,20,58
4,108,48,60,55,24,31,53,24,29,53,23,30,55,25,30
4,116,46,70,62,24,38,54,22,32,50,22,28,66,24,42
4,104,44,60,52,22,30,52,22,30,50,22,28,54,22,32
1,122,24,98,56,12,44,61,12,49,57,15,42,65,9,56
2,98,38,60,45,16,29,53,22,31,46,18,28,52,20,32
1,118,22,96,43,10,33,60,12,48,54,14,40,64,8,56
3,84,26,58,40,12,28,44,14,30,42,14,28,41,11,30
0,106,48,58,51,22,29,55,26,29,63,33,30,43,15,28
4,106,36,70,65,20,45,41,16,25,51,17,34,55,19,36
3,100,36,64,46,16,30,51,20,31,47,15,32,51,19,32
3,100,36,64,39,12,27,60,24,36,49,17,32,50,18,32
2,106,42,64,52,20,32,54,22,32,48,20,28,57,21,36
2,148,64,84,69,30,39,78,34,44,62,30,32,86,34,52
0,112,52,60,53,24,29,58,28,30,63,33,30,48,18,30
1,104,24,80,38,10,28,54,14,40,41,13,28,62,10,52
2,104,38,66,51,18,33,53,20,33,49,19,30,55,19,36
4,118,56,62,57,28,29,61,28,33,46,22,24,72,34,38
2,130,64,66,64,30,34,66,34,32,70,34,36,59,29,30
1,116,28,88,38,10,28,62,18,44,48,14,34,68,14,54
0,108,52,56,54,26,28,54,26,28,62,34,28,45,17,28
4,122,60,62,60,30,30,61,30,31,73,39,34,49,21,28
2,126,44,82,65,22,43,61,22,39,48,20,28,78,24,54
4,170,46,124,86,24,62,83,22,61,53,21,32,116,24,92
4,104,48,56,52,24,28,52,24,28,60,32,28,44,16,28
0,92,34,58,44,16,28,47,18,29,45,15,30,47,19,28
0,98,44,54,49,22,27,49,22,27,46,18,28,52,26,26
1,78,22,56,38,10,28,40,12,28,42,14,28,36,8,28
4,112,42,70,52,20,32,60,22,38,49,21,28,63,21,42
1,114,24,90,44,12,32,57,12,45,47,13,34,66,10,56
4,94,38,56,46,18,28,48,20,28,46,18,28,48,20,28
4,118,52,66,60,26,34,58,26,32,48,20,28,69,31,38
2,108,42,66,53,20,33,55,22,33,49,21,28,59,21,38
1,124,42,82,61,20,41,63,22,41,48,20,28,76,22,54
4,96,40,56,48,20,28,48,20,28,47,19,28,49,21,28
2,150,60,90,78,30,48,69,30,39,82,36,46,68,24,44
4,114,40,74,56,20,36,58,20,38,46,18,28,66,20,46
3,118,44,74,60,22,38,58,22,36,58,22,36,59,21,38
4,88,32,56,45,16,29,43,16,27,44,16,28,44,16,28
3,96,36,60,48,18,30,48,18,30,44,16,28,52,20,32
3,104,34,70,48,16,32,56,18,38,57,19,38,47,15,32
2,148,46,102,73,22,51,75,24,51,44,20,24,104,26,78
3,110,46,64,53,24,29,57,22,35,61,27,34,47,17,30
3,96,40,56,48,20,28,48,20,28,46,18,28,50,22,28
1,116,24,92,50,12,38,58,12,46,49,13,36,66,10,56
0,102,46,56,53,24,29,49,22,27,55,27,28,46,18,28
1,116,22,94,49,10,39,59,12,47,50,12,38,65,9,56
0,104,48,56,50,22,28,54,26,28,58,30,28,46,18,28
4,112,42,70,52,20,32,60,22,38,49,21,28,63,21,42
3,122,42,80,60,20,40,62,22,40,69,21,48,52,20,32
0,112,56,56,56,28,28,55,28,27,62,34,28,49,21,28
1,114,24,90,43,12,31,57,12,45,48,14,34,66,10,56
3,88,26,62,41,12,29,45,14,31,50,16,34,38,10,28
1,108,20,88,38,10,28,54,10,44,45,13,32,63,7,56
1,112,24,88,41,12,29,56,12,44,46,14,32,66,10,56
1,108,24,84,54,12,42,40,12,28,41,13,28,66,10,56
4,122,46,76,61,22,39,61,24,37,46,20,26,76,26,50
3,88,28,60,46,16,30,42,12,30,39,11,28,49,17,32
2,114,46,68,55,22,33,59,24,35,50,22,28,64,24,40
2,112,42,70,57,22,35,55,20,35,48,20,28,64,22,42
3,92,34,58,45,16,29,47,18,29,53,23,30,39,11,28
4,124,38,86,60,18,42,64,20,44,47,19,28,77,19,58
2,152,42,110,71,20,51,81,22,59,58,22,36,93,19,74
0,152,76,76,77,38,39,74,38,36,106,58,48,46,18,28
4,126,46,80,58,20,38,68,26,42,65,23,42,59,21,38
1,116,26,90,51,12,39,59,14,45,47,13,34,69,13,56
3,128,48,80,56,20,36,72,28,44,54,22,32,74,26,48
2,132,56,76,66,28,38,66,28,38,50,22,28,81,33,48
0,122,56,66,61,28,33,61,28,33,68,34,34,52,20,32
3,86,30,56,44,16,28,42,14,28,41,13,28,45,17,28
4,116,46,70,62,24,38,54,22,32,47,19,28,69,27,42
1,106,22,84,38,10,28,54,12,42,40,12,28,65,9,56
0,110,52,58,51,22,29,59,30,29,63,33,30,46,18,28
3,84,26,58,41,12,29,43,14,29,43,13,30,40,12,28
0,84,28,56,42,14,28,42,14,28,41,13,28,43,15,28
2,140,46,94,71,22,49,69,24,45,47,19,28,93,27,66
2,106,44,62,53,22,31,53,22,31,52,22,30,54,22,32
1,116,30,86,49,14,35,60,16,44,43,13,30,72,16,56
2,98,40,58,49,20,29,49,20,29,50,20,30,48,20,28
2,166,48,118,80,22,58,86,26,60,66,24,42,99,23,76
4,92,30,62,47,16,31,45,14,31,43,13,30,49,17,32
1,108,28,80,54,14,40,53,14,39,40,14,26,68,14,54
2,156,52,104,68,22,46,87,30,57,61,27,34,95,25,70
4,108,44,64,54,22,32,54,22,32,51,21,30,57,23,34
4,134,48,86,70,24,46,64,24,40,47,19,28,87,29,58
4,106,58,48,55,30,25,51,28,23,50,28,22,56,30,26
0,86,30,56,42,14,28,44,16,28,46,18,28,40,12,28
3,86,30,56,42,14,28,44,16,28,48,20,28,38,10,28
4,142,48,94,64,22,42,78,26,52,49,21,28,92,26,66
3,100,36,64,51,18,33,48,18,30,52,18,34,47,17,30
1,196,74,122,88,32,56,91,42,49,109,45,64,85,27,58
2,140,42,98,70,20,50,70,22,48,47,19,28,93,23,70
2,112,42,70,54,20,34,58,22,36,48,20,28,63,21,42
0,106,50,56,52,24,28,54,26,28,58,30,28,48,20,28
3,76,18,58,36,8,28,39,10,29,37,9,28,39,9,30
3,100,38,62,52,20,32,48,18,30,58,24,34,42,14,28
1,98,22,76,38,10,28,50,12,38,39,11,28,59,11,48
1,112,22,90,41,10,31,57,12,45,46,12,34,66,10,56
3,82,24,58,41,12,29,41,12,29,44,14,30,38,10,28
3,146,54,92,64,24,40,77,30,47,88,34,54,58,20,38
1,116,24,92,48,12,36,58,12,46,50,14,36,66,10,56
4,106,46,60,52,22,30,54,24,30,49,21,28,57,25,32
1,116,22,94,39,10,29,59,12,47,52,14,38,64,8,56
2,166,56,110,81,26,55,85,30,55,51,23,28,112,30,82
0,120,58,62,62,30,32,57,28,29,70,38,32,50,20,30
4,104,44,60,53,22,31,51,22,29,47,19,28,56,24,32
4,106,42,64,54,22,32,52,20,32,46,18,28,58,22,36
3,96,34,62,46,16,30,50,18,32,43,15,28,53,19,34
3,116,44,72,54,20,34,62,24,38,63,21,42,51,21,30
0,196,74,122,98,36,62,98,38,60,109,41,68,87,33,54
3,94,32,62,44,14,30,49,18,31,56,22,34,38,10,28
1,296,188,108,142,88,54,153,100,53,124,84,40,172,104,68
0,104,48,56,50,22,28,54,26,28,60,32,28,44,16,28
2,108,50,58,53,24,29,55,26,29,53,23,30,54,26,28
2,112,42,70,55,20,35,56,22,34,53,21,32,59,21,38
3,98,42,56,48,20,28,50,22,28,51,23,28,47,19,28
4,100,46,54,49,22,27,51,24,27,58,30,28,41,15,26
1,104,32,72,50,16,34,52,16,36,52,16,36,52,16,36
2,198,102,96,103,50,53,95,52,43,127,75,52,67,23,44
2,110,40,70,59,20,39,51,20,31,46,18,28,64,22,42
3,88,28,60,46,16,30,42,12,30,43,13,30,45,15,30
1,102,24,78,49,12,37,51,12,39,40,12,28,62,12,50
3,196,76,120,77,30,47,107,46,61,91,43,48,105,33,72
0,104,46,58,52,24,28,51,22,29,61,31,30,43,15,28
0,100,42,58,49,20,29,51,22,29,59,29,30,41,13,28
1,110,30,80,51,14,37,56,16,40,41,15,26,69,15,54
0,112,50,62,54,24,30,58,26,32,63,29,34,44,16,28
2,116,46,70,52,22,30,63,24,39,52,22,30,64,24,40
0,182,82,100,92,42,50,90,40,50,121,53,68,54,22,32
0,102,46,56,50,22,28,52,24,28,57,29,28,45,17,28
0,142,74,68,72,42,30,68,32,36,80,42,38,61,31,30
1,106,22,84,38,10,28,54,12,42,39,11,28,66,10,56
1,110,22,88,38,10,28,56,12,44,46,14,32,64,8,56
4,118,44,74,61,22,39,56,22,34,48,20,28,69,23,46
3,126,46,80,52,18,34,70,28,42,59,21,38,66,24,42
3,96,36,60,47,16,31,49,20,29,49,21,28,46,14,32
0,136,50,86,67,24,43,69,26,43,58,24,34,77,25,52
1,106,28,78,38,10,28,57,18,39,44,14,30,62,14,48
4,110,54,56,54,26,28,56,28,28,55,27,28,55,27,28
3,116,42,74,52,18,34,61,24,37,64,24,40,51,17,34
4,104,46,58,51,22,29,53,24,29,56,26,30,47,19,28
3,80,22,58,38,10,28,41,12,29,40,10,30,40,12,28
2,110,42,68,54,20,34,56,22,34,50,20,30,60,22,38
2,98,40,58,47,18,29,51,22,29,45,19,26,53,21,32
2,140,48,92,70,24,46,70,24,46,59,23,36,80,24,56
2,134,48,86,66,22,44,68,26,42,64,26,38,70,22,48
4,104,42,62,51,20,31,53,22,31,49,21,28,55,21,34
1,112,22,90,38,10,28,57,12,45,48,14,34,64,8,56
1,118,24,94,57,12,45,59,12,47,52,14,38,66,10,56
3,100,40,60,48,18,30,51,22,29,62,30,32,38,10,28
2,160,64,96,83,36,47,77,28,49,67,23,44,93,41,52
4,96,40,56,46,18,28,50,22,28,47,19,28,49,21,28
4,102,46,56,50,22,28,52,24,28,49,21,28,53,25,28
1,128,30,98,44,12,32,68,18,50,47,15,32,80,14,66
1,112,22,90,39,10,29,57,12,45,47,13,34,64,8,56
1,78,20,58,39,10,29,39,10,29,42,12,30,36,8,28
0,114,52,62,58,26,32,56,26,30,72,38,34,42,14,28
0,100,44,56,50,22,28,50,22,28,58,30,28,42,14,28
3,86,22,64,45,14,31,41,8,33,47,13,34,38,8,30
0,120,54,66,56,26,30,62,28,34,76,38,38,44,16,28
2,104,44,60,52,22,30,52,22,30,50,22,28,54,22,32
2,124,46,78,61,22,39,63,24,39,55,23,32,68,22,46
2,112,44,68,57,22,35,55,22,33,46,20,26,65,23,42
2,166,54,112,77,24,53,89,30,59,59,27,32,105,25,80
2,124,40,84,62,20,42,62,20,42,50,20,30,74,20,54
4,128,66,62,61,30,31,66,36,30,61,29,32,67,37,30
4,102,46,56,52,24,28,50,22,28,49,21,28,45,17,28
2,96,38,58,47,18,29,49,20,29,46,18,28,50,20,30
2,102,44,58,51,22,29,51,22,29,50,22,28,52,22,30
2,130,44,86,68,22,46,62,22,40,56,22,34,74,22,52
2,140,46,94,71,22,49,69,24,45,48,20,28,89,23,66
2,106,40,66,53,20,33,53,20,33,47,19,28,58,20,38
3,132,50,82,61,24,37,69,26,43,60,22,38,71,27,44
3,98,34,64,48,16,32,50,18,32,55,19,36,42,14,28
1,120,26,94,48,12,36,63,14,49,51,13,38,69,13,56
3,104,42,62,50,20,30,53,22,31,57,23,34,47,19,28
1,118,28,90,45,12,33,62,16,46,49,13,36,69,15,54
2,102,40,62,51,20,31,51,20,31,47,19,28,54,20,34
3,110,42,68,54,20,34,56,22,34,61,21,40,49,21,28
0,104,48,56,52,24,28,52,24,28,56,28,28,48,20,28
3,124,40,84,59,18,41,65,22,43,75,21,54,47,17,30
4,148,46,102,78,22,56,70,24,46,48,20,28,98,24,74
0,126,50,76,55,20,35,67,30,37,62,24,38,64,26,38
1,102,18,84,50,8,42,41,10,31,44,10,34,58,8,50
3,94,34,60,45,16,29,49,18,31,54,22,32,40,12,28
3,116,44,72,59,22,37,57,22,35,48,18,30,68,26,42
4,114,54,60,56,26,30,58,28,30,62,34,28,51,19,32
1,114,20,94,36,8,28,59,12,47,48,10,38,66,10,56
3,98,34,64,47,16,31,51,18,33,50,18,32,48,16,32
0,98,44,54,49,22,27,49,22,27,54,28,26,44,16,28
3,98,40,58,47,18,29,50,22,28,49,21,28,49,19,30
3,218,86,132,101,40,61,107,46,61,104,40,64,109,41,68
3,94,32,62,48,16,32,45,16,29,45,15,30,48,16,32
1,102,30,72,50,14,36,51,16,35,42,14,28,60,16,44
3,116,50,66,62,28,34,52,22,30,69,33,36,47,17,30
3,90,34,56,44,16,28,46,18,28,43,15,28,46,18,28
4,112,44,68,56,22,34,55,22,33,50,22,28,62,22,40
2,106,42,64,53,20,33,53,22,31,50,20,30,56,22,34
3,100,38,62,48,18,30,52,20,32,49,19,30,51,19,32
0,222,100,122,105,50,55,111,50,61,55,29,26,167,71,96
3,94,30,64,43,14,29,48,16,32,49,13,36,44,16,28
2,126,56,70,64,28,36,62,28,34,62,32,30,64,24,40
3,144,36,108,72,18,54,72,18,54,47,15,32,97,21,76
0,104,48,56,52,24,28,52,24,28,58,30,28,46,18,28
0,114,60,54,57,30,27,57,30,27,59,33,26,49,21,28
2,110,48,62,57,26,31,53,22,31,54,26,28,56,22,34
3,116,46,70,56,22,34,59,24,35,63,21,42,53,25,28
4,172,86,86,74,36,38,98,50,48,122,66,56,49,19,30
2,138,44,94,75,24,51,63,20,43,51,21,30,87,23,64
4,278,120,158,132,58,74,142,62,80,149,55,94,126,62,64
1,110,20,90,40,10,30,55,10,45,47,13,34,63,7,56
2,136,50,86,64,24,40,72,26,46,47,19,28,89,31,58
0,102,44,58,52,22,30,50,22,28,61,31,30,41,13,28
1,100,28,72,49,14,35,50,14,36,58,16,42,42,12,30
1,96,24,72,37,10,27,50,14,36,44,14,30,52,10,42
4,100,44,56,50,22,28,50,22,28,48,20,28,52,24,28
3,156,96,60,76,46,30,80,50,30,80,46,34,76,50,26
3,96,38,58,48,18,30,48,20,28,44,16,28,51,21,30
1,122,30,92,54,14,40,62,16,46,55,19,36,67,11,56
2,178,62,116,84,28,56,92,34,58,86,38,48,91,23,68
0,126,66,60,64,34,30,61,32,29,72,40,32,54,26,28
1,118,38,80,57,18,39,60,20,40,47,19,28,71,19,52
3,100,36,64,51,18,33,49,18,31,56,20,36,38,10,28
2,110,42,68,55,22,33,55,20,35,49,19,30,60,22,38
3,80,22,58,42,12,30,38,10,28,39,11,28,41,11,30
4,100,42,58,48,20,28,51,22,29,50,20,30,50,22,28
2,112,52,60,53,24,29,59,28,31,53,23,30,58,28,30
0,106,58,48,54,30,24,51,28,23,52,30,22,48,22,26
2,106,46,60,51,22,29,55,24,31,49,21,28,56,24,32
3,86,32,54,40,14,26,46,18,28,42,16,26,43,15,28
4,128,66,62,62,32,30,66,34,32,75,41,34,53,25,28
2,100,38,62,48,18,30,52,20,32,45,19,26,55,19,36
1,128,52,76,62,24,38,66,28,38,50,22,28,77,29,48
4,112,44,68,56,22,34,56,22,34,46,20,26,66,24,42
1,114,24,90,57,12,45,40,12,28,48,14,34,66,10,56
3,92,36,56,46,18,28,46,18,28,51,23,28,39,11,28
0,102,46,56,50,22,28,52,24,28,55,27,28,47,19,28
3,230,96,134,108,46,62,118,50,68,127,51,76,103,45,58
4,100,46,54,49,22,27,51,24,27,54,26,28,45,19,26
3,96,34,62,47,16,31,48,18,30,47,17,30,49,17,32
3,76,18,58,36,8,28,39,10,29,41,11,30,35,7,28
1,114,22,92,38,10,28,58,12,46,50,14,36,64,8,56
4,92,34,58,45,16,29,47,18,29,46,16,30,46,18,28
3,96,40,56,45,18,27,50,22,28,50,22,28,45,17,28
3,94,26,68,48,14,34,46,12,34,44,12,32,50,14,36
2,104,44,60,52,22,30,52,22,30,50,22,28,54,22,32
2,104,42,62,51,20,31,53,22,31,49,21,28,55,21,34
0,108,52,56,52,24,28,56,28,28,64,36,28,44,16,28
3,126,68,58,60,32,28,66,36,30,63,33,30,61,33,28
1,146,32,114,72,14,58,70,18,52,86,16,70,60,16,44
4,110,48,62,53,24,29,57,24,33,53,23,30,57,25,32
2,146,48,98,74,24,50,72,24,48,54,22,32,92,26,66
2,100,36,64,48,18,30,52,18,34,46,18,28,54,18,36
3,116,48,68,56,22,34,60,26,34,60,26,34,52,18,34
1,112,22,90,57,12,45,51,10,41,46,12,34,65,9,56
3,102,38,64,45,16,29,57,22,35,59,25,34,43,13,30
4,198,78,120,96,36,60,102,42,60,79,35,44,118,42,76
0,102,46,56,50,22,28,52,24,28,56,28,28,46,18,28
0,114,50,64,58,26,32,56,24,32,56,26,30,58,24,34
0,166,54,112,79,26,53,86,28,58,65,23,42,101,31,70
4,98,36,62,48,18,30,49,18,31,43,15,28,55,21,34
4,130,46,84,69,22,47,61,24,37,49,21,28,81,25,56
3,100,38,62,49,18,31,51,20,31,57,23,34,43,15,28
4,124,48,76,62,24,38,62,24,38,48,20,28,75,27,48
3,88,30,58,44,16,28,44,14,30,43,13,30,45,17,28
1,116,26,90,44,12,32,59,14,45,51,13,38,64,12,52
4,98,42,56,48,20,28,50,22,28,57,29,28,39,11,28
4,110,56,54,53,26,27,57,30,27,59,33,26,47,19,28
1,102,24,78,51,12,39,40,12,28,43,15,28,59,9,50
2,122,42,80,59,22,37,63,20,43,48,20,28,74,22,52
2,116,50,66,61,26,35,55,24,31,53,23,30,63,27,36
4,162,50,112,82,24,58,80,26,54,53,23,30,109,27,82
4,94,42,52,46,20,26,48,22,26,50,24,26,44,18,26
4,110,48,62,54,22,32,56,26,30,57,25,32,52,22,30
0,298,144,154,133,72,61,159,72,87,183,91,92,115,53,62
2,100,40,60,50,20,30,50,20,30,50,20,30,50,20,30
4,104,44,60,52,22,30,52,22,30,48,20,28,56,24,32
3,126,38,88,62,18,44,64,20,44,71,19,52,55,19,36
1,112,42,70,47,20,27,57,22,35,45,17,28,67,25,42
2,132,46,86,64,22,42,68,24,44,49,21,28,83,25,58
2,126,46,80,71,24,47,55,22,33,60,22,38,64,22,42
3,100,42,58,48,20,28,51,22,29,53,23,30,47,19,28
3,166,72,94,81,36,45,85,36,49,72,28,44,94,44,50
1,112,20,92,54,10,44,56,10,46,48,12,36,64,8,56
1,112,22,90,37,10,27,57,12,45,48,14,34,64,8,56
3,102,40,62,50,18,32,52,22,30,53,21,32,49,19,30
1,114,30,84,49,14,35,58,16,42,41,13,28,72,16,56
3,102,38,64,46,18,28,52,20,32,54,18,36,48,20,28
2,104,42,62,52,20,32,52,22,30,49,21,28,55,21,34
1,110,20,90,38,10,28,55,10,45,46,12,34,64,8,56
2,116,42,74,59,20,39,57,22,35,48,20,28,68,22,46
4,110,44,66,54,22,32,56,22,34,56,24,32,54,20,34
4,104,44,60,52,22,30,52,22,30,54,22,32,50,22,28
4,102,46,56,54,22,32,47,24,23,53,25,28,49,21,28
4,118,38,80,58,18,40,60,20,40,47,19,28,71,19,52
2,128,44,84,48,22,26,79,22,57,53,21,32,74,22,52
4,102,46,56,50,22,28,52,24,28,57,29,28,45,17,28
4,118,44,74,60,22,38,58,22,36,46,18,28,71,25,46
2,130,62,68,69,32,37,61,30,31,46,22,24,84,40,44
1,116,24,92,54,12,42,58,12,46,51,15,36,64,8,56
0,104,48,56,52,24,28,52,24,28,62,34,28,42,14,28
2,104,42,62,53,20,33,51,22,29,49,21,28,55,21,34
1,112,22,90,38,10,28,57,12,45,48,14,34,64,8,56
1,128,38,90,56,14,42,69,24,45,50,16,34,76,20,56
4,98,40,58,47,18,29,51,22,29,49,19,30,49,21,28
2,118,46,72,55,20,35,61,26,35,54,22,32,61,21,40
4,154,72,82,72,34,38,82,38,44,69,31,38,82,38,44
0,166,86,80,75,38,37,89,48,41,95,51,44,69,33,36
2,98,40,58,49,20,29,49,20,29,48,20,28,49,19,30
2,144,50,94,62,22,40,82,28,54,58,24,34,86,26,60
4,118,46,72,50,22,28,67,24,43,54,22,32,63,23,40
1,286,170,116,160,102,58,125,68,57,141,91,50,140,74,66
0,110,50,60,54,24,30,56,26,30,65,33,32,45,17,28
3,96,40,56,50,22,28,46,18,28,46,18,28,50,22,28
0,104,46,58,50,22,28,53,24,29,61,31,30,42,14,28
4,118,48,70,59,24,35,59,24,35,53,23,30,64,24,40
2,122,38,84,57,18,39,65,20,45,45,19,26,77,19,58
3,88,28,60,41,12,29,46,16,30,49,17,32,39,11,28
2,156,54,102,74,28,46,82,26,56,58,26,32,98,28,70
2,184,48,136,92,22,70,90,26,64,72,22,50,109,23,86
1,86,22,64,42,10,32,43,12,31,46,12,34,40,10,30
2,126,52,74,56,22,34,69,30,39,65,29,36,60,22,38
4,102,44,58,51,22,29,51,22,29,48,20,28,54,24,30
4,108,52,56,54,26,28,54,26,28,60,32,28,48,20,28
2,120,42,78,56,20,36,64,22,42,49,19,30,71,23,48
3,122,28,94,65,14,51,57,14,43,43,13,30,79,15,64
0,112,52,60,53,24,29,59,28,31,66,34,32,44,16,28
1,124,32,92,48,14,34,67,18,49,52,16,36,72,16,56
0,110,50,60,54,24,30,55,26,29,65,33,32,45,17,28
3,98,40,58,48,20,28,49,20,29,46,16,30,52,24,28
2,108,44,64,57,24,33,51,20,31,53,23,30,55,21,34
1,124,38,86,56,18,38,63,20,43,47,17,30,76,20,56
2,132,48,84,61,22,39,71,26,45,53,23,30,79,25,54
0,110,52,58,55,26,29,55,26,29,62,32,30,46,18,28
1,112,22,90,39,10,29,57,12,45,48,14,34,64,8,56
1,110,24,86,38,10,28,57,14,43,43,13,30,67,11,56
1,116,22,94,46,10,36,59,12,47,52,14,38,64,8,56
4,124,50,74,66,26,40,58,24,34,54,22,32,69,27,42
1,90,30,60,43,14,29,46,16,30,46,16,30,44,14,30
1,118,26,92,58,12,46,59,14,45,50,14,36,68,12,56
2,130,68,62,64,34,30,66,34,32,63,33,30,66,34,32
1,118,30,88,53,14,39,60,16,44,48,16,32,70,14,56
0,116,56,60,52,24,28,64,32,32,71,39,32,45,17,28
0,104,44,60,47,20,27,56,24,32,55,23,32,47,19,28
0,108,50,58,53,24,29,55,26,29,65,35,30,43,15,28
4,118,42,76,53,18,35,65,24,41,46,18,28,71,23,48
2,142,58,84,73,30,43,63,28,35,86,36,50,56,22,34
1,120,26,94,49,12,37,61,14,47,54,16,38,66,10,56
0,102,34,68,50,16,34,52,18,34,43,13,30,58,20,38
4,160,82,78,80,42,38,77,40,37,73,37,36,87,45,42
4,142,46,96,72,22,50,70,24,46,49,21,28,93,25,68
0,94,38,56,46,18,28,48,20,28,53,25,28,41,13,28
1,106,24,82,53,12,41,46,12,34,40,12,28,66,12,54
4,200,90,110,96,46,50,103,44,59,99,43,56,99,45,54
0,150,70,80,58,28,30,91,42,49,104,54,50,46,16,30
3,84,24,60,36,8,28,46,16,30,45,13,32,39,11,28
2,194,68,126,92,32,60,101,36,65,93,43,50,101,25,76
3,116,44,72,52,20,32,63,24,39,67,23,44,43,15,28
0,106,48,58,51,22,29,54,26,28,63,33,30,43,15,28
2,154,64,90,81,32,49,73,32,41,74,44,30,80,20,60
2,146,60,86,75,28,47,70,32,38,82,36,46,63,23,40
2,112,56,56,56,28,28,56,28,28,55,27,28,57,29,28
2,126,40,86,65,20,45,61,20,41,48,20,28,78,20,58
4,106,54,52,52,26,26,54,28,26,50,24,26,56,30,26
4,174,60,114,99,32,67,74,28,46,67,29,38,106,30,76
1,128,32,96,52,14,38,66,18,48,57,17,40,70,14,56
2,158,74,84,84,38,46,73,36,37,74,34,40,80,36,44
3,72,16,56,36,8,28,36,8,28,35,7,28,36,8,28
3,94,34,60,47,16,31,47,18,29,55,23,32,39,11,28
1,114,26,88,40,12,28,58,14,44,48,16,32,66,10,56
2,156,48,108,76,22,54,80,26,54,65,25,40,91,23,68
0,108,48,60,52,22,30,56,26,30,65,33,32,42,14,28
0,138,64,74,66,30,36,72,34,38,67,29,38,71,35,36
1,102,20,82,51,10,41,46,10,36,38,10,28,64,10,54
3,86,28,58,43,14,29,42,14,28,42,14,28,42,12,30
1,116,24,92,38,10,28,63,14,49,48,12,36,68,12,56
1,114,22,92,44,10,34,58,12,46,50,14,36,64,8,56
0,92,34,58,45,16,29,47,18,29,46,16,30,45,17,28
0,110,44,66,54,22,32,53,22,31,65,27,38,45,17,28
3,194,92,102,87,40,47,106,52,54,112,56,56,81,35,46
4,114,56,58,57,28,29,57,28,29,54,24,30,60,32,28
2,170,64,106,90,34,56,80,30,50,72,34,38,97,29,68
4,98,40,58,47,18,29,51,22,29,53,23,30,45,17,28
2,126,42,84,60,20,40,65,22,43,53,21,32,73,21,52
3,100,42,58,48,20,28,52,22,30,44,16,28,56,26,30
3,140,64,76,65,28,37,74,36,38,79,39,40,61,25,36
2,158,56,102,82,28,54,76,28,48,62,24,38,96,32,64
1,120,24,96,49,12,37,60,12,48,53,13,40,67,11,56
2,172,48,124,86,24,62,86,24,62,63,23,40,109,25,84
3,96,34,62,48,16,32,48,18,30,55,21,34,41,13,28
4,108,46,62,63,26,37,45,20,25,51,23,28,56,22,34
4,114,38,76,57,18,39,57,20,37,44,18,26,70,20,50
2,108,42,66,54,20,34,53,22,31,49,21,28,59,21,38
2,170,52,118,81,26,55,89,26,63,65,25,40,103,25,78
2,124,52,72,56,24,32,64,28,36,62,26,36,59,23,36
4,114,48,66,59,24,35,55,24,31,58,22,36,56,26,30
1,120,26,94,56,14,42,58,12,46,52,14,38,68,12,56
2,122,48,74,63,26,37,59,22,37,57,27,30,65,21,44
4,108,40,68,54,20,34,54,20,34,47,19,28,61,21,40
3,98,38,60,47,18,29,51,20,31,53,21,32,43,15,28
2,120,44,76,60,22,38,60,22,38,52,22,30,68,22,46
2,96,40,56,48,20,28,48,20,28,48,20,28,48,20,28
3,80,22,58,41,12,29,38,10,28,42,12,30,38,10,28
4,104,46,58,52,22,30,52,24,28,61,31,30,43,15,28
4,286,126,160,136,62,74,143,64,79,147,63,84,135,59,76
2,112,46,66,55,22,33,57,24,33,50,22,28,62,24,38
2,164,48,116,81,24,57,82,24,58,63,23,40,101,25,76
3,90,34,56,44,16,28,46,18,28,45,17,28,45,17,28
0,102,44,58,50,22,28,52,22,30,61,31,30,41,13,28
4,122,62,60,62,30,32,60,32,28,51,23,28,71,39,32
0,140,66,74,58,26,32,81,40,41,93,49,44,46,16,30
2,172,60,112,77,28,49,94,32,62,67,31,36,105,29,76
0,92,34,58,43,16,27,49,18,31,46,16,30,45,17,28
4,216,98,118,98,44,54,118,54,64,114,54,60,98,40,58
0,106,48,58,51,22,29,55,26,29,59,29,30,43,15,28
0,110,50,60,55,24,31,55,26,29,65,33,32,45,17,28
3,108,50,58,53,24,29,55,26,29,57,27,30,51,23,28
0,104,46,58,52,22,30,52,24,28,60,30,30,44,16,28
1,116,22,94,38,10,28,59,12,47,50,12,38,65,9,56
3,90,24,66,44,12,32,45,12,33,46,10,36,44,14,30
1,116,24,92,58,12,46,56,12,44,51,15,36,65,9,56
3,84,28,56,42,14,28,42,14,28,45,17,28,39,11,28
1,120,36,84,60,18,42,57,18,39,46,18,28,73,17,56
1,112,22,90,38,10,28,57,12,45,47,13,34,65,9,56
1,108,22,86,53,10,43,55,12,43,44,14,30,64,8,56
1,116,24,92,52,12,40,58,12,46,48,12,36,67,11,56
0,188,88,100,92,44,48,96,44,52,116,56,60,69,29,40
0,118,56,62,56,26,30,62,30,32,74,40,34,44,16,28
1,116,22,94,38,10,28,59,12,47,51,13,38,65,9,56
4,126,42,84,67,20,47,59,22,37,48,20,28,77,21,56
0,144,48,96,70,24,46,74,24,50,66,24,42,78,24,54
3,116,46,70,56,22,34,60,24,36,62,20,42,51,23,28
3,88,22,66,44,12,32,43,10,33,46,10,36,41,11,30
4,130,62,68,67,32,35,63,30,33,67,29,38,52,22,30
3,96,32,64,42,12,30,52,20,32,50,18,32,46,14,32
3,102,38,64,52,20,32,50,18,32,61,25,36,40,12,28
1,100,22,78,38,10,28,51,12,39,41,13,28,59,9,50
2,112,52,60,54,24,30,58,28,30,54,24,30,58,28,30
1,112,24,88,43,12,31,55,12,43,40,10,30,72,14,58
2,160,68,92,72,30,42,88,38,50,87,37,50,72,30,42
3,80,24,56,40,12,28,40,12,28,38,10,28,42,14,28
1,126,60,66,63,30,33,62,30,32,50,24,26,75,35,40
2,140,46,94,67,22,45,73,24,49,49,21,28,91,25,66
0,104,36,68,49,16,33,55,20,35,58,18,40,45,17,28
0,98,42,56,48,20,28,50,22,28,57,29,28,40,12,28
0,88,30,58,45,16,29,43,14,29,44,14,30,43,15,28
0,106,50,56,52,24,28,54,26,28,62,34,28,44,16,28
0,108,52,56,54,26,28,54,26,28,61,33,28,47,19,28
2,100,44,56,50,22,28,50,22,28,49,21,28,50,22,28
0,104,48,56,52,24,28,52,24,28,60,32,28,44,16,28
0,112,56,56,54,26,28,58,30,28,63,35,28,49,21,28
3,96,36,60,46,18,28,48,18,30,50,22,28,46,14,32
4,106,46,60,52,22,30,54,24,30,62,30,32,41,13,28
4,104,44,60,49,20,29,54,24,30,46,18,28,58,26,32
3,92,32,60,45,14,31,47,18,29,45,15,30,47,17,30
3,96,30,66,48,16,32,46,14,32,50,14,36,46,16,30
2,148,46,102,73,22,51,74,24,50,81,23,58,67,23,44
2,128,46,82,62,22,40,66,24,42,49,21,28,79,25,54
2,106,46,60,52,22,30,54,24,30,51,23,28,55,23,32
1,118,26,92,40,12,28,60,14,46,48,12,36,70,14,56
0,150,70,80,66,30,36,79,40,39,104,52,52,45,17,28
1,118,26,92,44,12,32,65,14,51,49,13,36,68,12,56
2,114,46,68,56,22,34,58,24,34,51,23,28,63,23,40
0,98,36,62,48,18,30,50,18,32,50,18,32,48,18,30
3,114,38,76,59,20,39,55,18,37,74,26,48,40,12,28
4,108,60,48,54,30,24,54,30,24,56,34,22,49,23,26
2,136,48,88,69,22,47,67,26,41,60,22,38,75,25,50
0,92,36,56,48,20,28,44,16,28,44,16,28,48,20,28
3,106,42,64,53,22,31,50,20,30,52,20,32,54,22,32
0,114,56,58,54,26,28,59,30,29,67,37,30,47,19,28
4,120,54,66,60,26,34,60,28,32,54,22,32,64,30,34
0,106,50,56,52,24,28,54,26,28,61,33,28,45,17,28
2,128,52,76,64,26,38,63,26,37,71,31,40,57,21,36
3,108,32,76,62,14,48,46,18,28,46,14,32,60,16,44
2,104,42,62,49,20,29,55,22,33,47,21,26,57,21,36
1,106,24,82,38,10,28,55,14,41,45,15,30,61,9,52
1,98,26,72,40,12,28,50,14,36,46,14,32,52,12,40
2,142,56,86,75,26,49,66,30,36,71,29,42,69,25,44
1,86,24,62,38,10,28,45,14,31,41,13,28,45,11,34
2,126,60,66,62,30,32,64,30,34,57,27,30,69,33,36
4,102,42,60,49,20,29,53,22,31,46,20,26,56,22,34
1,116,22,94,51,10,41,59,12,47,52,14,38,64,8,56
4,116,42,74,59,20,39,57,22,35,47,19,28,69,23,46
4,172,50,122,82,24,58,90,26,64,64,26,38,107,23,84
1,110,28,82,55,14,41,43,14,29,43,15,28,66,12,54
3,86,28,58,42,14,28,44,14,30,41,13,28,45,15,30
0,102,44,58,49,20,29,53,24,29,59,29,30,43,15,28
0,102,44,58,51,22,29,51,22,29,60,30,30,42,14,28
4,110,52,58,52,24,28,57,28,29,59,29,30,49,21,28
1,106,20,86,53,10,43,40,10,30,42,12,30,64,8,56
1,106,20,86,41,8,33,55,12,43,41,11,30,65,9,56
1,112,28,84,56,14,42,43,14,29,42,14,28,69,13,56
1,124,30,94,55,16,39,61,14,47,52,14,38,72,16,56
1,108,24,84,54,12,42,51,12,39,42,14,28,65,9,56
3,86,30,56,42,14,28,44,16,28,42,14,28,44,16,28
2,150,60,90,75,30,45,73,30,43,82,38,44,68,22,46
1,108,30,78,42,14,28,55,16,39,43,15,28,65,15,50
1,78,22,56,38,10,28,40,12,28,40,12,28,38,10,28
0,112,52,60,56,26,30,56,26,30,65,33,32,47,19,28
2,104,44,60,52,22,30,52,22,30,50,22,28,54,22,32
0,98,34,64,43,14,29,55,20,35,55,19,36,43,15,28
1,114,22,92,38,10,28,58,12,46,48,12,36,66,10,56
4,112,52,60,56,26,30,56,26,30,67,35,32,45,17,28
1,122,28,94,59,16,43,59,12,47,52,14,38,70,14,56
3,96,36,60,47,18,29,48,18,30,54,24,30,42,12,30
1,114,30,84,51,14,37,58,16,42,44,16,28,70,14,56
3,98,36,62,49,18,31,49,18,31,47,17,30,50,18,32
1,142,56,86,76,30,46,63,26,37,64,26,38,77,29,48
4,140,58,82,78,30,48,62,28,34,63,27,36,75,29,46
4,102,44,58,51,22,29,51,22,29,50,22,28,52,22,30
4,138,64,74,64,28,36,73,36,37,83,37,46,53,25,28
3,110,44,66,54,22,32,56,22,34,61,23,38,49,21,28
2,188,78,110,85,34,51,98,44,54,121,53,68,67,25,42
2,132,44,88,71,22,49,61,22,39,51,21,30,80,22,58
0,104,48,56,52,24,28,52,24,28,60,32,28,44,16,28
1,112,20,92,56,10,46,52,10,42,48,12,36,63,7,56
1,122,30,92,38,10,28,66,20,46,49,13,36,72,16,56
0,102,44,58,50,22,28,52,22,30,58,28,30,44,16,28
3,96,30,66,44,14,30,52,16,36,55,19,36,41,11,30
4,132,48,84,71,26,45,61,22,39,60,22,38,72,26,46
1,104,22,82,47,12,35,51,10,41,38,10,28,66,12,54
4,96,38,58,47,18,29,49,20,29,48,18,30,48,20,28
2,110,46,64,53,22,31,57,24,33,48,20,28,60,24,36
1,114,24,90,55,12,43,57,12,45,50,16,34,64,8,56
0,120,52,68,60,26,34,60,26,34,56,24,32,64,28,36
0,106,50,56,52,24,28,54,26,28,63,35,28,43,15,28
4,128,56,72,61,26,35,67,30,37,64,26,38,63,29,34
1,116,22,94,38,10,28,59,12,47,51,13,38,65,9,56
0,108,48,60,55,24,31,53,24,29,65,33,32,43,15,28
0,102,46,56,50,22,28,52,24,28,58,30,28,44,16,28
1,120,30,90,59,14,45,58,16,42,54,16,38,66,14,52
3,82,24,58,40,12,28,41,12,29,40,12,28,42,12,30
0,114,56,58,56,28,28,58,28,30,67,37,30,44,16,28
4,102,40,62,51,20,31,51,20,31,47,19,28,54,20,34
2,132,40,92,66,20,46,66,20,46,50,20,30,82,20,62
3,98,40,58,50,20,30,48,20,28,54,24,30,44,16,28
0,118,60,58,59,30,29,59,30,29,65,35,30,50,22,28
4,96,40,56,48,20,28,48,20,28,48,20,28,47,19,28
1,118,24,94,46,12,34,59,12,47,51,13,38,66,10,56
1,118,26,92,47,12,35,64,14,50,49,13,36,68,12,56
1,116,30,86,52,14,38,59,16,43,46,16,30,70,14,56
4,124,42,82,55,20,35,69,22,47,47,19,28,77,23,54
0,106,48,58,56,26,30,50,22,28,62,32,30,44,16,28
2,148,50,98,72,22,50,76,28,48,54,24,30,93,25,68
3,110,44,66,56,22,34,54,22,32,58,20,38,47,19,28
4,120,54,66,59,26,33,61,28,33,73,35,38,46,18,28
2,94,36,58,47,18,29,47,18,29,46,18,28,48,18,30
2,128,46,82,64,22,42,64,24,40,49,21,28,78,24,54
3,90,34,56,45,16,29,45,18,27,45,17,28,45,17,28
0,110,52,58,56,26,30,54,26,28,62,32,30,45,17,28
3,112,40,72,55,20,35,53,20,33,55,17,38,56,22,34
2,116,44,72,58,22,36,58,22,36,48,20,28,68,24,44
4,98,42,56,48,20,28,50,22,28,53,25,28,44,16,28
3,92,36,56,46,18,28,46,18,28,50,22,28,41,13,28
0,100,46,54,49,22,27,51,24,27,45,19,26,55,27,28
1,112,20,92,56,10,46,53,10,43,49,13,36,63,7,56
4,140,64,76,75,36,39,64,28,36,84,42,42,54,20,34
0,102,44,58,51,22,29,51,22,29,60,30,30,42,14,28
0,110,52,58,55,26,29,55,26,29,64,34,30,46,18,28
3,98,38,60,52,20,32,46,18,28,50,20,30,48,18,30
3,94,36,58,44,16,28,50,20,30,45,15,30,48,20,28
3,82,26,56,39,12,27,43,14,29,43,15,28,39,11,28
1,104,22,82,38,10,28,53,12,41,39,11,28,65,11,54
4,140,46,94,70,22,48,70,24,46,49,21,28,91,25,66
2,190,66,124,99,34,65,91,32,59,86,40,46,104,26,78
1,126,28,98,60,14,46,63,14,49,58,16,42,68,12,56
0,154,72,82,73,34,39,80,38,42,108,54,54,44,16,28
1,100,32,68,54,16,38,46,16,30,44,16,28,55,15,40
3,94,34,60,50,18,32,44,16,28,57,25,32,37,9,28
4,108,46,62,53,22,31,55,24,31,50,22,28,58,24,34
1,94,34,60,45,16,29,48,18,30,45,17,28,49,17,32
2,98,40,58,49,20,29,49,20,29,47,19,28,51,21,30
3,112,40,72,56,20,36,53,20,33,63,23,40,49,17,32
1,120,30,90,48,14,34,61,16,45,48,14,34,72,16,56
0,112,54,58,54,26,28,58,28,30,63,33,30,49,21,28
0,118,54,64,58,26,32,60,28,32,69,33,36,49,21,28
2,116,38,78,56,18,38,60,20,40,51,19,32,65,19,46
2,116,42,74,56,20,36,60,22,38,49,19,30,67,23,44
0,100,44,56,48,20,28,52,24,28,57,29,28,43,15,28
4,144,56,88,76,28,48,68,28,40,57,25,32,87,31,56
3,88,26,62,44,14,30,43,12,31,46,16,30,42,10,32
1,100,24,76,49,12,37,42,12,30,48,12,36,51,11,40
1,120,30,90,52,14,38,61,16,45,50,16,34,70,14,56
0,102,46,56,50,22,28,52,24,28,60,32,28,42,14,28
0,104,46,58,51,22,29,53,24,29,49,21,28,54,24,30
0,104,44,60,50,20,30,54,24,30,59,27,32,45,17,28
3,94,36,58,47,18,29,47,18,29,56,26,30,38,10,28
0,100,44,56,50,22,28,50,22,28,58,30,28,42,14,28
1,114,22,92,38,10,28,58,12,46,49,13,36,65,9,56
2,154,58,96,76,30,46,78,28,50,78,32,46,76,26,50
1,114,22,92,51,10,41,58,12,46,48,12,36,66,10,56
3,108,42,66,51,20,31,57,22,35,55,21,34,53,21,32
3,94,32,62,43,14,29,51,18,33,51,17,34,43,15,28
4,238,74,164,129,40,89,106,34,72,113,41,72,124,32,92
4,102,46,56,50,22,28,52,24,28,49,21,28,51,23,28
1,122,26,96,46,12,34,64,14,50,54,14,40,68,12,56
0,102,44,58,51,22,29,51,22,29,60,30,30,42,14,28
4,116,42,74,61,20,41,55,22,33,45,19,26,71,23,48
2,156,52,104,79,26,53,77,26,51,69,23,46,87,29,58
2,128,56,72,63,28,35,65,28,37,44,22,22,82,32,50
2,100,42,58,49,20,29,51,22,29,49,21,28,51,21,30
2,142,48,94,66,24,42,76,24,52,67,23,44,75,25,50
3,146,62,84,75,32,43,71,30,41,71,27,44,74,34,40
1,108,22,86,38,10,28,55,12,43,44,14,30,64,8,56
3,86,26,60,42,12,30,44,14,30,44,12,32,42,14,28
0,100,42,58,52,22,30,48,20,28,58,28,30,42,14,28
1,122,28,94,45,14,31,61,14,47,53,15,38,68,12,56
3,86,22,64,41,10,31,43,12,31,48,12,36,38,10,28
0,104,48,56,54,26,28,50,22,28,59,31,28,44,16,28
1,110,22,88,56,12,44,46,10,36,43,11,32,67,11,56
3,124,60,64,62,28,34,61,32,29,56,26,30,67,33,34
3,76,16,60,38,8,30,37,8,29,39,9,30,37,7,30
1,82,24,58,40,12,28,41,12,29,42,14,28,40,10,30
3,114,46,68,55,22,33,59,24,35,67,27,40,46,18,28
2,120,40,80,60,20,40,60,20,40,46,20,26,74,20,54
3,98,38,60,48,18,30,50,20,30,49,19,30,49,19,30
1,120,28,92,55,16,39,58,12,46,50,14,36,70,14,56
3,92,36,56,46,18,28,46,18,28,44,16,28,48,20,28
1,118,24,94,57,12,45,59,12,47,53,15,38,65,9,56
1,114,26,88,40,12,28,58,14,44,48,16,32,66,10,56
2,158,82,76,75,36,39,83,46,37,104,60,44,54,22,32
0,98,40,58,49,20,29,49,20,29,56,26,30,42,14,28
1,124,32,92,54,14,40,65,18,47,51,15,36,73,17,56
0,114,54,60,56,26,30,57,28,29,49,21,28,65,33,32
4,118,44,74,53,20,33,65,24,41,48,20,28,70,24,46
2,100,40,60,50,20,30,50,20,30,47,19,28,53,21,32
4,146,60,86,80,34,46,66,26,40,74,30,44,70,28,42
0,98,42,56,48,20,28,50,22,28,57,29,28,41,13,28
1,86,22,64,38,10,28,44,12,32,39,11,28,47,11,36
3,106,42,64,58,22,36,48,20,28,49,19,30,57,23,34
0,110,54,56,50,22,28,60,32,28,60,32,28,49,21,28
0,108,50,58,50,22,28,58,28,30,56,28,28,51,21,30
2,158,46,112,76,24,52,81,22,59,62,24,38,96,22,74
2,152,68,84,72,34,38,77,34,43,65,27,38,87,41,46
4,108,48,60,54,24,30,54,24,30,54,22,32,54,26,28
0,102,46,56,50,22,28,52,24,28,57,29,28,45,17,28
1,110,28,82,55,14,41,52,14,38,44,16,28,66,12,54
1,116,28,88,50,14,36,58,14,44,48,14,34,67,13,54
4,110,40,70,55,20,35,55,20,35,48,20,28,62,20,42
4,102,36,66,49,16,33,53,20,33,57,19,38,45,17,28
3,102,34,68,49,16,33,53,18,35,44,12,32,58,22,36
3,80,22,58,39,10,29,41,12,29,41,11,30,39,11,28
0,128,62,66,60,28,32,68,34,34,81,43,38,47,19,28
1,90,24,66,40,12,28,45,12,33,40,12,28,50,12,38
3,100,40,60,50,20,30,50,20,30,59,27,32,41,13,28
1,116,26,90,40,12,28,59,14,45,48,14,34,68,12,56
4,110,44,66,55,22,33,55,22,33,48,20,28,62,24,38
0,116,54,62,57,28,29,59,26,33,70,36,34,46,18,28
0,100,44,56,50,22,28,50,22,28,58,30,28,42,14,28
2,96,38,58,46,18,28,50,20,30,47,19,28,49,19,30
1,114,22,92,38,10,28,58,12,46,49,13,36,65,9,56
3,82,26,56,42,14,28,40,12,28,43,15,28,38,10,28
3,90,34,56,44,16,28,46,18,28,46,18,28,43,15,28
3,90,32,58,45,16,29,45,16,29,44,14,30,45,17,28
3,82,26,56,40,12,28,42,14,28,41,13,28,40,12,28
4,122,48,74,64,24,40,58,24,34,48,20,28,74,28,46
1,92,24,68,40,12,28,46,12,34,43,15,28,48,8,40
0,102,46,56,50,22,28,52,24,28,56,28,28,46,18,28
4,84,26,58,38,12,26,46,14,32,42,12,30,42,14,28
2,94,36,58,47,18,29,47,18,29,46,18,28,48,18,30
2,110,44,66,50,20,30,60,24,36,47,19,28,63,25,38
1,110,22,88,50,10,40,56,12,44,44,12,32,66,10,56
2,140,48,92,73,24,49,67,24,43,52,22,30,88,26,62
1,108,22,86,49,10,39,55,12,43,42,12,30,65,9,56
3,110,44,66,50,20,30,60,24,36,60,26,34,50,18,32
2,108,44,64,56,22,34,52,22,30,49,21,28,59,23,36
1,86,22,64,37,10,27,44,12,32,43,13,30,43,9,34
1,132,32,100,44,14,30,69,18,51,52,14,38,78,16,62
0,112,54,58,55,26,29,57,28,29,66,36,30,45,17,28
0,130,60,70,60,28,32,67,32,35,86,44,42,44,16,28
0,102,46,56,50,22,28,52,24,28,60,32,28,42,14,28
4,108,50,58,53,24,29,55,26,29,58,28,30,50,22,28
2,116,40,76,58,20,38,58,20,38,46,18,28,69,21,48
1,88,20,68,44,10,34,40,10,30,44,12,32,44,8,36
1,80,22,58,38,10,28,41,12,29,39,11,28,41,11,30
0,112,52,60,53,24,29,58,28,30,67,35,32,45,17,28
2,166,52,114,81,26,55,85,26,59,65,23,42,100,28,72
4,114,40,74,58,20,38,56,20,36,47,19,28,67,21,46
0,110,50,60,54,24,30,56,26,30,65,33,32,45,17,28
4,128,58,70,63,28,35,65,30,35,82,40,42,45,17,28
3,122,50,72,55,24,31,65,26,39,58,22,36,64,28,36
2,164,82,82,85,42,43,78,40,38,62,26,36,101,55,46
2,156,46,110,78,22,56,78,24,54,55,23,32,101,23,78
0,104,58,46,55,30,25,49,28,21,45,25,20,59,33,26
2,110,50,60,54,24,30,56,26,30,51,23,28,59,27,32
4,128,46,82,66,24,42,62,22,40,48,20,28,78,24,54
4,102,46,56,50,22,28,52,24,28,61,33,28,41,13,28
0,110,48,62,55,24,31,55,24,31,68,34,34,42,14,28
2,114,50,64,54,24,30,60,26,34,52,24,28,62,26,36
2,114,42,72,51,22,29,63,20,43,45,19,26,69,23,46
1,122,26,96,50,12,38,63,14,49,53,13,40,69,13,56
3,92,36,56,46,18,28,46,18,28,50,22,28,42,14,28
1,114,22,92,38,10,28,58,12,46,50,14,36,64,8,56
0,110,54,56,53,26,27,57,28,29,59,33,26,51,21,30
2,112,52,60,54,24,30,58,28,30,54,24,30,55,25,30
4,102,42,60,50,20,30,52,22,30,49,21,28,53,21,32
3,92,32,60,43,14,29,48,18,30,46,14,32,44,16,28
2,104,46,58,53,24,29,50,22,28,54,24,30,50,22,28
1,118,22,96,39,10,29,60,12,48,52,12,40,66,10,56
0,104,48,56,52,24,28,52,24,28,59,31,28,45,17,28
2,108,48,60,54,24,30,54,24,30,53,23,30,55,25,30
2,118,48,70,59,24,35,59,24,35,54,22,32,64,26,38
1,132,46,86,53,18,35,79,28,51,65,27,38,66,18,48
4,112,44,68,55,22,33,57,22,35,47,19,28,64,24,40
2,114,40,74,58,20,38,56,20,36,47,19,28,66,20,46
0,98,46,52,48,22,26,50,24,26,53,27,26,45,19,26
3,110,34,76,52,16,36,58,18,40,72,24,48,38,10,28
1,110,24,86,55,12,43,54,12,42,45,15,30,64,8,56
0,106,48,58,51,22,29,55,26,29,59,29,30,47,19,28
4,98,40,58,49,20,29,49,20,29,48,20,28,50,20,30
4,96,36,60,48,18,30,48,18,30,50,18,32,46,18,28
4,98,42,56,48,20,28,50,22,28,57,29,28,41,13,28
4,114,46,68,55,22,33,59,24,35,49,21,28,65,25,40
2,116,48,68,58,24,34,58,24,34,49,21,28,66,26,40
3,78,16,62,39,8,31,39,8,31,42,8,34,36,8,28
0,116,52,64,58,24,34,58,28,30,49,21,28,66,30,36
1,110,22,88,38,10,28,56,12,44,45,13,32,65,9,56
1,96,24,72,38,10,28,50,14,36,39,11,28,57,13,44
3,96,40,56,48,20,28,48,20,28,44,16,28,51,23,28
2,106,40,66,53,20,33,53,20,33,49,19,30,56,20,36
4,94,38,56,47,18,29,47,20,27,46,20,26,48,18,30
4,104,46,58,50,22,28,54,24,30,47,19,28,56,26,30
2,106,44,62,54,22,32,52,22,30,54,24,30,52,20,32
4,108,50,58,49,22,27,58,28,30,57,29,28,51,21,30
2,124,44,80,64,22,42,60,22,38,47,19,28,76,24,52
4,102,46,56,50,22,28,52,24,28,56,28,28,46,18,28
2,144,52,92,69,24,45,75,28,47,51,23,28,93,29,64
0,106,48,58,53,24,29,52,24,28,64,34,30,42,14,28
4,102,42,60,50,20,30,52,22,30,48,20,28,53,21,32
1,112,22,90,39,10,29,57,12,45,48,14,34,64,8,56
2,122,48,74,59,24,35,63,24,39,50,22,28,72,26,46
1,104,28,76,51,14,37,51,14,37,40,12,28,64,16,48
3,126,48,78,54,16,38,67,32,35,61,23,38,65,25,40
4,124,54,70,64,28,36,59,26,33,56,24,32,67,29,38
1,124,32,92,45,14,31,65,18,47,50,14,36,73,17,56
3,80,24,56,40,12,28,40,12,28,39,11,28,39,11,28
3,90,32,58,43,14,29,46,18,28,44,18,26,46,14,32
1,122,28,94,50,12,38,63,16,47,52,14,38,70,14,56
2,118,62,56,58,30,28,60,32,28,51,25,26,66,36,30
0,92,36,56,46,18,28,46,18,28,49,21,28,43,15,28
4,116,48,68,61,26,35,55,22,33,64,24,40,52,24,28
3,94,32,62,46,16,30,47,16,31,54,20,34,39,11,28
1,94,22,72,38,10,28,48,12,36,41,13,28,53,9,44
3,124,54,70,63,28,35,61,26,35,78,36,42,46,18,28
0,112,56,56,56,28,28,56,28,28,58,30,28,47,19,28
3,98,40,58,49,20,29,49,20,29,54,24,30,44,16,28
1,112,20,92,56,10,46,55,10,45,48,12,36,64,8,56
1,118,26,92,53,12,41,60,14,46,50,14,36,68,12,56
2,120,52,68,56,24,32,64,28,36,51,23,28,69,29,40
3,190,84,106,73,30,43,108,54,54,87,39,48,101,43,58
0,114,58,56,56,28,28,58,30,28,65,37,28,49,21,28
2,152,54,98,82,28,54,70,26,44,55,25,30,95,27,68
3,90,34,56,46,18,28,44,16,28,41,13,28,49,21,28
4,116,54,62,55,24,31,61,30,31,69,35,34,47,19,28
2,122,40,82,61,20,41,61,20,41,48,20,28,74,20,54
2,154,74,80,77,36,41,77,38,39,68,34,34,82,36,46
0,98,42,56,49,20,29,49,22,27,51,23,28,47,19,28
2,114,56,58,57,28,29,57,28,29,54,24,30,59,31,28
3,88,30,58,41,12,29,47,18,29,48,18,30,40,12,28
0,118,56,62,60,28,32,57,28,29,74,40,34,44,16,28
4,108,48,60,54,24,30,54,24,30,48,20,28,60,28,32
4,180,80,100,83,36,47,96,44,52,89,39,50,89,39,50
4,110,48,62,54,24,30,56,24,32,64,32,32,46,16,30
3,92,32,60,42,14,28,48,18,30,51,19,32,40,12,28
3,114,38,76,55,18,37,59,20,39,68,20,48,46,18,28
1,122,28,94,61,14,47,59,14,45,55,17,38,66,10,56
1,98,28,70,46,14,32,49,14,35,38,10,28,59,17,42
3,90,32,58,42,14,28,48,18,30,51,21,30,39,11,28
3,86,32,54,43,16,27,43,16,27,42,16,26,44,16,28
3,108,52,56,56,26,30,52,26,26,51,23,28,56,28,28
1,110,22,88,48,10,38,56,12,44,44,12,32,66,10,56
4,116,54,62,56,26,30,60,28,32,53,23,30,62,30,32
1,118,28,90,44,12,32,61,16,45,49,15,34,69,13,56
1,116,26,90,50,12,38,59,14,45,50,16,34,66,10,56
0,102,44,58,51,22,29,50,22,28,60,30,30,42,14,28
2,158,54,104,81,28,53,77,26,51,54,24,30,103,29,74
4,206,90,116,102,44,58,104,46,58,104,50,54,101,39,62
2,104,44,60,51,22,29,53,22,31,50,22,28,54,22,32
3,94,36,58,46,18,28,48,18,30,50,22,28,44,14,30
1,238,74,164,111,34,77,119,40,79,120,36,84,118,38,80
2,284,110,174,107,42,65,177,68,109,137,55,82,143,51,92
0,130,66,64,66,34,32,64,32,32,80,44,36,50,22,28
2,110,44,66,53,20,33,57,24,33,57,25,32,53,19,34
1,98,24,74,49,12,37,41,12,29,40,12,28,58,12,46
0,134,68,66,62,28,34,71,40,31,80,46,34,54,22,32
2,108,46,62,53,22,31,55,24,31,52,22,30,56,24,32
1,102,24,78,51,12,39,40,12,28,42,14,28,60,10,50
3,88,32,56,42,14,28,46,18,28,43,15,28,45,17,28
1,112,28,84,42,14,28,56,14,42,40,12,28,70,14,56
4,112,56,56,57,28,29,55,28,27,49,23,26,63,33,30
4,108,44,64,53,20,33,55,24,31,49,21,28,59,23,36
3,100,40,60,49,20,29,51,20,31,52,22,30,48,18,30
2,102,44,58,51,22,29,51,22,29,50,22,28,52,22,30
2,156,64,92,76,30,46,80,34,46,59,21,38,97,43,54
1,110,28,82,40,12,28,57,16,41,49,15,34,61,13,48
0,114,50,64,56,26,30,58,24,34,68,32,36,46,18,28
3,128,58,70,62,28,34,66,30,36,68,28,40,60,30,30
2,114,48,66,54,22,32,60,26,34,49,21,28,65,27,38
4,124,42,82,58,20,38,66,22,44,48,20,28,76,22,54
3,206,94,112,96,44,52,103,50,53,118,54,64,87,39,48
0,220,104,116,94,44,50,122,60,62,142,64,78,74,36,38
4,100,38,62,48,18,30,51,20,31,49,19,30,51,19,32
1,122,36,86,46,14,32,68,22,46,55,19,36,66,16,50
2,152,56,96,71,26,45,81,30,51,59,25,34,93,31,62
2,136,48,88,75,24,51,61,24,37,52,22,30,82,24,58
1,118,26,92,47,12,35,62,14,48,49,13,36,69,13,56
1,116,24,92,48,12,36,58,12,46,50,14,36,66,10,56
3,108,28,80,49,12,37,59,16,43,67,15,52,40,12,28
4,112,46,66,58,24,34,54,22,32,59,21,38,47,19,28
0,140,48,92,71,24,47,69,24,45,63,23,40,77,25,52
0,110,40,70,57,20,37,53,20,33,63,21,42,47,19,28
3,104,44,60,52,22,30,52,22,30,58,26,32,46,18,28
1,114,22,92,38,10,28,58,12,46,49,13,36,64,8,56
2,172,48,124,84,22,62,88,26,62,68,24,44,104,24,80
3,96,30,66,49,16,33,46,14,32,50,16,34,46,14,32
4,108,48,60,55,24,31,52,24,28,50,20,30,58,28,30
2,116,44,72,57,22,35,58,22,36,52,22,30,64,22,42
1,108,22,86,38,10,28,55,12,43,42,12,30,65,9,56
3,82,26,56,40,12,28,42,14,28,41,13,28,41,13,28
4,132,48,84,62,22,40,68,26,42,63,27,36,69,21,48
1,108,20,88,38,10,28,54,10,44,44,12,32,63,7,56
2,92,36,56,46,18,28,46,18,28,46,18,28,46,18,28
3,112,44,68,50,20,30,62,24,38,57,23,34,54,20,34
1,106,30,76,49,14,35,54,16,38,43,15,28,63,15,48
2,160,46,114,79,22,57,81,24,57,60,22,38,100,24,76
1,84,22,62,38,10,28,43,12,31,39,11,28,45,11,34
2,98,38,60,49,18,31,49,20,29,45,17,28,52,20,32
2,132,54,78,58,26,32,74,28,46,57,23,34,75,31,44
0,114,54,60,56,26,30,58,28,30,67,35,32,47,19,28
1,124,28,96,51,12,39,64,16,48,56,16,40,66,10,56
1,86,28,58,43,14,29,43,14,29,42,14,28,44,14,30
0,108,50,58,50,22,28,57,28,29,63,33,30,45,17,28
2,108,44,64,56,22,34,52,22,30,50,22,28,58,22,36
1,122,28,94,60,14,46,61,14,47,53,15,38,69,13,56
4,114,54,60,56,26,30,58,28,30,67,35,32,47,19,28
1,128,34,94,52,16,36,67,18,49,54,16,38,72,16,56
4,224,94,130,103,42,61,115,52,63,125,53,72,93,35,58
4,106,50,56,54,26,28,52,24,28,63,35,28,43,15,28
2,116,48,68,55,22,33,61,26,35,52,22,30,64,26,38
0,104,48,56,50,22,28,54,26,28,60,32,28,44,16,28
4,100,38,62,49,18,31,51,20,31,47,19,28,53,19,34
3,114,36,78,56,18,38,58,18,40,66,20,46,48,16,32
1,118,24,94,49,12,37,59,12,47,52,14,38,66,10,56
1,98,22,76,36,8,28,52,14,38,40,12,28,58,10,48
3,108,44,64,52,20,32,55,24,31,65,29,36,43,15,28
0,106,50,56,52,24,28,54,26,28,60,32,28,46,18,28
2,156,54,102,73,26,47,82,28,54,54,22,32,100,30,70
1,112,24,88,43,12,31,56,12,44,46,14,32,66,10,56
4,130,46,84,66,22,44,62,24,38,65,27,38,65,19,46
1,114,22,92,56,10,46,56,12,44,50,14,36,63,7,56
1,74,18,56,37,8,29,37,10,27,40,12,28,34,6,28
3,100,38,62,46,18,28,53,20,33,53,23,30,47,15,32
2,128,42,86,51,20,31,76,22,54,54,20,34,73,21,52
1,116,22,94,57,10,47,40,12,28,51,13,38,65,9,56
0,104,48,56,50,22,28,54,26,28,60,32,28,44,16,28
2,136,46,90,64,22,42,72,24,48,50,20,30,85,25,60
4,126,52,74,61,26,35,65,26,39,52,22,30,74,30,44
2,126,46,80,60,22,38,65,24,41,53,23,30,73,23,50
2,176,52,124,87,26,61,89,26,63,75,25,50,101,27,74
3,82,26,56,40,12,28,42,14,28,43,13,30,39,13,26
0,108,52,56,56,28,28,52,24,28,63,35,28,44,16,28
3,86,30,56,42,14,28,44,16,28,43,15,28,43,15,28
3,140,46,94,69,22,47,70,24,46,83,27,56,55,17,38
0,96,40,56,47,20,27,49,20,29,51,23,28,45,17,28
1,116,24,92,38,10,28,63,14,49,48,12,36,68,12,56
2,98,42,56,48,20,28,50,22,28,47,21,26,51,21,30
1,114,22,92,52,10,42,58,12,46,48,12,36,64,8,56
1,118,22,96,52,10,42,60,12,48,52,12,40,65,9,56
1,106,24,82,45,12,33,53,12,41,40,12,28,66,12,54
1,108,22,86,38,10,28,55,12,43,43,13,30,64,8,56
4,108,42,66,52,20,32,56,22,34,47,19,28,60,22,38
2,104,44,60,52,22,30,52,22,30,50,22,28,54,22,32
0,98,40,58,42,20,22,56,20,36,53,25,28,44,14,30
4,100,42,58,50,20,30,50,22,28,53,25,28,47,17,30
1,80,22,58,38,10,28,41,12,29,40,12,28,40,10,30
3,114,52,62,59,26,33,54,26,28,48,18,30,65,33,32
0,112,52,60,53,24,29,59,28,31,67,35,32,45,17,28
1,116,22,94,44,10,34,60,12,48,52,14,38,64,8,56
1,80,22,58,38,10,28,41,12,29,41,13,28,39,9,30
2,118,42,76,65,22,43,53,20,33,52,20,32,66,22,44
2,118,50,68,59,24,35,59,26,33,61,25,36,57,25,32
0,110,52,58,55,26,29,55,26,29,66,36,30,44,16,28
3,88,30,58,42,14,28,45,16,29,45,17,28,42,12,30
1,114,22,92,41,10,31,58,12,46,48,12,36,66,10,56
1,110,28,82,55,14,41,53,14,39,42,14,28,68,14,54
2,100,42,58,49,20,29,51,22,29,49,19,30,51,23,28
0,112,50,62,50,20,30,62,30,32,67,33,34,44,16,28
0,114,52,62,57,26,31,57,26,31,62,30,32,48,18,30
0,92,34,58,47,18,29,45,16,29,43,13,30,49,21,28
2,104,44,60,53,22,31,51,22,29,47,21,26,57,23,34
0,104,50,54,51,24,27,53,26,27,49,23,26,53,25,28
3,78,20,58,38,8,30,40,12,28,39,11,28,39,9,30
2,164,50,114,78,22,56,86,28,58,58,24,34,106,26,80
2,112,52,60,59,28,31,53,24,29,53,23,30,59,29,30
2,100,42,58,49,20,29,51,22,29,45,19,26,55,23,32
4,110,46,64,52,22,30,57,24,33,49,21,28,61,25,36
4,130,40,90,66,20,46,64,20,44,47,19,28,83,21,62
0,136,64,72,72,34,38,63,30,33,93,49,44,43,15,28
4,98,40,58,49,20,29,49,20,29,48,20,28,50,20,30
0,168,74,94,72,32,40,95,42,53,118,56,62,50,18,32
3,86,28,58,43,14,29,43,14,29,48,18,30,38,10,28
1,112,22,90,38,10,28,57,12,45,48,14,34,64,8,56
3,86,28,58,43,14,29,43,14,29,46,16,30,40,12,28
1,122,28,94,52,14,38,61,14,47,52,14,38,69,13,56
2,154,44,110,76,22,54,78,22,56,62,22,40,92,22,70
4,150,50,100,74,24,50,76,26,50,49,21,28,101,29,72
1,78,22,56,38,10,28,40,12,28,41,13,28,37,9,28
2,98,42,56,48,20,28,50,22,28,48,20,28,50,22,28
4,106,40,66,54,20,34,52,20,32,48,20,28,58,20,38
1,80,18,62,37,8,29,41,10,31,37,9,28,43,9,34
3,94,38,56,46,18,28,48,20,28,51,23,28,43,15,28
0,102,44,58,52,22,30,50,22,28,57,27,30,44,16,28
1,122,30,92,54,16,38,60,14,46,52,14,38,69,15,54
1,116,24,92,58,12,46,54,12,42,50,14,36,65,9,56
4,104,42,62,51,20,31,53,22,31,48,20,28,56,22,34
0,100,40,60,50,20,30,50,20,30,56,24,32,44,16,28
4,126,54,72,59,26,33,65,28,37,60,24,36,64,28,36
0,112,54,58,57,28,29,55,26,29,65,35,30,47,19,28
0,104,48,56,52,24,28,52,24,28,62,34,28,42,14,28
2,112,42,70,55,20,35,57,22,35,47,19,28,65,23,42
3,86,26,60,44,14,30,42,12,30,45,13,32,40,12,28
3,110,52,58,53,24,29,57,28,29,57,27,30,53,25,28
1,78,20,58,39,10,29,39,10,29,38,10,28,40,10,30
0,104,32,72,52,16,36,52,16,36,61,17,44,43,15,28
3,102,34,68,48,16,32,52,18,34,58,18,40,44,16,28
3,94,30,64,48,16,32,46,14,32,47,15,32,47,15,32
0,104,48,56,50,22,28,54,26,28,61,33,28,43,15,28
1,120,26,94,45,12,33,61,14,47,51,13,38,68,12,56
4,128,48,80,62,24,38,66,24,42,48,20,28,79,27,52
4,106,48,58,53,24,29,53,24,29,55,25,30,46,18,28
1,118,26,92,47,12,35,60,14,46,50,14,36,68,12,56
0,96,40,56,47,20,27,49,20,29,51,23,28,45,17,28
3,126,46,80,65,24,41,61,22,39,68,20,48,57,25,32
3,80,22,58,39,10,29,41,12,29,43,13,30,37,9,28
1,120,28,92,49,14,35,60,14,46,51,15,36,68,12,56
1,114,22,92,40,10,30,58,12,46,50,14,36,64,8,56
3,100,34,66,51,16,35,47,18,29,55,19,36,45,15,30
4,186,80,106,100,42,58,84,38,46,70,28,42,113,49,64
4,102,46,56,50,22,28,52,24,28,60,32,28,41,13,28
1,86,30,56,42,14,28,44,16,28,41,13,28,45,17,28
1,100,24,76,41,12,29,50,12,38,42,14,28,58,10,48
0,106,48,58,50,22,28,56,26,30,64,34,30,42,14,28
4,136,52,84,52,24,28,84,28,56,54,24,30,82,28,54
3,128,50,78,64,26,38,64,24,40,80,30,50,44,16,28
4,112,44,68,58,22,36,54,22,32,47,19,28,64,24,40
2,106,42,64,53,20,33,53,22,31,46,20,26,60,22,38
1,120,30,90,49,14,35,61,16,45,48,14,34,72,16,56
4,102,44,58,51,22,29,51,22,29,45,19,26,56,24,32
1,108,26,82,50,14,36,53,12,41,40,12,28,68,14,54
3,96,30,66,46,14,32,49,16,33,50,12,38,44,16,28
0,108,54,54,54,28,26,53,26,27,62,36,26,46,18,28
2,106,48,58,53,24,29,53,24,29,48,22,26,57,25,32
1,112,22,90,44,10,34,57,12,45,46,12,34,66,10,56
4,104,46,58,54,24,30,50,22,28,48,20,28,56,26,30
4,114,56,58,55,26,29,59,30,29,59,29,30,55,27,28
2,112,44,68,54,22,32,58,22,36,50,20,30,62,24,38
3,100,42,58,49,20,29,51,22,29,56,26,30,43,15,28
2,120,46,74,61,24,37,58,22,36,51,21,30,68,24,44
3,92,32,60,48,16,32,44,16,28,49,17,32,43,15,28
3,104,42,62,48,20,28,56,22,34,62,28,34,42,14,28
2,198,74,124,97,38,59,99,36,63,102,42,60,95,31,64
2,108,46,62,52,22,30,56,24,32,51,23,28,57,23,34
0,100,40,60,50,20,30,50,20,30,61,27,34,39,13,26
1,112,22,90,38,10,28,57,12,45,46,12,34,65,9,56
0,110,52,58,55,26,29,55,26,29,60,30,30,49,21,28
4,400,200,200,218,110,108,175,90,85,213,111,102,182,84,98
3,126,48,78,64,26,38,57,22,35,79,29,50,46,18,28
4,152,52,100,78,28,50,74,24,50,60,26,34,92,26,66
1,96,24,72,48,14,34,43,10,33,40,12,28,56,12,44
0,108,48,60,54,24,30,54,24,30,66,34,32,42,14,28
3,96,40,56,48,20,28,48,20,28,52,24,28,44,16,28
3,102,38,64,49,18,31,52,20,32,55,19,36,47,19,28
1,80,22,58,38,10,28,41,12,29,41,13,28,38,8,30
1,114,24,90,41,10,31,59,14,45,48,14,34,65,9,56
1,106,20,86,53,10,43,45,10,35,41,11,30,64,8,56
2,164,48,116,80,22,58,84,26,58,69,25,44,95,23,72
0,86,30,56,42,14,28,44,16,28,43,15,28,43,15,28
2,100,38,62,50,18,32,50,20,30,47,17,30,53,21,32
1,80,22,58,38,10,28,41,12,29,41,13,28,39,9,30
2,98,42,56,48,20,28,50,22,28,48,20,28,50,22,28
4,106,42,64,54,22,32,52,20,32,48,20,28,58,22,36
2,100,40,60,50,20,30,50,20,30,49,21,28,51,19,32
0,116,56,60,56,26,30,60,30,30,70,38,32,45,17,28
1,114,22,92,41,10,31,58,12,46,50,14,36,64,8,56
1,112,22,90,38,10,28,57,12,45,48,14,34,64,8,56
1,118,28,90,60,16,44,57,12,45,50,16,34,68,12,56
4,120,42,78,62,20,42,58,22,36,49,21,28,71,21,50
1,114,22,92,38,10,28,58,12,46,48,12,36,66,10,56
0,114,54,60,58,28,30,56,26,30,67,35,32,46,18,28
1,118,22,96,45,10,35,60,12,48,54,14,40,64,8,56
4,122,40,82,62,20,42,60,20,40,47,19,28,75,21,54
3,84,28,56,42,14,28,42,14,28,42,14,28,42,14,28
4,100,44,56,50,22,28,50,22,28,58,30,28,42,14,28
2,130,46,84,61,20,41,68,26,42,60,26,34,70,20,50
2,110,42,68,53,20,33,57,22,35,54,22,32,56,20,36
0,112,54,58,55,26,29,57,28,29,62,32,30,50,22,28
0,106,50,56,52,24,28,54,26,28,61,33,28,45,17,28
2,140,48,92,70,24,46,70,24,46,58,24,34,82,24,58
2,104,44,60,53,22,31,51,22,29,49,21,28,54,22,32
2,106,38,68,52,18,34,54,20,34,49,19,30,57,19,38
0,104,46,58,51,22,29,53,24,29,62,32,30,42,14,28
1,114,22,92,47,10,37,58,12,46,50,14,36,64,8,56
4,110,50,60,58,26,32,52,24,28,49,21,28,60,28,32
3,100,42,58,48,20,28,51,22,29,52,22,30,47,19,28
4,160,66,94,76,32,44,83,34,49,80,34,46,79,31,48
0,110,50,60,54,24,30,56,26,30,49,21,28,61,29,32
2,130,44,86,66,22,44,63,22,41,50,22,28,80,22,58
2,130,46,84,70,24,46,60,22,38,47,19,28,82,26,56
1,116,24,92,58,12,46,56,12,44,48,12,36,68,12,56
4,126,46,80,63,22,41,63,24,39,48,20,28,76,24,52
4,192,88,104,100,42,58,91,46,45,71,31,40,119,55,64
3,98,40,58,45,18,27,53,22,31,44,18,26,54,22,32
3,96,30,66,49,16,33,47,14,33,56,18,38,40,12,28
2,124,54,70,55,24,31,68,30,38,59,27,32,65,27,38
0,112,52,60,55,24,31,57,28,29,68,36,32,44,16,28
4,112,42,70,55,20,35,57,22,35,47,19,28,64,22,42
1,112,22,90,38,10,28,57,12,45,47,13,34,64,8,56
0,102,46,56,52,24,28,50,22,28,58,30,28,43,15,28
2,166,78,88,80,38,42,84,40,44,79,35,44,85,41,44
3,78,22,56,38,10,28,40,12,28,43,15,28,35,7,28
3,102,42,60,49,20,29,52,22,30,49,19,30,48,18,30
2,142,52,90,75,28,47,67,24,43,57,23,34,85,29,56
4,108,44,64,54,22,32,54,22,32,47,19,28,61,25,36
1,120,28,92,56,14,42,60,14,46,50,14,36,69,13,56
3,100,38,62,44,16,28,56,22,34,53,19,34,46,18,28
2,114,50,64,57,26,31,55,24,31,62,28,34,52,22,30
4,176,66,110,91,32,59,85,34,51,74,32,42,102,34,68
1,104,22,82,51,10,41,40,12,28,40,12,28,64,10,54
3,94,28,66,48,16,32,45,12,33,52,14,38,42,14,28
4,104,44,60,53,22,31,51,22,29,47,19,28,56,24,32
3,110,34,76,51,16,35,59,18,41,72,24,48,38,10,28
3,88,28,60,44,14,30,44,14,30,50,18,32,38,10,28
3,106,44,62,55,22,33,51,22,29,61,27,34,43,15,28
2,144,46,98,71,22,49,73,24,49,49,19,30,94,26,68
0,104,46,58,50,22,28,54,24,30,63,33,30,41,13,28
3,80,24,56,43,12,31,37,12,25,40,12,28,40,12,28
2,164,54,110,80,26,54,84,28,56,67,25,42,96,28,68
1,120,26,94,46,12,34,64,14,50,52,14,38,68,12,56
1,110,30,80,43,14,29,56,16,40,41,13,28,69,17,52
1,118,30,88,52,14,38,60,16,44,48,16,32,70,14,56
1,112,22,90,49,10,39,57,12,45,47,13,34,65,9,56
0,108,52,56,54,26,28,54,26,28,62,34,28,45,17,28
4,108,44,64,53,22,31,54,22,32,50,20,30,58,24,34
0,106,50,56,52,24,28,54,26,28,61,33,28,45,17,28
1,116,22,94,40,10,30,59,12,47,52,14,38,64,8,56
2,100,42,58,49,20,29,51,22,29,49,21,28,51,21,30
0,92,32,60,48,18,30,44,14,30,49,17,32,43,15,28
3,76,20,56,38,10,28,38,10,28,40,12,28,36,8,28
3,80,24,56,40,12,28,40,12,28,39,11,28,41,13,28
3,90,34,56,44,16,28,46,18,28,44,16,28,41,13,28
1,96,22,74,36,8,28,51,14,37,38,10,28,58,12,46
0,110,52,58,55,26,29,55,26,29,62,32,30,48,20,28
1,116,40,76,57,20,37,58,20,38,62,20,42,54,20,34
0,100,42,58,49,20,29,51,22,29,52,22,30,48,20,28
3,92,34,58,44,16,28,48,18,30,44,16,28,48,18,30
3,96,38,58,47,18,29,49,20,29,58,28,30,38,10,28
4,118,44,74,62,22,40,56,22,34,49,21,28,69,23,46
3,78,18,60,38,8,30,40,10,30,41,9,32,37,9,28
0,110,52,58,53,24,29,57,28,29,63,33,30,46,18,28
1,114,24,90,42,12,30,57,12,45,46,12,34,68,12,56
2,158,44,114,77,22,55,81,22,59,62,22,40,96,22,74
3,98,40,58,47,18,29,51,22,29,49,19,30,48,20,28
2,118,60,58,61,32,29,56,28,28,56,26,30,61,33,28
2,126,48,78,63,24,39,63,24,39,60,24,36,65,23,42
2,118,44,74,58,22,36,60,22,38,51,21,30,67,23,44
4,106,50,56,52,24,28,54,26,28,61,33,28,45,17,28
0,100,44,56,50,22,28,50,22,28,58,30,28,42,14,28
4,88,32,56,42,14,28,46,18,28,44,16,28,44,16,28
4,110,42,68,54,20,34,56,22,34,49,21,28,61,21,40
3,138,44,94,68,22,46,70,22,48,78,22,56,59,21,38
2,110,46,64,55,22,33,55,24,31,50,22,28,60,24,36
3,98,40,58,49,20,29,48,20,28,50,20,30,48,20,28
4,106,46,60,53,22,31,53,24,29,49,21,28,56,24,32
0,114,52,62,56,24,32,58,28,30,70,36,34,44,16,28
4,164,76,88,76,36,40,87,40,47,88,40,48,74,34,40
1,106,22,84,41,10,31,54,12,42,39,11,28,64,8,56
3,92,34,58,44,16,28,48,18,30,47,17,30,44,16,28
2,150,44,106,79,22,57,71,22,49,54,22,32,96,22,74
0,102,44,58,51,22,29,51,22,29,58,28,30,44,16,28
2,128,48,80,64,22,42,64,26,38,49,21,28,79,27,52
4,116,48,68,60,22,38,56,26,30,49,21,28,67,27,40
3,112,40,72,55,20,35,57,20,37,64,20,44,48,20,28
4,104,46,58,51,22,29,53,24,29,50,22,28,53,23,30
0,96,40,56,48,20,28,48,20,28,56,28,28,40,12,28
3,104,44,60,52,22,30,52,22,30,58,26,32,46,18,28
2,130,42,88,66,20,46,64,22,42,48,20,28,82,22,60
4,152,48,104,78,24,54,74,24,50,49,21,28,102,26,76
3,82,26,56,40,12,28,42,14,28,38,10,28,44,16,28
4,114,42,72,58,22,36,56,20,36,47,19,28,67,23,44
4,112,46,66,54,22,32,58,24,34,48,20,28,63,25,38
2,112,48,64,51,20,31,61,28,33,59,27,32,53,21,32
3,122,34,88,41,12,29,73,22,51,39,11,28,83,23,60
1,116,24,92,39,10,29,61,14,47,50,14,36,65,9,56
0,102,46,56,48,20,28,54,26,28,58,30,28,44,16,28
2,144,52,92,71,26,45,73,26,47,70,32,38,74,20,54
3,82,26,56,40,12,28,42,14,28,43,15,28,39,11,28
4,118,54,64,58,26,32,60,28,32,67,35,32,51,19,32
1,118,24,94,47,10,37,61,14,47,52,14,38,66,10,56
0,112,52,60,58,26,32,54,26,28,63,33,30,49,19,30
4,106,40,66,53,20,33,53,20,33,48,20,28,58,20,38
1,118,26,92,44,12,32,60,14,46,52,16,36,66,10,56
4,240,104,136,130,52,78,108,52,56,156,74,82,83,29,54
2,108,44,64,56,22,34,52,22,30,50,22,28,58,22,36
4,132,42,90,64,20,44,68,22,46,48,20,28,84,22,62
3,124,42,82,64,20,44,59,22,37,70,24,46,54,18,36
0,104,44,60,53,24,29,50,20,30,59,27,32,41,13,28
2,142,46,96,71,22,49,71,24,47,49,19,30,93,27,66
0,132,52,80,62,24,38,68,28,40,83,31,52,49,21,28
4,136,60,76,71,32,39,65,28,37,69,35,34,67,25,42
4,110,42,68,56,20,36,54,22,32,49,19,30,61,23,38
2,108,42,66,52,20,32,56,22,34,49,19,30,59,23,36
2,116,46,70,58,24,34,58,22,36,50,22,28,66,24,42
0,98,38,60,47,18,29,51,20,31,48,18,30,50,20,30
0,106,50,56,50,22,28,56,28,28,62,34,28,43,15,28
0,120,56,64,54,26,28,65,30,35,72,36,36,47,19,28
4,100,42,58,48,20,28,52,22,30,47,19,28,53,23,30
3,90,32,58,45,16,29,45,16,29,45,15,30,45,17,28
2,136,48,88,71,22,49,64,26,38,56,24,32,80,24,56
0,96,40,56,48,20,28,48,20,28,54,26,28,42,14,28
2,140,42,98,68,20,48,72,22,50,49,21,28,91,21,70
2,114,48,66,52,22,30,61,26,35,58,26,32,56,22,34
4,118,40,78,60,20,40,58,20,38,47,19,28,71,21,50
2,120,50,70,62,26,36,56,24,32,69,29,40,50,20,30
2,122,46,76,66,24,42,56,22,34,59,23,36,63,23,40
0,86,30,56,42,14,28,44,16,28,44,16,28,42,14,28
2,106,40,66,54,20,34,52,20,32,50,20,30,56,20,36
1,104,24,80,48,12,36,52,12,40,40,12,28,64,12,52
0,116,42,74,57,20,37,59,22,37,70,24,46,46,18,28
3,92,34,58,46,16,30,46,18,28,45,17,28,47,17,30
0,104,48,56,50,22,28,54,26,28,60,32,28,44,16,28
2,118,42,76,59,20,39,59,22,37,49,21,28,68,20,48
1,116,24,92,42,12,30,58,12,46,49,13,36,67,11,56
1,114,22,92,53,12,41,56,10,46,48,12,36,66,10,56
1,116,24,92,45,12,33,58,12,46,48,12,36,67,11,56
1,120,28,92,56,16,40,58,12,46,51,15,36,69,13,56
4,96,40,56,48,20,28,48,20,28,55,27,28,41,13,28
1,110,20,90,55,10,45,52,10,42,45,11,34,64,8,56
4,122,48,74,63,24,39,59,24,35,50,20,30,71,27,44
2,146,48,98,79,26,53,67,22,45,57,21,36,89,27,62
3,198,54,144,93,24,69,102,30,72,103,29,74,93,23,70
4,148,66,82,74,34,40,74,32,42,77,37,40,70,28,42
1,122,30,92,54,16,38,60,14,46,50,14,36,72,16,56
2,98,40,58,49,20,29,49,20,29,50,20,30,48,20,28
1,90,30,60,43,14,29,46,16,30,42,14,28,48,16,32
3,82,26,56,37,10,27,45,16,29,42,14,28,40,12,28
4,98,54,44,47,26,21,51,28,23,49,27,22,48,26,22
2,110,44,66,56,22,34,54,22,32,50,22,28,60,22,38
4,118,48,70,59,24,35,59,24,35,66,28,38,51,19,32
0,104,48,56,49,22,27,55,26,29,59,31,28,45,17,28
3,94,30,64,44,12,32,50,18,32,50,14,36,44,16,28
2,112,50,62,54,24,30,57,26,31,71,37,34,41,13,28
2,178,62,116,90,30,60,88,32,56,69,31,38,106,28,78
4,96,40,56,48,20,28,48,20,28,56,28,28,40,12,28
3,124,52,72,57,24,33,66,28,38,68,30,38,55,21,34
1,112,26,86,40,12,28,57,14,43,44,14,30,68,12,56
0,106,48,58,51,22,29,55,26,29,59,29,30,47,19,28
3,80,24,56,39,12,27,41,12,29,43,15,28,37,9,28
3,74,18,56,38,10,28,35,8,27,38,10,28,36,8,28
0,104,48,56,52,24,28,52,24,28,62,34,28,42,14,28
1,114,22,92,38,10,28,58,12,46,48,12,36,66,10,56
3,136,48,88,69,24,45,67,24,43,63,23,40,73,25,48
4,92,34,58,46,16,30,46,18,28,45,17,28,47,17,30
4,116,44,72,64,22,42,52,22,30,48,20,28,67,23,44
4,118,58,60,60,30,30,56,28,28,60,28,32,58,30,28
4,114,42,72,56,20,36,58,22,36,46,18,28,68,24,44
4,100,38,62,52,20,32,48,18,30,48,16,32,52,22,30
3,92,36,56,44,16,28,48,20,28,45,17,28,41,13,28
2,104,40,64,52,20,32,52,20,32,50,20,30,54,20,34
4,94,38,56,46,18,28,48,20,28,47,19,28,47,19,28
2,130,42,88,60,20,40,70,22,48,48,20,28,82,22,60
0,104,48,56,52,24,28,52,24,28,62,34,28,42,14,28
1,124,28,96,45,12,33,64,16,48,53,13,40,71,15,56
0,94,34,60,45,16,29,49,18,31,50,18,32,44,16,28
3,94,38,56,46,18,28,47,20,27,43,17,26,51,21,30
3,144,58,86,60,26,34,83,32,51,66,24,42,78,34,44
0,118,42,76,48,20,28,70,22,48,60,22,38,57,19,38
1,100,22,78,46,12,34,49,10,39,40,12,28,60,10,50
3,112,46,66,61,26,35,51,20,31,57,23,34,54,22,32
2,116,44,72,59,22,37,57,22,35,48,20,28,68,24,44
1,110,22,88,41,10,31,56,12,44,44,12,32,66,10,56
2,116,44,72,60,22,38,56,22,34,54,22,32,62,22,40
1,128,38,90,53,18,35,66,20,46,52,18,34,76,20,56
2,114,44,70,58,22,36,56,22,34,48,20,28,66,24,42
4,96,38,58,46,18,28,49,20,29,57,27,30,39,11,28
1,108,20,88,54,10,44,44,10,34,43,11,32,64,8,56
1,82,24,58,41,12,29,41,12,29,40,12,28,42,12,30
0,110,52,58,55,26,29,55,26,29,62,32,30,48,20,28
3,188,86,102,82,40,42,104,46,58,91,43,48,95,41,54
4,96,40,56,48,20,28,48,20,28,56,28,28,40,12,28
3,90,32,58,44,16,28,45,16,29,38,10,28,52,22,30
3,94,28,66,47,14,33,47,14,33,46,10,36,47,17,30
3,130,46,84,69,26,43,61,20,41,80,28,52,46,14,32
3,282,120,162,131,60,71,145,60,85,142,64,78,135,51,84
0,120,52,68,64,28,36,56,24,32,82,40,42,38,12,26
4,136,66,70,67,32,35,68,34,34,63,31,32,73,35,38
3,100,32,68,43,16,27,57,16,41,60,20,40,39,11,28
1,122,32,90,48,14,34,63,18,45,48,12,36,74,20,54
2,148,56,92,73,26,47,75,30,45,59,27,32,89,29,60
3,98,36,62,49,18,31,49,18,31,54,20,34,44,16,28
1,86,22,64,38,10,28,44,12,32,41,13,28,45,9,36
4,110,42,68,55,20,35,55,22,33,49,21,28,61,21,40
4,158,46,112,78,22,56,80,24,56,48,20,28,108,24,84
0,104,48,56,52,24,28,52,24,28,57,29,28,47,19,28
3,88,32,56,44,16,28,44,16,28,43,15,28,43,15,28
1,122,24,98,43,12,31,61,12,49,56,14,42,66,10,56
0,102,44,58,51,22,29,51,22,29,59,29,30,43,15,28
4,102,42,60,50,20,30,52,22,30,49,21,28,53,21,32
4,118,60,58,57,28,29,61,32,29,50,22,28,59,29,30
1,112,26,86,56,14,42,55,12,43,43,13,30,68,12,56
1,112,26,86,55,12,43,56,14,42,43,13,30,68,12,56
0,124,58,66,59,28,31,64,30,34,81,43,38,43,15,28
4,106,42,64,50,20,30,56,22,34,48,20,28,57,21,36
0,126,66,60,63,32,31,63,34,29,81,49,32,45,17,28
0,90,34,56,43,16,27,47,18,29,46,18,28,43,15,28
1,98,28,70,52,16,36,43,12,31,56,16,40,42,12,30
2,110,46,64,53,22,31,57,24,33,52,22,30,58,24,34
2,108,42,66,57,22,35,51,20,31,48,20,28,60,22,38
4,120,42,78,62,22,40,58,20,38,48,20,28,72,22,50
0,94,40,54,47,20,27,47,20,27,56,28,28,38,12,26
1,112,24,88,56,12,44,56,12,44,47,15,32,64,8,56
3,94,34,60,48,18,30,45,16,29,47,17,30,47,17,30
1,110,20,90,36,8,28,57,12,45,47,13,34,63,7,56
2,134,46,88,72,24,48,62,22,40,53,21,32,80,24,56
1,122,28,94,58,14,44,61,14,47,55,17,38,67,11,56
1,148,46,102,57,24,33,76,22,54,68,24,44,80,22,58
4,104,44,60,52,22,30,52,22,30,48,20,28,56,24,32
1,120,26,94,49,12,37,61,14,47,53,15,38,67,11,56
1,116,26,90,55,14,41,56,12,44,48,14,34,68,12,56
4,96,40,56,48,20,28,48,20,28,55,27,28,40,12,28
3,112,38,74,57,20,37,55,18,37,66,20,46,46,18,28
0,104,48,56,50,22,28,54,26,28,62,34,28,42,14,28
4,116,56,60,57,28,29,59,28,31,52,26,26,64,30,34
4,112,56,56,56,28,28,56,28,28,57,29,28,54,26,28
0,262,150,112,124,66,58,136,84,52,165,103,62,89,39,50
4,102,38,64,51,18,33,50,20,30,56,20,36,46,18,28
1,112,22,90,38,10,28,57,12,45,46,12,34,66,10,56
2,106,42,64,49,18,31,57,24,33,55,23,32,51,19,32
3,100,44,56,50,22,28,50,22,28,48,20,28,51,23,28
3,146,68,78,72,34,38,68,34,34,69,31,38,76,36,40
0,100,44,56,50,22,28,50,22,28,57,29,28,43,15,28
1,116,22,94,52,10,42,59,12,47,51,13,38,64,8,56
2,142,46,96,68,20,48,73,26,47,69,25,44,73,21,52
0,102,46,56,50,22,28,52,24,28,61,33,28,41,13,28
2,110,42,68,52,20,32,58,22,36,49,21,28,61,21,40
2,112,46,66,56,22,34,56,24,32,51,23,28,61,23,38
3,122,40,82,65,20,45,57,20,37,68,20,48,54,20,34
3,106,44,62,52,22,30,53,22,31,49,21,28,57,23,34
2,110,46,64,54,22,32,56,24,32,50,22,28,60,24,36
3,104,38,66,51,18,33,52,20,32,60,24,36,43,13,30
0,404,288,116,183,124,59,219,164,55,240,168,72,159,115,44
3,100,42,58,48,20,28,51,22,29,45,17,28,55,25,30
2,100,40,60,50,20,30,50,20,30,48,20,28,52,20,32
0,110,52,58,53,24,29,57,28,29,65,35,30,45,17,28
0,98,42,56,49,20,29,49,22,27,58,28,30,40,14,26
0,130,68,62,61,32,29,69,36,33,75,41,34,55,27,28
3,86,30,56,44,16,28,42,14,28,47,19,28,39,11,28
3,86,30,56,39,12,27,47,18,29,46,18,28,39,11,28
1,112,20,92,51,10,41,56,10,46,48,12,36,64,8,56
3,98,42,56,48,20,28,50,22,28,56,28,28,42,14,28
3,94,34,60,47,18,29,46,16,30,57,25,32,37,9,28
0,106,50,56,50,22,28,56,28,28,62,34,28,44,16,28
4,120,48,72,60,24,36,60,24,36,48,20,28,72,28,44
3,98,28,70,48,14,34,50,14,36,48,12,36,49,15,34
4,148,44,104,74,22,52,74,22,52,51,21,30,96,22,74
3,98,32,66,47,16,31,51,16,35,56,18,38,42,14,28
4,94,36,58,47,18,29,47,18,29,48,18,30,46,18,28
2,194,108,86,84,46,38,109,62,47,105,61,44,88,46,42
1,126,34,92,49,14,35,70,20,50,52,16,36,73,17,56
2,140,42,98,71,20,51,69,22,47,55,21,34,85,21,64
0,100,44,56,50,22,28,50,22,28,58,30,28,42,14,28
2,110,44,66,58,22,36,52,22,30,49,21,28,61,23,38
1,114,22,92,44,10,34,58,12,46,50,14,36,64,8,56
3,94,34,60,47,18,29,46,16,30,54,22,32,40,12,28
4,146,52,94,70,26,44,76,26,50,54,22,32,91,29,62
1,118,22,96,38,10,28,60,12,48,54,14,40,64,8,56
2,134,48,86,69,22,47,65,26,39,52,22,30,82,26,56
2,140,50,90,66,24,42,74,26,48,49,21,28,91,29,62
2,116,42,74,59,22,37,57,20,37,46,18,28,70,24,46
2,112,46,66,53,22,31,59,24,35,53,23,30,59,23,36
3,96,38,58,48,20,28,48,18,30,53,23,30,43,15,28
2,100,42,58,48,20,28,52,22,30,48,20,28,52,22,30
3,102,44,58,51,22,29,51,22,29,47,17,30,55,27,28
4,148,68,80,77,36,41,67,32,35,80,38,42,68,30,38
3,96,38,58,51,20,31,45,18,27,48,18,30,48,20,28
1,118,24,94,48,12,36,59,12,47,50,12,38,67,11,56
0,110,54,56,54,26,28,56,28,28,56,28,28,53,25,28
0,106,48,58,52,24,28,53,24,29,62,32,30,44,16,28
2,148,38,110,72,18,54,76,20,56,49,19,30,98,18,80
0,98,42,56,48,20,28,50,22,28,49,21,28,41,13,28
4,120,56,64,60,28,32,60,28,32,50,22,28,69,33,36
0,172,94,78,85,50,35,86,44,42,127,77,50,45,17,28
0,122,54,68,60,26,34,61,28,33,80,40,40,41,13,28
4,110,40,70,58,20,38,52,20,32,45,19,26,65,21,44
1,118,32,86,59,16,43,51,16,35,49,15,34,69,17,52
2,130,50,80,56,20,36,73,30,43,59,27,32,71,23,48
2,98,40,58,50,20,30,48,20,28,48,20,28,50,20,30
4,100,40,60,50,20,30,50,20,30,50,18,32,50,22,28
3,234,108,126,109,50,59,120,58,62,124,60,64,105,43,62
2,146,50,96,69,22,47,77,28,49,53,23,30,93,27,66
4,110,50,60,54,24,30,56,26,30,47,19,28,63,31,32
4,114,44,70,58,22,36,56,22,34,48,20,28,66,24,42
0,104,48,56,50,22,28,54,26,28,60,32,28,44,16,28
1,106,24,82,56,14,42,38,10,28,39,11,28,66,12,54
4,116,60,56,58,30,28,58,30,28,54,26,28,62,34,28
3,84,28,56,40,12,28,44,16,28,37,9,28,46,18,28
4,130,46,84,71,22,49,59,24,35,47,19,28,83,27,56
2,102,44,58,52,22,30,50,22,28,50,22,28,52,22,30
4,102,44,58,51,22,29,51,22,29,55,25,30,47,19,28
3,86,24,62,45,14,31,41,10,31,48,14,34,38,10,28
4,126,60,66,66,32,34,59,28,31,55,27,28,69,31,38
1,116,26,90,45,14,31,57,12,45,48,14,34,67,11,56
3,94,36,58,47,18,29,47,18,29,50,20,30,44,16,28
4,110,52,58,54,24,30,56,28,28,65,35,30,44,16,28
2,100,38,62,49,18,31,51,20,31,47,19,28,53,19,34
1,116,28,88,56,12,44,47,16,31,47,15,32,69,13,56
3,94,38,56,46,18,28,48,20,28,45,17,28,49,21,28
0,114,40,74,49,16,33,64,24,40,69,23,46,45,17,28
1,118,22,96,47,10,37,60,12,48,54,14,40,64,8,56
0,102,44,58,49,20,29,53,24,29,58,28,30,44,16,28
2,160,44,116,79,22,57,81,22,59,58,24,34,102,20,82
4,150,50,100,70,24,46,80,26,54,49,21,28,100,28,72
1,130,42,88,69,24,45,59,18,41,58,24,34,72,18,54
1,114,22,92,38,10,28,58,12,46,48,12,36,66,10,56
2,112,46,66,57,22,35,55,24,31,53,23,30,59,23,36
4,118,56,62,61,28,33,55,28,27,48,22,26,70,34,36
2,122,54,68,69,30,39,53,24,29,57,25,32,64,28,36
2,110,54,56,56,28,28,54,26,28,60,32,28,46,18,28
2,134,50,84,67,24,43,67,26,41,51,23,28,83,27,56
2,108,44,64,54,22,32,54,22,32,52,22,30,56,22,34
1,118,24,94,57,12,45,59,12,47,54,16,38,64,8,56
2,168,50,118,83,26,57,85,24,61,61,25,36,106,24,82
0,202,90,112,103,44,59,98,46,52,119,57,62,83,33,50
2,110,38,72,56,18,38,54,20,34,46,18,28,64,20,44
3,96,34,62,48,16,32,48,18,30,39,11,28,55,21,34
3,102,44,58,51,22,29,51,22,29,54,24,30,47,19,28
2,106,42,64,50,18,32,55,24,31,50,20,30,56,22,34
3,94,38,56,46,18,28,48,20,28,45,17,28,49,21,28
3,98,40,58,48,20,28,49,20,29,56,26,30,40,12,28
1,112,40,72,50,18,32,60,22,38,50,20,30,61,19,42
0,112,54,58,55,26,29,57,28,29,54,24,30,57,29,28
2,158,56,102,75,26,49,83,30,53,54,22,32,103,33,70
3,138,66,72,67,32,35,71,34,37,75,39,36,61,25,36
1,126,36,90,48,18,30,63,18,45,50,16,34,76,20,56
2,132,46,86,64,22,42,68,24,44,49,21,28,83,25,58
0,114,58,56,56,28,28,58,30,28,66,38,28,47,19,28
0,104,48,56,50,22,28,54,26,28,60,32,28,44,16,28
3,100,34,66,50,16,34,50,18,32,58,20,38,38,10,28
2,110,44,66,56,22,34,54,22,32,48,20,28,62,24,38
4,130,50,80,63,24,39,67,26,41,48,20,28,82,30,52
2,158,60,98,63,24,39,94,36,58,74,30,44,83,29,54
1,120,28,92,60,14,46,54,14,40,52,14,38,67,13,54
0,110,52,58,55,26,29,55,26,29,61,31,30,49,21,28
3,78,22,56,34,10,24,43,12,31,37,9,28,40,12,28
1,118,34,84,54,16,38,60,18,42,45,17,28,72,16,56
4,138,54,84,64,26,38,73,28,45,71,29,42,66,24,42
3,94,36,58,45,16,29,49,20,29,50,20,30,43,15,28
1,118,24,94,38,10,28,61,14,47,52,14,38,66,10,56
3,92,34,58,47,18,29,45,16,29,47,17,30,40,12,28
3,112,50,62,55,24,31,57,26,31,63,29,34,48,20,28
0,104,48,56,52,24,28,52,24,28,62,34,28,42,14,28
3,88,26,62,42,12,30,46,14,32,43,13,30,44,12,32
0,110,52,58,57,28,29,53,24,29,64,34,30,46,18,28
4,128,46,82,67,24,43,61,22,39,46,20,26,81,25,56
0,98,42,56,50,22,28,48,20,28,53,25,28,45,17,28
0,102,44,58,51,22,29,51,22,29,58,28,30,44,16,28
0,96,40,56,48,20,28,48,20,28,47,19,28,48,20,28
3,98,32,66,48,16,32,49,16,33,48,18,30,50,14,36
3,152,72,80,65,30,35,86,42,44,91,43,48,61,29,32
4,124,52,72,59,24,35,64,28,36,55,23,32,69,29,40
0,114,58,56,56,28,28,58,30,28,67,39,28,46,18,28
4,130,52,78,66,26,40,64,26,38,49,21,28,81,31,50
1,110,22,88,39,10,29,56,12,44,46,14,32,64,8,56
2,98,40,58,50,20,30,48,20,28,48,20,28,50,20,30
2,160,52,108,80,24,56,80,28,52,66,24,42,94,28,66
0,110,50,60,51,22,29,58,28,30,67,35,32,43,15,28
3,268,130,138,125,60,65,134,70,64,127,59,68,137,67,70
0,226,118,108,108,58,50,110,60,50,159,85,74,65,31,34
4,110,40,70,52,20,32,58,20,38,48,20,28,62,20,42
2,104,38,66,52,18,34,52,20,32,52,18,34,52,20,32
1,106,22,84,52,10,42,49,12,37,41,13,28,65,9,56
1,124,30,94,60,14,46,63,16,47,55,17,38,69,13,56
4,88,30,58,43,14,29,45,16,29,42,12,30,46,18,28
1,122,32,90,61,16,45,57,16,41,49,15,34,73,17,56
4,122,44,78,54,20,34,68,24,44,71,23,48,51,21,30
3,114,40,74,57,18,39,57,22,35,67,23,44,45,15,30
2,112,50,62,55,24,31,56,26,30,53,23,30,58,26,32
2,112,42,70,54,20,34,58,22,36,48,20,28,63,21,42
0,118,44,74,63,24,39,55,20,35,66,20,46,52,24,28
4,112,42,70,58,20,38,54,22,32,47,19,28,65,23,42
1,120,22,98,54,10,44,61,12,49,55,13,42,64,8,56
0,138,78,60,68,38,30,68,40,28,91,57,34,46,20,26
2,162,50,112,80,24,56,82,26,56,59,25,34,103,25,78
3,194,82,112,90,38,52,98,44,54,93,37,56,101,45,56
3,118,42,76,58,20,38,60,22,38,65,21,44,53,21,32
3,92,28,64,46,14,32,46,14,32,44,12,32,47,15,32
0,100,44,56,50,22,28,50,22,28,59,29,30,41,15,26
0,122,60,62,63,32,31,59,28,31,73,39,34,49,21,28
4,190,62,128,96,32,64,93,30,63,76,28,48,112,32,80
3,92,34,58,44,16,28,48,18,30,52,22,30,40,12,28
4,116,42,74,64,20,44,52,22,30,48,20,28,68,22,46
1,110,20,90,55,10,45,44,10,34,47,13,34,63,7,56
2,110,38,72,55,18,37,54,20,34,49,19,30,61,19,42
0,112,52,60,57,26,31,55,26,29,66,34,32,46,18,28
1,114,34,80,46,16,30,58,18,40,45,17,28,69,17,52
1,118,32,86,59,16,43,59,16,43,48,18,30,70,14,56
0,104,46,58,51,22,29,53,24,29,59,29,30,45,17,28
2,204,60,144,82,24,58,122,36,86,95,35,60,109,25,84
2,124,46,78,54,22,32,70,24,46,49,19,30,75,27,48
2,94,36,58,47,18,29,47,18,29,46,18,28,48,18,30
4,138,46,92,66,22,44,72,24,48,49,21,28,89,25,64
2,112,42,70,49,20,29,62,22,40,49,19,30,63,23,40
3,108,52,56,54,26,28,54,26,28,52,24,28,56,28,28
0,104,46,58,50,22,28,54,24,30,54,24,30,50,22,28
1,108,22,86,38,10,28,55,12,43,44,14,30,64,8,56
1,124,30,94,50,16,34,60,14,46,47,15,32,76,14,62
0,94,38,56,46,18,28,48,20,28,54,26,28,40,12,28
3,72,14,58,34,6,28,37,8,29,37,7,30,35,7,28
4,122,48,74,57,22,35,65,26,39,50,20,30,72,28,44
4,116,46,70,62,24,38,54,22,32,48,20,28,67,25,42
2,146,52,94,66,22,44,80,30,50,57,25,32,89,27,62
0,104,48,56,52,24,28,52,24,28,60,32,28,44,16,28
0,126,62,64,54,26,28,72,36,36,78,42,36,48,20,28
4,124,58,66,59,28,31,63,30,33,76,38,38,47,19,28
2,118,44,74,60,22,38,58,22,36,49,21,28,68,22,46
0,124,46,78,58,22,36,64,24,40,78,28,50,46,18,28
3,98,40,58,49,20,29,49,20,29,52,22,30,46,18,28
2,100,42,58,49,20,29,51,22,29,47,21,26,53,21,32
1,120,26,94,38,10,28,67,16,51,50,12,38,69,13,56
1,98,24,74,35,10,25,51,14,37,38,12,26,58,10,48
4,152,66,86,74,32,42,78,34,44,57,25,32,94,40,54
1,124,30,94,61,16,45,61,14,47,56,18,38,68,12,56
0,102,46,56,50,22,28,52,24,28,58,30,28,44,16,28
4,132,44,88,68,22,46,64,22,42,47,19,28,85,25,60
3,102,44,58,47,18,29,55,26,29,54,24,30,48,20,28
2,114,48,66,59,24,35,55,24,31,51,23,28,63,25,38
2,98,40,58,47,18,29,51,22,29,49,21,28,49,19,30
2,120,44,76,66,22,44,54,22,32,47,19,28,73,25,48
4,104,40,64,51,20,31,53,20,33,46,20,26,58,20,38
2,112,44,68,55,22,33,57,22,35,54,22,32,58,22,36
0,104,48,56,50,22,28,54,26,28,60,32,28,44,16,28
1,112,28,84,52,14,38,53,14,39,48,14,34,63,13,50
1,116,24,92,57,12,45,42,12,30,52,16,36,64,8,56
2,172,78,94,79,38,41,92,40,52,73,35,38,98,42,56
1,106,24,82,53,12,41,44,12,32,40,12,28,66,12,54
2,126,46,80,66,22,44,60,24,36,51,23,28,75,23,52
2,142,46,96,70,22,48,72,24,48,50,22,28,92,24,68
4,92,34,58,45,16,29,47,18,29,45,15,30,46,18,28
4,102,40,62,52,20,32,50,20,30,47,19,28,54,20,34
4,122,46,76,54,22,32,68,24,44,48,20,28,74,26,48
3,96,36,60,45,16,29,51,20,31,57,25,32,39,11,28
3,90,34,56,44,16,28,46,18,28,50,22,28,39,11,28
3,92,34,58,44,16,28,47,18,29,49,19,30,43,15,28
2,130,48,82,64,24,40,66,24,42,50,20,30,78,26,52
2,110,54,56,56,28,28,54,26,28,52,24,28,58,30,28
0,104,48,56,52,24,28,52,24,28,60,32,28,44,16,28
3,92,34,58,45,16,29,47,18,29,46,16,30,46,18,28
2,118,42,76,54,20,34,64,22,42,47,19,28,71,23,48
1,108,22,86,42,10,32,55,12,43,44,14,30,64,8,56
4,148,54,94,69,26,43,79,28,51,60,24,36,87,29,58
0,82,26,56,40,12,28,42,14,28,39,11,28,43,15,28
2,102,40,62,52,20,32,50,20,30,48,20,28,54,20,34
4,86,28,58,43,14,29,43,14,29,43,13,30,42,14,28
0,102,46,56,50,22,28,52,24,28,51,23,28,51,23,28
4,114,40,74,58,20,38,56,20,36,48,20,28,66,20,46
1,200,104,96,86,42,44,113,62,51,106,52,54,91,49,42
3,84,24,60,42,12,30,42,12,30,43,11,32,41,13,28
4,102,46,56,50,22,28,52,24,28,49,21,28,53,25,28
1,106,20,86,38,10,28,53,10,43,42,12,30,64,8,56
2,168,86,82,88,42,46,80,44,36,92,58,34,75,27,48
4,140,54,86,74,28,46,65,26,39,92,36,56,47,17,30
1,110,20,90,53,10,43,54,10,44,46,12,34,63,7,56
4,116,48,68,56,24,32,60,24,36,49,21,28,67,27,40
1,164,72,92,91,42,49,67,30,37,74,30,44,87,39,48
4,98,38,60,46,18,28,52,20,32,45,19,26,53,19,34
1,124,24,100,55,10,45,64,14,50,59,15,44,65,9,56
3,92,34,58,45,16,29,47,18,29,48,18,30,43,15,28
3,74,18,56,38,10,28,36,8,28,38,10,28,36,8,28
3,140,44,96,65,20,45,75,24,51,86,24,62,54,20,34
0,116,50,66,58,24,34,58,26,32,71,35,36,45,15,30
0,98,40,58,48,20,28,50,20,30,54,24,30,41,13,28
1,120,26,94,41,12,29,63,14,49,50,12,38,70,14,56
0,120,56,64,60,28,32,60,28,32,65,29,36,53,25,28
0,104,48,56,52,24,28,52,24,28,62,34,28,42,14,28
0,104,48,56,50,22,28,54,26,28,51,23,28,53,25,28
3,112,46,66,58,24,34,54,22,32,67,29,38,45,17,28
2,132,62,70,69,34,35,61,28,33,75,37,38,55,23,32
1,90,28,62,39,12,27,48,16,32,43,13,30,47,15,32
1,104,20,84,52,10,42,38,10,28,38,10,28,65,9,56
3,88,28,60,43,14,29,44,14,30,47,15,32,40,12,28
1,118,26,92,47,12,35,63,14,49,49,13,36,68,12,56
3,88,30,58,43,14,29,45,16,29,50,20,30,38,10,28
1,98,20,78,36,8,28,53,12,41,38,10,28,60,10,50
3,76,18,58,39,10,29,36,8,28,37,7,30,38,10,28
4,172,62,110,95,34,61,77,28,49,68,28,40,104,34,70
1,118,32,86,56,14,42,60,18,42,45,15,30,72,16,56
1,122,28,94,51,14,37,61,14,47,52,14,38,69,13,56
1,120,26,94,40,12,28,61,14,47,54,16,38,66,10,56
4,96,34,62,49,18,31,47,16,31,51,17,34,45,17,28
4,108,44,64,52,20,32,56,24,32,49,21,28,59,23,36
4,118,52,66,59,26,33,59,26,33,59,27,32,59,25,34
4,100,44,56,48,20,28,52,24,28,47,19,28,45,17,28
3,96,36,60,47,18,29,48,18,30,45,17,28,51,19,32
4,104,46,58,54,24,30,50,22,28,61,31,30,42,14,28
2,148,80,68,65,34,31,82,46,36,65,29,36,81,49,32
3,102,42,60,52,22,30,49,20,29,56,26,30,46,16,30
3,90,34,56,44,16,28,46,18,28,49,21,28,39,11,28
2,98,36,62,49,18,31,49,18,31,46,18,28,52,18,34
1,114,22,92,38,10,28,58,12,46,50,14,36,64,8,56
4,102,46,56,50,22,28,52,24,28,59,31,28,43,15,28
1,122,44,78,61,22,39,61,22,39,46,18,28,76,26,50
0,122,64,58,59,30,29,63,34,29,67,37,30,55,27,28
0,108,50,58,52,24,28,56,26,30,64,34,30,44,16,28
0,100,44,56,48,20,28,52,24,28,58,30,28,42,14,28
4,138,50,88,71,24,47,67,26,41,49,21,28,89,29,60
0,120,52,68,57,24,33,63,28,35,67,29,38,51,21,30
1,92,30,62,42,14,28,47,16,31,43,15,28,49,15,34
4,100,40,60,50,20,30,49,20,29,53,21,32,47,19,28
4,108,46,62,51,22,29,56,24,32,51,21,30,57,25,32
4,114,44,70,56,22,34,57,22,35,49,21,28,65,23,42
0,108,50,58,53,24,29,55,26,29,62,32,30,46,18,28
2,94,36,58,47,18,29,47,18,29,48,18,30,46,18,28
1,120,30,90,56,14,42,61,16,45,49,15,34,70,14,56
4,148,50,98,74,24,50,74,26,48,50,22,28,98,28,70
4,116,46,70,59,24,35,57,22,35,49,19,30,67,27,40
3,118,44,74,50,18,32,63,26,37,68,26,42,50,18,32
0,84,24,60,42,12,30,42,12,30,44,12,32,40,12,28
1,86,24,62,38,10,28,45,14,31,40,12,28,46,12,34
3,112,40,72,55,20,35,57,20,37,64,20,44,48,20,28
1,130,34,96,49,14,35,74,20,54,58,18,40,71,15,56
3,86,28,58,43,14,29,43,14,29,48,18,30,38,10,28
4,116,46,70,56,22,34,60,24,36,48,20,28,67,25,42
0,102,46,56,50,22,28,52,24,28,60,32,28,42,14,28
3,102,34,68,43,14,29,58,20,38,51,17,34,50,16,34
2,118,42,76,58,20,38,59,22,37,49,19,30,69,23,46
0,108,50,58,55,26,29,52,24,28,66,36,30,42,14,28
0,104,46,58,51,22,29,53,24,29,61,31,30,43,15,28
3,86,28,58,44,14,30,42,14,28,38,10,28,48,18,30
4,198,84,114,106,46,60,92,38,54,83,39,44,113,43,70
0,114,52,62,56,26,30,57,26,31,66,34,32,47,17,30
2,150,44,106,77,22,55,73,22,51,54,22,32,94,20,74
4,88,32,56,42,14,28,46,18,28,45,17,28,42,14,28
3,116,48,68,59,24,35,56,24,32,56,22,34,59,25,34
1,120,30,90,59,14,45,52,16,36,52,16,36,67,13,54
3,94,32,62,42,14,28,52,18,34,50,16,34,39,11,28
1,114,26,88,44,10,34,60,16,44,44,12,32,70,14,56
3,112,36,76,55,18,37,56,18,38,66,20,46,46,16,30
3,104,44,60,52,22,30,52,22,30,53,21,32,51,23,28
1,74,18,56,36,8,28,38,10,28,39,11,28,35,7,28
0,110,50,60,54,24,30,56,26,30,69,37,32,41,13,28
1,116,24,92,56,10,46,60,14,46,52,16,36,64,8,56
0,108,34,74,46,14,32,59,20,39,68,22,46,40,12,28
2,112,42,70,55,20,35,57,22,35,48,20,28,63,21,42
1,124,28,96,56,10,46,59,18,41,59,19,40,65,9,56
3,86,30,56,42,14,28,44,16,28,45,17,28,41,13,28
3,104,42,62,51,20,31,53,22,31,39,11,28,65,31,34
1,114,28,86,57,14,43,55,14,41,44,14,30,69,13,56
3,94,30,64,48,16,32,46,14,32,42,14,28,52,16,36
2,102,40,62,49,18,31,53,22,31,47,19,28,55,21,34
0,88,32,56,44,16,28,44,16,28,42,14,28,45,17,28
4,102,44,58,51,22,29,51,22,29,50,20,30,52,24,28
4,134,44,90,68,22,46,66,22,44,47,19,28,86,24,62
3,94,38,56,48,20,28,46,18,28,44,16,28,50,22,28
2,106,42,64,56,20,36,50,22,28,46,20,26,60,22,38
3,224,92,132,119,50,69,90,42,48,109,45,64,113,45,68
4,110,48,62,56,24,32,54,24,30,50,22,28,60,26,34
4,100,38,62,49,18,31,51,20,31,51,19,32,49,19,30
4,116,56,60,56,26,30,60,30,30,55,25,30,61,31,30
4,96,32,64,40,14,26,52,18,34,45,13,32,51,19,32
1,114,22,92,41,10,31,58,12,46,48,12,36,65,9,56
0,242,92,150,97,32,65,139,60,79,129,63,66,110,26,84
0,104,44,60,53,22,31,51,22,29,62,30,32,41,13,28
1,122,26,96,59,12,47,62,14,48,56,16,40,66,10,56
0,96,42,54,47,20,27,49,22,27,55,29,26,41,13,28
4,108,50,58,53,24,29,55,26,29,61,31,30,47,19,28
3,100,40,60,46,18,28,53,22,31,60,28,32,39,11,28
0,162,76,86,73,32,41,88,44,44,100,46,54,59,27,32
4,106,48,58,53,24,29,52,24,28,62,32,30,44,16,28
2,158,56,102,86,30,56,72,26,46,60,28,32,95,25,70
3,98,40,58,48,18,30,50,22,28,55,25,30,43,15,28
0,164,46,118,81,22,59,82,24,58,61,25,36,103,21,82
0,108,48,60,55,24,31,53,24,29,64,32,32,44,16,28
4,118,52,66,54,26,28,64,26,38,50,22,28,67,29,38
0,108,46,62,52,22,30,55,24,31,64,30,34,44,16,28
2,112,44,68,56,22,34,56,22,34,51,21,30,61,23,38
0,220,106,114,108,54,54,110,52,58,142,74,68,78,32,46
0,214,106,108,85,46,39,122,60,62,161,83,78,50,20,30
0,110,54,56,54,26,28,56,28,28,61,33,28,49,21,28
1,114,26,88,41,12,29,58,14,44,44,12,32,70,14,56
3,92,36,56,44,16,28,48,20,28,45,17,28,47,19,28
4,106,44,62,49,20,29,55,24,31,63,29,34,43,15,28
1,114,22,92,42,10,32,58,12,46,48,12,36,65,9,56
0,120,54,66,50,22,28,68,32,36,65,35,30,55,19,36
2,108,48,60,58,26,32,50,22,28,50,22,28,58,26,32
4,90,34,56,43,16,27,47,18,29,42,14,28,48,20,28
2,108,40,68,54,20,34,54,20,34,50,20,30,58,20,38
4,136,46,90,67,22,45,69,24,45,48,20,28,88,26,62
0,120,56,64,63,28,35,57,28,29,68,32,36,42,14,28
3,104,34,70,41,14,27,63,20,43,57,19,38,47,15,32
4,100,44,56,50,22,28,50,22,28,54,26,28,46,18,28
2,132,46,86,57,22,35,75,24,51,56,22,34,76,24,52
1,194,72,122,84,36,48,93,36,57,104,48,56,88,22,66
4,110,44,66,55,22,33,55,22,33,51,21,30,59,23,36
0,260,136,124,128,66,62,130,70,60,173,89,84,85,45,40
0,108,52,56,54,26,28,54,26,28,62,34,28,45,17,28
4,134,60,74,61,28,33,73,32,41,52,22,30,81,37,44
2,130,60,70,78,36,42,52,24,28,74,34,40,54,24,30
0,98,34,64,47,16,31,50,18,32,54,18,36,44,16,28
0,132,52,80,66,26,40,65,26,39,84,34,50,48,18,30
4,110,50,60,54,24,30,56,26,30,67,35,32,43,15,28
2,102,42,60,53,22,31,49,20,29,52,20,32,50,22,28
4,104,44,60,52,22,30,52,22,30,58,28,30,45,15,30
3,102,34,68,45,14,31,53,20,33,62,22,40,39,11,28
0,118,60,58,59,30,29,59,30,29,64,34,30,50,22,28
0,120,54,66,59,26,33,61,28,33,70,34,36,46,16,30
3,178,44,134,94,22,72,84,22,62,84,26,58,94,18,76
2,112,44,68,51,20,31,58,24,34,64,26,38,48,18,30
3,94,36,58,44,16,28,50,20,30,53,23,30,41,13,28
0,236,106,130,103,52,51,119,54,65,150,68,82,84,36,48
0,104,48,56,50,22,28,54,26,28,60,32,28,44,16,28
1,118,26,92,51,14,37,57,12,45,51,15,36,67,11,56
2,136,46,90,67,20,47,68,26,42,45,19,26,90,26,64
1,102,22,80,38,10,28,52,12,40,41,13,28,61,9,52
1,116,24,92,50,12,38,58,12,46,50,14,36,66,10,56
2,108,42,66,55,22,33,53,20,33,50,20,30,58,22,36
4,136,66,70,63,30,33,72,36,36,89,47,42,46,18,28
3,152,62,90,73,28,45,74,34,40,63,25,38,89,37,52
2,142,56,86,66,26,40,76,30,46,59,25,34,83,31,52
2,154,44,110,77,22,55,77,22,55,66,22,44,88,22,66
2,144,50,94,80,26,54,64,24,40,66,24,42,78,26,52
0,108,48,60,54,24,30,53,24,29,61,29,32,46,18,28
2,98,42,56,48,20,28,50,22,28,49,21,28,49,21,28
3,106,42,64,53,20,33,52,22,30,56,20,36,49,21,28
4,108,44,64,54,22,32,54,22,32,49,21,28,58,22,36
0,110,52,58,56,26,30,54,26,28,65,35,30,45,17,28
2,120,46,74,61,22,39,59,24,35,54,22,32,66,24,42
2,146,54,92,69,24,45,75,30,45,56,24,32,90,30,60
2,152,68,84,75,32,43,77,36,41,92,44,48,59,23,36
1,118,26,92,49,12,37,61,14,47,50,14,36,68,12,56
4,252,92,160,83,34,49,164,58,106,143,55,88,107,35,72
3,96,38,58,47,18,29,49,20,29,49,19,30,47,19,28
1,112,24,88,52,12,40,54,12,42,43,11,32,67,11,56
3,168,64,104,79,30,49,89,34,55,112,46,66,55,17,38
0,104,48,56,52,24,28,52,24,28,60,32,28,44,16,28
4,98,42,56,48,20,28,50,22,28,57,29,28,41,13,28
0,102,46,56,50,22,28,52,24,28,57,29,28,45,17,28
0,108,50,58,53,24,29,55,26,29,64,34,30,44,16,28
3,88,30,58,42,14,28,46,16,30,45,17,28,43,13,30
1,110,24,86,40,10,30,57,14,43,42,12,30,68,12,56
3,102,42,60,51,20,31,51,22,29,60,28,32,42,14,28
1,118,22,96,38,10,28,60,12,48,54,14,40,64,8,56
0,94,38,56,46,18,28,48,20,28,53,25,28,41,13,28
1,102,22,80,36,8,28,54,14,40,46,12,34,55,9,46
1,114,22,92,38,10,28,58,12,46,50,14,36,64,8,56
3,102,40,62,52,20,32,49,20,29,50,20,30,52,20,32
0,102,46,56,52,24,28,50,22,28,58,30,28,44,16,28
4,118,44,74,64,22,42,54,22,32,51,21,30,67,23,44
2,174,94,80,75,38,37,99,56,43,78,44,34,94,48,46
1,104,26,78,37,10,27,66,16,50,40,12,28,64,14,50
2,128,44,84,70,22,48,58,22,36,49,21,28,78,22,56
3,92,36,56,46,18,28,46,18,28,50,22,28,42,14,28
2,108,42,66,56,22,34,52,20,32,50,20,30,58,22,36
1,120,26,94,59,14,45,59,12,47,52,14,38,67,11,56
0,100,44,56,50,22,28,50,22,28,57,29,28,43,15,28
1,108,22,86,37,10,27,55,12,43,43,13,30,65,9,56
2,182,74,108,89,36,53,93,38,55,63,23,40,118,50,68
2,122,42,80,64,22,42,58,20,38,47,19,28,75,23,52
3,94,36,58,47,18,29,47,18,29,46,16,30,48,20,28
4,92,34,58,44,16,28,48,18,30,45,17,28,47,17,30
2,144,56,88,76,28,48,68,28,40,59,27,32,84,28,56
1,110,24,86,55,12,43,44,12,32,41,11,30,68,12,56
4,116,50,66,53,22,31,62,28,34,62,28,34,53,21,32
0,150,88,62,78,44,34,72,44,28,62,34,28,86,52,34
0,98,42,56,46,18,28,52,24,28,56,28,28,41,13,28
4,128,40,88,66,20,46,62,20,42,47,19,28,81,21,60
3,88,28,60,44,14,30,44,14,30,50,18,32,38,10,28
4,112,48,64,52,22,30,60,26,34,49,21,28,62,26,36
4,120,56,64,63,28,35,57,28,29,62,28,34,55,25,30
4,100,40,60,49,20,29,51,20,31,47,19,28,52,20,32
1,126,30,96,59,14,45,62,16,46,56,16,40,69,13,56
0,102,44,58,49,20,29,53,24,29,59,29,30,43,15,28
0,278,200,78,132,92,40,146,108,38,149,99,50,129,101,28
4,102,44,58,51,22,29,51,22,29,47,19,28,55,25,30
1,76,20,56,38,10,28,38,10,28,40,12,28,36,8,28
3,108,48,60,51,22,29,57,26,31,51,21,30,51,21,30
4,440,206,234,202,86,116,223,120,103,239,109,130,192,88,104
2,126,40,86,63,20,43,63,20,43,47,19,28,79,21,58
2,160,72,88,76,32,44,83,40,43,69,29,40,91,43,48
1,120,28,92,55,14,41,55,14,41,49,13,36,71,15,56
3,92,30,62,45,14,31,47,16,31,47,13,34,45,17,28
4,112,48,64,53,22,31,58,26,32,65,31,34,43,13,30
3,114,38,76,57,18,39,57,20,37,71,23,48,43,15,28
0,102,44,58,51,22,29,51,22,29,60,30,30,42,14,28
4,106,50,56,52,24,28,54,26,28,61,33,28,43,15,28
1,116,24,92,48,12,36,58,12,46,50,14,36,66,10,56
3,146,66,80,71,30,41,74,36,38,71,31,40,74,34,40
0,104,48,56,52,24,28,52,24,28,56,28,28,47,19,28
3,92,30,62,43,14,29,48,16,32,43,13,30,49,17,32
2,106,42,64,50,20,30,56,22,34,48,20,28,58,22,36
0,106,50,56,52,24,28,54,26,28,62,34,28,44,16,28
2,110,44,66,56,22,34,54,22,32,50,22,28,60,22,38
0,106,48,58,53,24,29,52,24,28,53,23,30,45,17,28
3,94,34,60,44,16,28,49,18,31,46,16,30,48,18,30
1,116,28,88,40,12,28,60,16,44,47,15,32,69,13,56
0,102,46,56,50,22,28,52,24,28,61,33,28,41,13,28
3,92,36,56,44,16,28,48,20,28,50,22,28,41,13,28
4,166,64,102,81,32,49,85,32,53,55,23,32,111,41,70
2,118,44,74,55,20,35,62,24,38,54,22,32,64,22,42
4,152,54,98,75,28,47,76,26,50,54,24,30,98,30,68
0,102,46,56,50,22,28,52,24,28,60,32,28,42,14,28
4,104,46,58,50,22,28,54,24,30,49,21,28,55,25,30
4,100,44,56,48,20,28,52,24,28,57,29,28,43,15,28
0,106,48,58,53,24,29,53,24,29,63,33,30,43,15,28
0,92,34,58,45,16,29,47,18,29,45,15,30,47,19,28
2,104,42,62,50,20,30,54,22,32,48,20,28,56,22,34
4,98,44,54,49,22,27,49,22,27,48,22,26,50,22,28
1,116,24,92,55,12,43,58,12,46,50,14,36,66,10,56
3,90,32,58,45,16,29,45,16,29,52,22,30,38,10,28
1,118,24,94,51,12,39,59,12,47,50,12,38,68,12,56
0,104,46,58,50,22,28,54,24,30,56,28,28,47,17,30
2,160,58,102,81,30,51,79,28,51,49,23,26,109,33,76
2,166,60,106,88,30,58,78,30,48,82,34,48,83,25,58
1,112,22,90,46,10,36,57,12,45,48,14,34,64,8,56
3,84,26,58,41,12,29,43,14,29,43,13,30,40,12,28
1,124,32,92,42,12,30,72,20,52,49,13,36,74,18,56
4,268,130,138,120,62,58,145,68,77,140,62,78,126,66,60
4,112,42,70,56,20,36,56,22,34,47,19,28,65,23,42
3,94,36,58,47,18,29,47,18,29,52,22,30,42,14,28
0,96,44,52,48,22,26,48,22,26,56,30,26,40,14,26
2,104,44,60,48,20,28,56,24,32,48,20,28,56,24,32
3,120,54,66,57,26,31,61,28,33,63,29,34,55,23,32
2,106,40,66,53,20,33,53,20,33,46,18,28,60,22,38
3,110,38,72,52,18,34,58,20,38,64,20,44,45,17,28
2,142,56,86,69,26,43,73,30,43,67,25,42,75,31,44
0,120,58,62,52,24,28,68,34,34,72,38,34,47,19,28
4,106,44,62,53,22,31,52,22,30,50,20,30,56,24,32
3,110,46,64,56,24,32,53,22,31,49,17,32,60,28,32
2,94,36,58,47,18,29,47,18,29,46,18,28,48,18,30
1,118,30,88,58,14,44,56,16,40,48,16,32,69,13,56
4,96,40,56,48,20,28,48,20,28,48,20,28,48,20,28
4,106,44,62,54,22,32,52,22,30,48,20,28,58,24,34
3,144,58,86,71,30,41,71,28,43,84,38,46,59,19,40
0,110,52,58,53,24,29,57,28,29,63,33,30,47,19,28
2,114,44,70,57,22,35,57,22,35,50,22,28,64,22,42
4,154,66,88,77,34,43,75,32,43,60,30,30,94,36,58
4,102,46,56,50,22,28,52,24,28,58,30,28,44,16,28
4,114,52,62,57,26,31,56,26,30,52,22,30,62,30,32
3,100,40,60,54,22,32,46,18,28,51,19,32,48,20,28
3,88,30,58,44,16,28,44,14,30,43,15,28,45,15,30
4,104,34,70,52,16,36,51,18,33,58,18,40,46,16,30
3,76,16,60,37,8,29,39,8,31,38,8,30,38,8,30
2,138,48,90,75,24,51,63,24,39,49,21,28,88,26,62
4,208,88,120,104,44,60,103,44,59,103,45,58,103,41,62
2,138,48,90,65,24,41,72,24,48,56,24,32,82,24,58
0,102,56,46,51,28,23,51,28,23,65,39,26,37,17,20
3,120,42,78,61,22,39,58,20,38,64,20,44,56,22,34
0,114,50,64,54,22,32,60,28,32,71,35,36,43,15,28
3,94,34,60,45,16,29,48,18,30,51,21,30,43,13,30
2,108,52,56,53,26,27,55,26,29,53,25,28,55,27,28
2,108,46,62,53,22,31,55,24,31,53,23,30,55,23,32
2,114,40,74,53,20,33,61,20,41,48,20,28,66,20,46
1,114,30,84,44,14,30,58,16,42,44,16,28,69,13,56
4,112,46,66,56,22,34,56,24,32,47,19,28,65,27,38
3,128,50,78,62,24,38,66,26,40,56,24,32,72,26,46
1,120,30,90,52,14,38,61,16,45,52,18,34,68,12,56
0,118,58,60,53,24,29,65,34,31,70,38,32,47,19,28
3,104,36,68,49,18,31,55,18,37,58,20,38,46,16,30
0,104,46,58,53,24,29,51,22,29,59,29,30,45,17,28
3,88,30,58,43,14,29,45,16,29,47,17,30,41,13,28
1,122,26,96,45,12,33,67,14,53,53,13,40,69,13,56
2,104,40,64,52,20,32,52,20,32,46,20,26,58,20,38
1,104,24,80,46,12,34,52,12,40,42,14,28,62,10,52
0,96,40,56,48,20,28,48,20,28,54,26,28,42,14,28
1,116,30,86,51,14,37,61,16,45,48,14,34,68,16,52
2,152,50,102,76,24,52,76,26,50,68,24,44,83,25,58
1,104,22,82,38,10,28,53,12,41,40,12,28,64,10,54
4,96,38,58,45,18,27,49,20,29,53,23,30,42,14,28
1,108,22,86,38,10,28,55,12,43,42,12,30,66,10,56
2,100,42,58,49,20,29,51,22,29,49,21,28,51,21,30
1,116,26,90,41,12,29,59,14,45,50,16,34,66,10,56
0,104,46,58,54,24,30,50,22,28,61,31,30,43,15,28
1,120,26,94,44,12,32,61,14,47,51,13,38,68,12,56
2,102,40,62,49,20,29,53,20,33,48,20,28,54,20,34
2,204,82,122,94,38,56,106,44,62,107,53,54,95,27,68
0,122,56,66,60,28,32,62,28,34,57,25,32,62,28,34
3,80,24,56,40,12,28,40,12,28,39,11,28,41,13,28
1,118,28,90,57,16,41,57,12,45,48,14,34,70,14,56
4,104,42,62,49,20,29,55,22,33,51,21,30,52,20,32
1,106,20,86,37,10,27,53,10,43,40,10,30,66,10,56
2,116,40,76,58,20,38,58,20,38,46,18,28,70,22,48
0,152,60,92,75,28,47,77,32,45,67,27,40,84,32,52
0,106,46,60,53,24,29,53,22,31,60,30,30,46,16,30
1,120,30,90,56,14,42,61,16,45,48,14,34,70,14,56
1,106,20,86,53,10,43,38,10,28,41,11,30,65,9,56
0,106,48,58,53,24,29,53,24,29,52,22,30,54,26,28
4,154,44,110,76,22,54,78,22,56,47,19,28,106,24,82
4,192,90,102,93,44,49,95,46,49,108,52,56,84,38,46
0,120,60,60,58,28,30,62,32,30,76,44,32,44,16,28
2,146,48,98,73,24,49,73,24,49,71,25,46,74,22,52
4,190,96,94,99,52,47,88,44,44,97,51,46,88,40,48
4,96,40,56,48,20,28,48,20,28,46,18,28,50,22,28
2,146,54,92,69,26,43,77,28,49,67,25,42,79,29,50
0,128,60,68,64,30,34,64,30,34,79,39,40,47,19,28
1,116,24,92,58,12,46,54,12,42,49,13,36,66,10,56
4,110,40,70,60,20,40,50,20,30,48,20,28,62,20,42
0,122,62,60,64,32,32,58,30,28,60,30,30,60,30,30
1,118,24,94,38,10,28,63,14,49,52,14,38,66,10,56
1,116,22,94,38,10,28,59,12,47,52,14,38,64,8,56
0,128,62,66,63,30,33,65,32,33,78,42,36,49,19,30
0,124,52,72,64,26,38,60,26,34,51,21,30,72,30,42
1,106,24,82,38,10,28,55,14,41,48,14,34,58,10,48
1,116,24,92,47,12,35,58,12,46,50,14,36,66,10,56
0,100,44,56,50,22,28,50,22,28,58,30,28,42,14,28
0,102,42,60,52,22,30,50,20,30,59,27,32,43,15,28
0,98,44,54,49,22,27,49,22,27,56,30,26,42,14,28
3,106,44,62,52,22,30,53,22,31,56,26,30,49,17,32
0,108,52,56,54,26,28,54,26,28,60,32,28,48,20,28
3,94,36,58,47,18,29,47,18,29,52,22,30,42,14,28
0,134,36,98,58,20,38,75,16,59,55,17,38,78,18,60
4,100,42,58,49,20,29,51,22,29,47,19,28,53,23,30
3,100,38,62,47,16,31,53,22,31,53,19,34,42,14,28
4,140,62,78,68,30,38,72,32,40,67,29,38,71,31,40
3,86,26,60,42,12,30,43,14,29,42,14,28,44,12,32
4,106,40,66,52,20,32,54,20,34,48,20,28,58,20,38
0,106,48,58,51,22,29,55,26,29,59,29,30,47,19,28
1,122,28,94,51,14,37,63,14,49,52,14,38,70,14,56
0,102,46,56,52,24,28,50,22,28,59,31,28,43,15,28
4,118,56,62,56,26,30,61,30,31,65,35,30,51,19,32
2,126,60,66,65,30,35,61,30,31,56,26,30,68,32,36
2,154,46,108,77,22,55,77,24,53,54,22,32,99,23,76
3,76,20,56,38,10,28,38,10,28,37,9,28,38,10,28
0,102,48,54,51,24,27,51,24,27,58,32,26,44,16,28
1,114,28,86,59,18,41,53,10,43,41,11,30,71,15,56
4,98,42,56,48,20,28,50,22,28,58,30,28,40,12,28
4,126,44,82,64,22,42,62,22,40,48,20,28,78,24,54
3,124,56,68,63,28,35,60,28,32,69,29,40,55,27,28
2,144,46,98,70,24,46,74,22,52,49,21,28,95,25,70
2,108,44,64,54,22,32,54,22,32,51,21,30,57,23,34
3,158,76,82,80,40,40,76,36,40,91,45,46,67,31,36
0,108,52,56,54,26,28,54,26,28,64,36,28,44,16,28
0,108,50,58,53,24,29,55,26,29,60,30,30,42,14,28
0,102,46,56,50,22,28,52,24,28,60,32,28,42,14,28
2,112,46,66,59,24,35,53,22,31,48,20,28,63,25,38
2,152,52,100,74,26,48,77,26,51,54,24,30,98,28,70
1,116,28,88,39,10,29,62,18,44,53,17,36,62,10,52
1,92,24,68,40,12,28,46,12,34,41,13,28,50,10,40
0,98,44,54,49,22,27,49,22,27,52,26,26,44,16,28
1,120,22,98,39,10,29,61,12,49,56,14,42,64,8,56
0,186,82,104,91,40,51,93,42,51,83,37,46,101,43,58
1,114,24,90,44,12,32,57,12,45,46,12,34,68,12,56
1,116,24,92,58,12,46,52,12,40,51,15,36,65,9,56
0,128,62,66,60,30,30,66,32,34,79,41,38,48,20,28
0,106,48,58,51,22,29,55,26,29,63,33,30,43,15,28
2,120,40,80,59,20,39,61,20,41,48,20,28,72,20,52
2,102,42,60,50,20,30,52,22,30,49,21,28,53,21,32
1,90,24,66,38,10,28,46,14,32,41,13,28,49,11,38
2,200,82,118,105,40,65,94,42,52,106,44,62,91,35,56
1,120,24,96,41,12,29,60,12,48,54,14,40,66,10,56
2,114,42,72,56,20,36,57,22,35,51,21,30,63,21,42
4,146,62,84,82,36,46,63,26,37,68,30,38,78,32,46
0,110,54,56,54,26,28,56,28,28,61,33,28,49,21,28
2,102,40,62,52,20,32,50,20,30,46,18,28,55,21,34
3,112,48,64,57,24,33,55,24,31,60,24,36,52,24,28
1,110,22,88,39,10,29,56,12,44,44,12,32,66,10,56
4,106,42,64,50,20,30,55,22,33,47,19,28,59,23,36
0,106,48,58,52,24,28,54,24,30,64,34,30,42,14,28
0,116,52,64,55,24,31,61,28,33,74,38,36,42,14,28
3,94,38,56,48,20,28,46,18,28,50,22,28,43,15,28
4,106,40,66,52,20,32,54,20,34,48,20,28,58,20,38
0,112,52,60,56,26,30,56,26,30,64,32,32,47,19,28
1,112,32,80,56,16,40,56,16,40,44,16,28,68,16,52
3,90,32,58,41,14,27,49,18,31,46,16,30,41,13,28
1,112,26,86,53,12,41,57,14,43,43,13,30,68,12,56
2,94,36,58,45,16,29,49,20,29,47,17,30,47,19,28
2,106,40,66,52,20,32,54,20,34,47,19,28,58,20,38
0,104,48,56,50,22,28,54,26,28,61,33,28,43,15,28
4,104,48,56,52,24,28,52,24,28,58,30,28,46,18,28
1,124,24,100,58,12,46,62,12,50,60,16,44,64,8,56
1,120,28,92,40,12,28,62,16,46,52,16,36,68,12,56
1,116,26,90,44,10,34,61,16,45,47,13,34,68,12,56
4,100,40,60,50,20,30,50,20,30,48,20,28,52,20,32
3,114,40,74,56,18,38,58,22,36,57,21,36,56,18,38
2,114,44,70,51,20,31,63,24,39,49,21,28,65,23,42
1,118,26,92,60,14,46,57,12,45,50,14,36,67,11,56
0,104,50,54,51,24,27,53,26,27,55,29,26,49,21,28
1,90,24,66,43,12,31,42,12,30,40,12,28,50,12,38
4,120,44,76,65,22,43,55,22,33,48,20,28,72,24,48
3,88,30,58,43,14,29,45,16,29,45,15,30,43,15,28
2,102,42,60,50,20,30,52,22,30,48,20,28,53,21,32
4,106,46,60,49,20,29,57,26,31,52,20,32,52,24,28
1,102,20,82,38,10,28,51,10,41,39,11,28,63,9,54
3,86,30,56,44,16,28,42,14,28,43,15,28,43,15,28
4,124,54,70,53,26,27,71,28,43,49,23,26,75,31,44
0,108,50,58,53,24,29,55,26,29,63,33,30,45,17,28
1,116,24,92,53,10,43,60,14,46,49,13,36,67,11,56
2,96,38,58,47,18,29,49,20,29,47,19,28,49,19,30
1,114,26,88,51,14,37,56,12,44,47,15,32,67,11,56
1,110,22,88,38,10,28,56,12,44,44,12,32,65,9,56
0,104,42,62,51,20,31,53,22,31,62,28,34,42,14,28
4,132,44,88,62,20,42,70,24,46,48,20,28,84,24,60
4,112,44,68,55,22,33,57,22,35,45,19,26,66,24,42
2,170,58,112,87,30,57,83,28,55,71,23,48,99,35,64
3,132,48,84,72,24,48,60,24,36,66,22,44,64,24,40
3,106,38,68,50,18,32,56,20,36,65,25,40,41,13,28
2,122,54,68,51,22,29,71,32,39,64,28,36,57,25,32
3,90,32,58,45,16,29,45,16,29,44,14,30,46,18,28
3,96,34,62,47,16,31,48,18,30,47,17,30,49,17,32
0,106,48,58,53,24,29,53,24,29,62,32,30,44,16,28
1,94,20,74,38,10,28,47,10,37,38,10,28,56,10,46
0,108,52,56,52,24,28,56,28,28,64,36,28,44,16,28
1,252,96,156,125,46,79,124,50,74,122,42,80,130,54,76
3,128,60,68,63,30,33,65,30,35,86,46,40,42,14,28
2,150,44,106,75,22,53,75,22,53,54,24,30,96,20,76
2,126,50,76,72,28,44,53,22,31,54,22,32,71,27,44
2,120,50,70,61,24,37,59,26,33,49,21,28,71,29,42
0,106,48,58,50,22,28,55,26,29,63,33,30,43,15,28
0,142,84,58,67,38,29,75,46,29,64,34,30,64,36,28
2,104,42,62,48,20,28,56,22,34,48,20,28,56,22,34
0,96,40,56,48,20,28,48,20,28,56,28,28,40,12,28
3,88,32,56,44,16,28,44,16,28,44,16,28,44,16,28
2,108,44,64,54,22,32,54,22,32,49,21,28,58,22,36
4,106,42,64,52,20,32,54,22,32,50,20,30,56,22,34
3,80,24,56,40,12,28,40,12,28,37,9,28,43,15,28
1,114,24,90,45,12,33,57,12,45,47,13,34,67,11,56
4,330,172,158,160,86,74,167,86,81,177,87,90,150,82,68
3,174,82,92,88,44,44,81,38,43,74,34,40,100,48,52
2,174,82,92,90,44,46,83,38,45,113,49,64,52,24,28
0,100,44,56,50,22,28,50,22,28,56,28,28,44,16,28
1,108,22,86,38,10,28,55,12,43,42,12,30,64,8,56
1,108,24,84,45,12,33,54,12,42,43,13,30,64,10,54
1,112,24,88,56,12,44,51,12,39,46,14,32,66,10,56
1,118,28,90,47,12,35,61,16,45,47,13,34,70,14,56
1,116,22,94,54,10,44,59,12,47,51,13,38,65,9,56
3,116,36,80,52,18,34,64,18,46,56,18,38,60,18,42
1,112,22,90,38,10,28,57,12,45,47,13,34,65,9,56
0,128,64,64,64,32,32,64,32,32,78,42,36,50,22,28
1,114,24,90,38,10,28,59,14,45,48,14,34,66,10,56
3,126,48,78,63,24,39,63,24,39,72,24,48,53,23,30
2,154,48,106,82,24,58,72,24,48,68,24,44,85,23,62
1,82,26,56,40,12,28,42,14,28,42,14,28,40,12,28
2,118,50,68,60,26,34,57,24,33,56,24,32,62,26,36
4,102,34,68,52,18,34,49,16,33,57,17,40,45,17,28
3,116,46,70,57,22,35,58,24,34,60,20,40,50,20,30
1,112,26,86,46,12,34,57,14,43,42,12,30,70,14,56
2,180,48,132,83,26,57,97,22,75,96,22,74,84,26,58
3,136,50,86,71,26,45,61,24,37,63,23,40,73,27,46
1,124,28,96,52,12,40,64,16,48,54,14,40,70,14,56
4,186,68,118,89,30,59,96,38,58,100,42,58,85,25,60
2,106,42,64,53,20,33,53,22,31,47,21,26,59,21,38
0,96,38,58,47,18,29,49,20,29,51,21,30,45,17,28
0,102,46,56,50,22,28,52,24,28,57,29,28,45,17,28
1,124,32,92,38,10,28,76,22,54,50,14,36,73,17,56
3,256,172,84,131,88,43,125,84,41,95,49,46,156,118,38
0,102,44,58,51,22,29,51,22,29,60,30,30,42,14,28
1,104,26,78,40,12,28,53,14,39,41,13,28,63,13,50
4,104,46,58,53,24,29,51,22,29,51,21,30,53,25,28
1,114,28,86,45,14,31,57,14,43,46,16,30,68,12,56
0,158,80,78,88,46,42,67,34,33,102,58,44,56,22,34
2,104,40,64,53,20,33,51,20,31,47,19,28,56,20,36
3,132,50,82,66,26,40,66,24,42,61,25,36,71,25,46
0,100,44,56,48,20,28,52,24,28,57,29,28,43,15,28
0,98,40,58,49,20,29,49,20,29,55,25,30,43,15,28
3,98,40,58,47,18,29,51,22,29,57,27,30,41,13,28
4,140,46,94,70,22,48,70,24,46,48,20,28,92,26,66
2,104,44,60,52,22,30,52,22,30,49,21,28,54,22,32
1,106,24,82,53,12,41,53,12,41,38,12,26,66,10,56
0,104,46,58,51,22,29,53,24,29,59,29,30,44,16,28
3,100,28,72,42,12,30,57,16,41,60,18,42,40,10,30
3,82,26,56,40,12,28,42,14,28,41,11,30,41,15,26
0,102,46,56,50,22,28,52,24,28,57,29,28,45,17,28
3,108,44,64,57,24,33,50,20,30,55,19,36,52,24,28
0,108,46,62,53,22,31,55,24,31,53,23,30,55,23,32
4,104,34,70,50,16,34,54,18,36,54,16,38,50,18,32
1,100,22,78,38,10,28,51,12,39,40,12,28,60,10,50
3,112,34,78,44,16,28,68,18,50,61,19,42,51,15,36
0,96,40,56,48,20,28,48,20,28,55,27,28,41,13,28
2,100,42,58,49,20,29,51,22,29,49,21,28,51,21,30
2,128,54,74,65,28,37,62,26,36,66,30,36,62,24,38
1,116,28,88,49,12,37,60,16,44,47,15,32,69,13,56
2,116,48,68,59,24,35,57,24,33,52,22,30,64,26,38
1,108,18,90,44,8,36,55,10,45,45,11,34,63,7,56
2,108,46,62,52,22,30,56,24,32,50,22,28,58,24,34
0,106,44,62,52,22,30,53,22,31,64,30,34,42,14,28
2,130,56,74,65,28,37,65,28,37,50,22,28,78,32,46
1,142,48,94,67,24,43,73,24,49,60,24,36,80,22,58
4,132,42,90,69,22,47,63,20,43,47,19,28,84,22,62
4,114,50,64,60,26,34,54,24,30,69,33,36,44,16,28
3,104,48,56,52,24,28,52,24,28,46,18,28,58,30,28
1,118,22,96,39,10,29,60,12,48,52,12,40,64,8,56
3,94,36,58,47,18,29,47,18,29,50,22,28,43,13,30
1,118,28,90,60,16,44,44,12,32,48,14,34,69,13,56
0,100,44,56,50,22,28,50,22,28,59,31,28,41,13,28
3,96,34,62,47,16,31,49,18,31,49,15,34,46,18,28
0,112,40,72,56,20,36,55,20,35,63,19,44,49,21,28
1,122,28,94,50,14,36,63,14,49,52,14,38,70,14,56
3,106,36,70,45,14,31,60,22,38,55,19,36,51,17,34
0,118,50,68,57,24,33,61,26,35,61,31,30,57,19,38
4,140,46,94,66,22,44,74,24,50,49,21,28,91,25,66
1,122,26,96,38,10,28,65,16,49,55,15,40,67,11,56
3,86,28,58,44,14,30,42,14,28,44,14,30,42,14,28
2,108,42,66,57,22,35,51,20,31,56,22,34,52,20,32
3,96,40,56,46,18,28,50,22,28,53,25,28,43,15,28
2,106,46,60,52,22,30,54,24,30,49,21,28,56,24,32
4,106,48,58,53,24,29,53,24,29,48,20,28,57,27,30
2,124,42,82,47,20,27,77,22,55,47,19,28,76,22,54
3,90,32,58,45,16,29,45,16,29,52,22,30,38,10,28
2,148,48,100,72,24,48,76,24,52,50,22,28,98,26,72
4,142,44,98,73,22,51,69,22,47,52,22,30,90,22,68
0,108,52,56,54,26,28,54,26,28,60,32,28,48,20,28
0,108,50,58,52,24,28,56,26,30,59,29,30,49,21,28
3,84,28,56,42,14,28,42,14,28,41,13,28,43,15,28
0,104,48,56,50,22,28,54,26,28,60,32,28,44,16,28
4,120,52,68,57,24,33,63,28,35,59,27,32,61,25,36
1,80,24,56,40,12,28,40,12,28,43,15,28,37,9,28
4,114,50,64,58,24,34,56,26,30,51,23,28,63,27,36
4,94,36,58,49,20,29,44,16,28,50,20,30,44,16,28
0,112,56,56,56,28,28,55,28,27,62,34,28,45,17,28
1,116,30,86,52,14,38,59,16,43,46,16,30,70,14,56
3,98,38,60,47,18,29,50,20,30,51,19,32,47,19,28
0,110,38,72,52,18,34,57,20,37,67,23,44,43,15,28
1,114,22,92,38,10,28,58,12,46,50,14,36,64,8,56
3,106,46,60,53,22,31,53,24,29,52,22,30,54,24,30
2,116,48,68,60,24,36,56,24,32,51,23,28,64,24,40
3,98,38,60,47,18,29,51,20,31,52,22,30,46,16,30
2,112,42,70,58,22,36,54,20,34,50,20,30,62,22,40
2,130,44,86,69,22,47,61,22,39,50,22,28,80,22,58
1,122,26,96,53,12,41,62,14,48,57,17,40,65,9,56
2,160,56,104,87,28,59,72,28,44,64,24,40,95,31,64
3,74,18,56,36,8,28,38,10,28,35,7,28,39,11,28
3,100,36,64,45,16,29,54,20,34,54,18,36,46,18,28
3,92,34,58,47,18,29,45,16,29,46,16,30,41,13,28
0,98,42,56,48,20,28,50,22,28,55,27,28,43,15,28
2,114,54,60,57,26,31,57,28,29,53,25,28,61,29,32
3,102,42,60,49,20,29,53,22,31,47,17,30,55,25,30
2,116,44,72,59,22,37,57,22,35,49,21,28,66,22,44
4,130,60,70,67,30,37,63,30,33,56,28,28,74,32,42
2,100,40,60,47,18,29,53,22,31,47,19,28,53,21,32
2,108,40,68,55,20,35,53,20,33,47,19,28,61,21,40
1,114,28,86,57,14,43,54,14,40,43,13,30,70,14,56
4,100,44,56,50,22,28,50,22,28,58,30,28,42,14,28
2,362,156,206,158,72,86,193,84,109,159,71,88,199,81,118
1,254,72,182,125,32,93,122,40,82,133,39,94,120,32,88
3,84,24,60,42,12,30,42,12,30,42,10,32,42,14,28
4,112,50,62,52,24,28,60,26,34,50,22,28,62,28,34
4,114,52,62,54,24,30,59,28,31,70,36,34,44,16,28
4,246,68,178,118,32,86,126,36,90,114,34,80,130,32,98
1,118,26,92,43,12,31,60,14,46,51,13,38,66,12,54
3,156,64,92,72,30,42,80,34,46,97,41,56,59,23,36
1,102,26,76,52,14,38,41,12,29,41,13,28,60,12,48
2,158,44,114,80,22,58,78,22,56,61,23,38,97,21,76
0,132,72,60,61,32,29,71,40,31,90,58,32,42,14,28
4,98,42,56,48,20,28,50,22,28,56,28,28,42,14,28
3,136,56,80,66,26,40,68,30,38,96,44,52,40,12,28
0,140,70,70,70,36,34,69,34,35,77,39,38,56,24,32
0,108,44,64,52,22,30,56,22,34,56,20,36,52,24,28
4,108,40,68,56,20,36,52,20,32,48,20,28,60,20,40
3,74,18,56,36,8,28,38,10,28,36,8,28,38,10,28
3,96,40,56,46,18,28,50,22,28,55,27,28,41,13,28
4,94,40,54,47,20,27,47,20,27,48,20,28,46,20,26
1,110,26,84,45,12,33,56,14,42,50,14,36,60,12,48
2,142,46,96,73,22,51,69,24,45,49,21,28,93,25,68
2,130,60,70,63,30,33,67,30,37,45,19,26,84,40,44
0,108,50,58,53,24,29,55,26,29,66,36,30,42,14,28
2,138,46,92,71,22,49,66,24,42,50,20,30,88,26,62
3,76,20,56,36,8,28,40,12,28,39,11,28,37,9,28
2,158,44,114,74,22,52,84,22,62,57,21,36,100,22,78
1,124,28,96,48,14,34,62,14,48,56,16,40,68,12,56
0,94,38,56,47,18,29,47,20,27,55,27,28,39,11,28
4,104,44,60,50,20,30,54,24,30,53,21,32,51,23,28
4,120,64,56,62,32,30,58,32,26,60,32,28,59,31,28
1,112,24,88,52,12,40,56,12,44,45,13,32,66,10,56
4,92,34,58,44,16,28,47,18,29,46,18,28,46,16,30
3,98,32,66,47,16,31,51,16,35,61,23,38,37,9,28
1,118,24,94,59,12,47,59,12,47,52,14,38,65,9,56
4,120,60,60,60,30,30,60,30,30,52,26,26,68,34,34
4,94,34,60,49,18,31,45,16,29,47,17,30,47,17,30
1,124,32,92,51,14,37,65,18,47,51,15,36,73,17,56
3,132,68,64,77,36,41,54,32,22,61,31,30,69,35,34
4,102,46,56,50,22,28,52,24,28,61,33,28,41,13,28
3,98,42,56,48,20,28,50,22,28,46,18,28,51,23,28
0,90,32,58,45,16,29,45,16,29,46,16,30,44,16,28
4,112,56,56,56,28,28,56,28,28,64,34,30,44,18,26
1,116,24,92,51,12,39,58,12,46,50,14,36,66,10,56
0,128,58,70,62,28,34,65,30,35,72,30,42,56,28,28
1,114,20,94,57,10,47,53,10,43,52,14,38,62,6,56
4,94,38,56,46,18,28,48,20,28,50,22,28,44,16,28
1,110,24,86,36,8,28,59,16,43,50,12,38,60,12,48
2,146,66,80,59,28,31,86,38,48,70,34,36,75,31,44
2,124,46,78,69,24,45,55,22,33,52,22,30,72,24,48
3,98,36,62,49,18,31,49,18,31,59,25,34,38,10,28
0,150,78,72,63,30,33,87,48,39,78,38,40,69,37,32
1,122,36,86,67,24,43,49,12,37,61,21,40,58,12,46
4,90,30,60,44,14,30,45,16,29,41,13,28,48,16,32
1,124,28,96,60,16,44,60,12,48,54,14,40,69,13,56
4,140,50,90,50,20,30,90,30,60,71,27,44,68,22,46
0,104,48,56,50,22,28,54,26,28,61,33,28,43,15,28
2,126,46,80,50,20,30,76,26,50,49,21,28,76,24,52
2,166,86,80,81,40,41,85,46,39,74,34,40,91,51,40
3,88,32,56,44,16,28,44,16,28,45,17,28,43,15,28
4,110,54,56,56,28,28,54,26,28,51,23,28,58,30,28
1,120,26,94,45,12,33,61,14,47,52,14,38,67,11,56
3,118,48,70,54,22,32,62,26,36,56,20,36,61,27,34
4,124,48,76,62,24,38,62,24,38,48,20,28,76,28,48
0,118,42,76,56,20,36,62,22,40,72,24,48,45,17,28
0,112,52,60,53,24,29,57,28,29,58,28,30,51,21,30
2,104,40,64,53,20,33,51,20,31,47,19,28,56,20,36
0,106,44,62,54,22,32,52,22,30,52,22,30,48,16,32
0,110,52,58,53,24,29,57,28,29,63,33,30,47,19,28
2,112,44,68,54,22,32,58,22,36,50,22,28,62,22,40
0,112,54,58,53,24,29,59,30,29,66,36,30,46,18,28
4,140,48,92,71,24,47,69,24,45,48,20,28,91,27,64
1,118,26,92,38,10,28,62,16,46,51,15,36,67,11,56
0,226,94,132,108,46,62,114,48,66,96,48,48,129,45,84
4,112,52,60,54,24,30,58,28,30,51,23,28,61,29,32
4,106,44,62,54,22,32,52,22,30,50,22,28,56,22,34
4,144,46,98,70,22,48,74,24,50,49,21,28,95,25,70
0,112,56,56,56,28,28,56,28,28,54,26,28,58,30,28
0,100,44,56,48,20,28,52,24,28,58,30,28,41,13,28
4,96,40,56,48,20,28,48,20,28,50,22,28,46,18,28
3,90,32,58,43,14,29,47,18,29,50,20,30,39,11,28
3,96,36,60,45,16,29,51,20,31,51,21,30,45,15,30
4,180,62,118,90,28,62,90,34,56,85,35,50,93,25,68
4,214,80,134,106,40,66,106,40,66,93,43,50,119,35,84
2,112,40,72,57,18,39,55,22,33,45,19,26,67,21,46
4,104,46,58,51,22,29,53,24,29,60,30,30,43,15,28
2,108,46,62,58,24,34,50,22,28,50,22,28,58,24,34
4,124,54,70,58,26,32,63,28,35,61,25,36,63,29,34
0,104,48,56,52,24,28,52,24,28,59,31,28,45,17,28
2,160,60,100,73,26,47,87,34,53,84,34,50,76,26,50
3,126,60,66,60,28,32,65,32,33,62,32,30,63,27,36
0,104,48,56,52,24,28,52,24,28,58,30,28,46,18,28
3,116,40,76,57,20,37,59,20,39,68,20,48,48,20,28
3,118,44,74,60,22,38,58,22,36,64,18,46,50,22,28
4,90,34,56,44,16,28,46,18,28,47,19,28,43,15,28
3,126,38,88,63,20,43,63,18,45,71,19,52,54,18,36
0,108,50,58,53,24,29,55,26,29,62,32,30,46,18,28
3,104,36,68,50,16,34,54,20,34,59,19,40,45,17,28
1,104,26,78,50,14,36,51,12,39,42,12,30,62,14,48
4,94,40,54,47,20,27,47,20,27,42,16,26,52,24,28
3,92,34,58,45,16,29,47,18,29,51,21,30,40,12,28
3,96,38,58,49,20,29,46,18,28,42,12,30,54,26,28
2,124,56,68,62,28,34,62,28,34,52,24,28,72,32,40
3,212,98,114,108,52,56,95,46,49,86,40,46,122,54,68
2,140,48,92,71,24,47,69,24,45,51,21,30,88,26,62
3,140,60,80,69,32,37,70,28,42,62,24,38,78,36,42
4,120,54,66,61,28,33,57,26,31,64,34,30,55,19,36
4,152,46,106,74,22,52,78,24,54,49,21,28,103,25,78
2,100,40,60,50,20,30,50,20,30,46,18,28,53,21,32
3,98,36,62,49,18,31,49,18,31,54,20,34,44,16,28
0,122,48,74,60,24,36,62,24,38,64,22,42,57,25,32
4,136,44,92,66,22,44,70,22,48,65,23,42,70,20,50
0,120,60,60,54,28,26,66,32,34,52,26,26,68,34,34
0,146,76,70,73,38,35,73,38,35,84,44,40,62,32,30
2,112,44,68,51,20,31,61,24,37,56,22,34,56,22,34
4,106,48,58,53,24,29,53,24,29,60,30,30,46,18,28
1,100,24,76,38,10,28,52,14,38,41,13,28,59,11,48
2,108,40,68,54,20,34,54,20,34,50,20,30,58,20,38
4,110,60,50,54,30,24,56,30,26,49,27,22,57,29,28
2,162,56,106,81,28,53,81,28,53,70,28,42,92,28,64
3,96,36,60,48,18,30,48,18,30,54,22,32,41,13,28
0,154,64,90,67,28,39,86,36,50,108,46,62,46,18,28
3,90,26,64,45,12,33,45,14,31,45,11,34,45,15,30
0,102,44,58,51,22,29,51,22,29,58,28,30,44,16,28
2,140,44,96,72,22,50,68,22,46,49,21,28,91,23,68
1,114,24,90,53,12,41,57,12,45,47,13,34,67,11,56
3,124,42,82,62,20,42,62,22,40,75,21,54,49,21,28
3,86,24,62,41,10,31,44,14,30,42,10,32,44,14,30
2,138,66,72,66,32,34,71,34,37,81,37,44,53,25,28
0,140,66,74,67,32,35,72,34,38,96,50,46,44,16,28
1,114,24,90,42,10,32,59,14,45,46,12,34,68,12,56
2,166,64,102,80,30,50,84,34,50,79,35,44,86,28,58
3,82,22,60,40,10,30,42,12,30,41,9,32,41,13,28
3,136,60,76,58,26,32,76,34,42,76,32,44,59,27,32
2,114,42,72,54,20,34,60,22,38,51,21,30,63,21,42
0,120,56,64,59,28,31,61,28,33,54,24,30,62,28,34
0,108,52,56,52,24,28,56,28,28,60,32,28,48,20,28
2,106,48,58,54,24,30,52,24,28,50,22,28,56,26,30
4,110,40,70,56,20,36,54,20,34,48,20,28,62,20,42
0,104,44,60,52,22,30,52,22,30,60,28,32,44,16,28
1,118,26,92,50,14,36,58,12,46,50,14,36,68,12,56
3,108,52,56,54,26,28,54,26,28,56,28,28,50,22,28
2,108,44,64,51,20,31,57,24,33,49,21,28,59,23,36
4,118,50,68,54,22,32,64,28,36,61,27,34,57,23,34
2,128,42,86,62,20,42,65,22,43,47,17,30,72,16,56
2,160,76,84,86,42,44,71,34,37,77,35,42,80,38,42
4,110,52,58,54,26,28,56,26,30,64,34,30,46,18,28
0,110,52,58,55,26,29,55,26,29,64,34,30,45,17,28
4,106,38,68,49,16,33,56,22,34,49,17,32,57,21,36
4,102,46,56,52,24,28,50,22,28,54,26,28,48,20,28
0,166,60,106,85,30,55,81,30,51,67,25,42,97,33,64
2,102,40,62,51,20,31,51,20,31,47,19,28,55,21,34
4,100,42,58,47,18,29,53,24,29,55,25,30,45,17,28
3,86,30,56,42,14,28,44,16,28,47,19,28,39,11,28
1,116,22,94,41,10,31,59,12,47,52,14,38,64,8,56
2,150,52,98,73,26,47,76,26,50,52,22,30,96,28,68
3,92,34,58,44,16,28,47,18,29,50,22,28,41,11,30
2,132,38,94,64,18,46,68,20,48,47,19,28,85,19,66
1,104,26,78,50,12,38,53,14,39,38,10,28,64,14,50
4,120,46,74,59,22,37,61,24,37,48,20,28,72,26,46
0,112,52,60,52,24,28,59,28,31,66,34,32,46,18,28
4,114,54,60,53,24,29,60,30,30,67,35,32,47,19,28
2,112,44,68,57,22,35,54,22,32,54,22,32,57,21,36
3,118,48,70,48,18,30,67,30,37,65,29,36,53,19,34
1,118,24,94,48,12,36,59,12,47,52,14,38,66,10,56
2,114,46,68,61,24,37,53,22,31,48,20,28,66,26,40
0,118,58,60,57,28,29,61,30,31,67,35,32,50,22,28
4,112,52,60,52,24,28,59,28,31,66,34,32,46,18,28
0,116,58,58,59,30,29,57,28,29,67,37,30,49,21,28
1,82,24,58,41,12,29,41,12,29,40,12,28,42,12,30
2,108,42,66,52,20,32,56,22,34,48,20,28,60,22,38
3,96,34,62,52,18,34,44,16,28,44,16,28,52,18,34
3,132,60,72,64,30,34,67,30,37,83,43,40,49,17,32
0,102,50,52,49,24,25,52,26,26,55,29,26,44,18,26
0,100,44,56,50,22,28,50,22,28,58,30,28,42,14,28
2,124,48,76,63,26,37,61,22,39,50,22,28,74,26,48
2,120,48,72,60,24,36,60,24,36,48,20,28,72,28,44
0,120,56,64,61,28,33,59,28,31,70,34,36,50,22,28
1,80,22,58,38,10,28,41,12,29,40,12,28,40,10,30
4,122,56,66,63,28,35,59,28,31,56,24,32,66,32,34
2,142,60,82,67,26,41,75,34,41,72,34,38,70,26,44
3,90,32,58,45,16,29,45,16,29,50,20,30,40,12,28
3,148,58,90,69,26,43,76,32,44,52,18,34,95,39,56
2,130,58,72,63,28,35,66,30,36,62,28,34,66,28,38
3,86,28,58,43,14,29,43,14,29,45,15,30,41,13,28
3,112,48,64,55,22,33,56,26,30,66,30,36,46,18,28
1,108,28,80,54,14,40,54,14,40,42,14,28,66,14,52
2,150,60,90,75,28,47,75,32,43,67,31,36,82,28,54
1,122,28,94,59,14,45,61,14,47,52,14,38,70,14,56
4,98,44,54,49,22,27,49,22,27,58,30,28,39,13,26
1,106,26,80,52,14,38,52,12,40,41,13,28,65,13,52
4,120,56,64,60,28,32,60,28,32,48,20,28,72,36,36
0,100,42,58,48,20,28,52,22,30,54,24,30,45,17,28
2,122,46,76,60,22,38,62,24,38,50,22,28,72,24,48
0,110,54,56,54,26,28,56,28,28,61,33,28,48,20,28
0,108,50,58,53,24,29,55,26,29,65,35,30,43,15,28
2,136,48,88,68,24,44,68,24,44,48,20,28,88,28,60
3,160,60,100,78,28,50,82,32,50,72,28,44,87,31,56
3,86,28,58,43,14,29,43,14,29,43,13,30,42,14,28
4,120,44,76,59,22,37,58,22,36,59,23,36,61,21,40
0,114,52,62,57,26,31,57,26,31,66,32,34,48,20,28
0,120,46,74,49,16,33,70,30,40,70,24,46,45,17,28
0,104,46,58,52,22,30,52,24,28,61,31,30,43,15,28
1,108,20,88,54,10,44,54,10,44,44,12,32,64,8,56
4,110,52,58,52,24,28,57,28,29,55,25,30,55,27,28
4,98,40,58,49,20,29,49,20,29,48,18,30,50,22,28
2,120,36,84,61,18,43,59,18,41,44,18,26,76,18,58
4,192,64,128,90,28,62,102,36,66,77,29,48,113,33,80
2,110,52,58,54,26,28,56,26,30,52,24,28,58,28,30
4,112,44,68,56,22,34,56,22,34,46,18,28,65,25,40
4,152,44,108,76,22,54,76,22,54,47,19,28,105,25,80
4,124,50,74,55,22,33,66,28,38,63,25,38,60,24,36
3,88,30,58,42,14,28,45,16,29,47,17,30,41,13,28
4,142,56,86,82,30,52,60,26,34,53,23,30,88,32,56
0,114,54,60,55,26,29,59,28,31,66,34,32,48,20,28
1,106,24,82,40,12,28,53,12,41,41,13,28,65,11,54
1,110,28,82,43,14,29,55,14,41,39,11,28,71,17,54
0,102,46,56,50,22,28,52,24,28,56,28,28,46,18,28
4,102,42,60,49,20,29,53,22,31,48,18,30,53,23,30
3,110,46,64,54,22,32,55,24,31,69,33,36,41,13,28
3,96,34,62,47,16,31,49,18,31,43,13,30,52,20,32
3,120,42,78,60,20,40,60,22,38,72,24,48,48,18,30
4,108,40,68,60,20,40,48,20,28,48,20,28,60,20,40
4,106,48,58,51,22,29,55,26,29,56,26,30,50,22,28
1,110,26,84,45,12,33,56,14,42,41,13,28,68,12,56
2,144,48,96,76,24,52,68,24,44,52,22,30,92,26,66
3,84,26,58,43,14,29,40,12,28,42,12,30,42,14,28
2,120,42,78,64,22,42,56,20,36,46,18,28,74,24,50
2,134,48,86,66,24,42,67,24,43,53,23,30,80,24,56
0,102,46,56,52,24,28,50,22,28,58,30,28,44,16,28
4,98,42,56,48,20,28,50,22,28,57,29,28,41,13,28
2,136,66,70,58,28,30,76,38,38,78,38,40,58,28,30
1,116,22,94,38,10,28,59,12,47,51,13,38,65,9,56
1,116,28,88,58,14,44,51,14,37,46,14,32,70,14,56
2,352,152,200,152,64,88,194,88,106,203,93,110,145,55,90
0,96,42,54,47,20,27,49,22,27,55,29,26,41,13,28
2,104,44,60,53,22,31,51,22,29,50,22,28,54,22,32
1,80,22,58,38,10,28,41,12,29,41,13,28,39,9,30
0,118,58,60,54,26,28,64,32,32,61,33,28,55,23,32
1,144,60,84,68,28,40,75,32,43,63,29,34,81,31,50
0,136,66,70,67,34,33,69,32,37,66,30,36,63,29,34
0,300,228,72,138,104,34,161,124,37,157,109,48,130,106,24
1,112,26,86,36,8,28,66,18,48,45,13,32,66,12,54
1,114,24,90,57,12,45,57,12,45,50,16,34,64,8,56
1,112,22,90,42,10,32,57,12,45,48,14,34,64,8,56
0,106,52,54,52,26,26,54,26,28,51,25,26,55,27,28
3,94,26,68,47,12,35,47,14,33,51,13,38,43,13,30
3,82,24,58,38,10,28,44,14,30,44,14,30,38,10,28
4,112,56,56,56,28,28,56,28,28,45,21,24,66,34,32
2,114,46,68,56,22,34,58,24,34,51,23,28,63,23,40
0,110,54,56,54,26,28,56,28,28,51,21,30,49,23,26
3,134,38,96,62,16,46,72,22,50,84,24,60,50,14,36
0,114,52,62,53,24,29,59,28,31,69,35,34,45,17,28
1,126,30,96,55,16,39,63,14,49,56,16,40,69,13,56
4,124,48,76,60,22,38,63,26,37,48,20,28,76,28,48
1,122,28,94,51,14,37,61,14,47,54,16,38,68,12,56
3,80,24,56,40,12,28,40,12,28,38,10,28,42,14,28
4,132,56,76,66,28,38,66,28,38,51,23,28,81,33,48
4,116,44,72,54,20,34,62,24,38,53,23,30,63,21,42
0,100,42,58,47,18,29,53,24,29,51,21,30,49,21,28
0,104,48,56,52,24,28,52,24,28,56,28,28,48,20,28
2,126,46,80,59,22,37,67,24,43,51,21,30,75,25,50
2,116,44,72,57,22,35,58,22,36,50,20,30,66,24,42
3,92,30,62,45,14,31,47,16,31,48,14,34,44,16,28
2,160,50,110,79,24,55,81,26,55,51,23,28,107,25,82
3,154,58,96,76,28,48,78,30,48,73,27,46,80,30,50
3,166,70,96,81,34,47,84,36,48,94,40,54,71,29,42
0,110,38,72,54,18,36,56,20,36,64,20,44,46,18,28
2,126,52,74,62,26,36,62,26,36,68,30,38,58,22,36
3,104,26,78,52,12,40,52,14,38,67,17,50,35,7,28
4,106,44,62,54,22,32,52,22,30,50,22,28,56,22,34
1,106,28,78,40,12,28,55,16,39,41,13,28,65,15,50
0,100,42,58,47,18,29,53,24,29,51,21,30,42,14,28
2,132,44,88,71,20,51,61,24,37,49,21,28,83,23,60
4,118,62,56,59,32,27,57,30,27,56,28,28,61,33,28
1,112,28,84,48,14,34,53,14,39,41,13,28,70,14,56
4,214,102,112,87,40,47,127,62,65,93,45,48,118,54,64
2,126,50,76,61,24,37,65,26,39,50,20,30,76,30,46
3,164,54,110,79,24,55,80,30,50,113,37,76,49,15,34
0,106,48,58,53,24,29,53,24,29,60,30,30,45,17,28
2,108,38,70,53,18,35,55,20,35,47,19,28,61,19,42
1,122,32,90,54,14,40,62,18,44,48,14,34,74,18,56
2,162,68,94,82,32,50,79,36,43,87,41,46,74,26,48
0,102,48,54,51,24,27,51,24,27,58,30,28,44,18,26
4,170,52,118,86,26,60,84,26,58,60,24,36,110,28,82
3,90,28,62,42,12,30,47,16,31,53,19,34,37,9,28
2,182,104,78,87,50,37,95,54,41,90,50,40,84,46,38
0,106,48,58,53,24,29,53,24,29,64,34,30,42,14,28
0,142,52,90,67,26,41,75,26,49,54,24,30,87,27,60
0,102,44,58,51,22,29,51,22,29,60,30,30,42,14,28
4,110,52,58,53,24,29,57,28,29,63,33,30,46,18,28
2,130,44,86,67,22,45,63,22,41,66,24,42,64,20,44
4,112,54,58,55,26,29,57,28,29,57,27,30,51,23,28
1,122,28,94,58,14,44,61,14,47,52,14,38,70,14,56
2,182,80,102,92,32,60,89,48,41,50,22,28,132,58,74
3,82,22,60,40,10,30,40,12,28,42,10,32,40,12,28
1,116,30,86,41,12,29,61,18,43,44,14,30,70,14,56
0,108,50,58,53,24,29,55,26,29,66,36,30,42,14,28
4,116,48,68,59,24,35,57,24,33,48,20,28,67,27,40
3,90,32,58,43,14,29,46,18,28,46,16,30,44,16,28
3,80,22,58,36,8,28,43,14,29,41,11,30,39,11,28
2,114,46,68,60,24,36,54,22,32,50,22,28,64,24,40
4,98,40,58,49,20,29,48,20,28,58,28,30,40,12,28
4,100,40,60,50,20,30,50,20,30,46,18,28,52,20,32
2,120,46,74,54,22,32,66,24,42,54,22,32,66,24,42
3,104,36,68,51,18,33,53,18,35,60,20,40,44,16,28
0,110,50,60,51,22,29,59,28,31,65,33,32,45,17,28
0,104,48,56,52,24,28,52,24,28,56,28,28,48,20,28
4,114,60,54,57,30,27,57,30,27,63,37,26,49,21,28
3,88,28,60,41,12,29,47,16,31,45,15,30,43,13,30
0,134,60,74,61,26,35,73,34,39,83,41,42,51,19,32
1,122,28,94,58,14,44,61,14,47,55,17,38,67,11,56
0,116,52,64,59,26,33,57,26,31,74,38,36,42,14,28
2,112,48,64,56,24,32,56,24,32,51,23,28,61,25,36
4,112,50,62,55,24,31,57,26,31,57,23,34,55,27,28
2,122,46,76,59,22,37,60,24,36,56,22,34,64,22,42
4,110,52,58,55,26,29,55,26,29,65,35,30,45,17,28
3,84,26,58,41,12,29,43,14,29,45,15,30,39,11,28
2,138,44,94,70,22,48,68,22,46,49,21,28,89,23,66
0,108,52,56,54,26,28,54,26,28,63,35,28,45,17,28
3,88,30,58,42,14,28,45,16,29,45,15,30,43,15,28
1,114,22,92,38,10,28,58,12,46,50,14,36,64,8,56
0,122,54,68,60,26,34,62,28,34,55,23,32,65,29,36
4,94,36,58,47,18,29,47,18,29,47,17,30,47,19,28
4,106,46,60,51,22,29,54,24,30,57,25,32,49,21,28
1,110,40,70,52,20,32,55,20,35,46,18,28,64,22,42
1,104,22,82,38,10,28,53,12,41,39,11,28,65,11,54
4,106,42,64,52,20,32,54,22,32,47,19,28,58,22,36
4,106,46,60,54,24,30,52,22,30,50,22,28,56,24,32
1,118,26,92,44,12,32,60,14,46,48,12,36,69,13,56
1,106,20,86,38,10,28,53,10,43,40,10,30,66,10,56
3,114,50,64,51,20,31,63,30,33,56,20,36,56,28,28
2,170,96,74,85,48,37,85,48,37,76,36,40,91,57,34
0,106,50,56,52,24,28,54,26,28,58,30,28,48,20,28
3,90,30,60,44,14,30,46,16,30,45,13,32,45,17,28
4,120,52,68,62,28,34,58,24,34,55,23,32,64,28,36
0,126,58,68,61,28,33,65,30,35,53,23,30,71,33,38
4,104,46,58,51,22,29,53,24,29,51,21,30,53,25,28
3,198,124,74,108,70,38,88,54,34,98,58,40,89,55,34
3,88,30,58,42,14,28,45,16,29,51,21,30,37,9,28
2,138,42,96,66,20,46,72,22,50,47,19,28,91,23,68
3,116,44,72,57,22,35,59,22,37,62,22,40,50,18,32
2,108,44,64,52,22,30,56,22,34,48,20,28,60,24,36
4,114,54,60,54,26,28,60,28,32,65,35,30,49,19,30
3,86,24,62,43,12,31,43,12,31,39,11,28,47,13,34
3,80,22,58,37,8,29,43,14,29,42,12,30,37,9,28
1,112,22,90,39,10,29,57,12,45,47,13,34,65,9,56
1,118,24,94,46,12,34,58,12,46,52,14,38,66,10,56
4,98,42,56,48,20,28,50,22,28,48,20,28,50,22,28
2,102,40,62,50,20,30,52,20,32,48,20,28,54,20,34
1,114,24,90,57,12,45,53,12,41,48,14,34,65,9,56
4,90,34,56,45,18,27,45,16,29,43,15,28,47,19,28
3,108,42,66,50,20,30,58,22,36,57,19,38,50,22,28
2,106,42,64,53,20,33,53,22,31,47,19,28,59,23,36
1,108,18,90,36,8,28,55,10,45,45,11,34,63,7,56
4,114,50,64,58,26,32,56,24,32,69,33,36,45,17,28
4,138,46,92,66,22,44,72,24,48,56,22,34,81,23,58
2,112,46,66,56,22,34,56,24,32,49,21,28,63,25,38
3,130,66,64,59,30,29,71,36,35,72,36,36,57,29,28
4,112,44,68,53,22,31,58,22,36,50,20,30,60,22,38
0,106,50,56,52,24,28,54,26,28,61,33,28,44,16,28
4,174,70,104,85,36,49,83,34,49,68,28,40,102,38,64
4,100,44,56,50,22,28,50,22,28,50,22,28,50,22,28
1,110,22,88,38,10,28,56,12,44,45,13,32,65,9,56
2,120,52,68,58,26,32,62,26,36,52,22,30,68,30,38
3,88,30,58,43,14,29,45,16,29,44,14,30,43,15,28
1,114,22,92,52,12,40,56,10,46,48,12,36,66,10,56
1,120,26,94,52,14,38,59,12,47,53,15,38,67,11,56
4,116,46,70,58,22,36,58,24,34,49,21,28,67,25,42
0,140,68,72,53,24,29,85,44,41,91,47,44,41,13,28
3,92,34,58,44,16,28,47,18,29,53,23,30,39,11,28
0,102,46,56,50,22,28,52,24,28,59,31,28,43,15,28
0,104,48,56,52,24,28,52,24,28,59,31,28,45,17,28
3,134,44,90,73,22,51,61,22,39,78,24,54,56,20,36
4,108,54,54,53,26,27,55,28,27,61,35,26,47,19,28
2,140,46,94,69,22,47,71,24,47,57,21,36,79,21,58
1,98,32,66,51,18,33,43,14,29,43,15,28,55,17,38
1,122,32,90,50,14,36,65,18,47,50,16,34,72,16,56
4,140,62,78,71,32,39,69,30,39,51,21,30,89,41,48
0,112,44,68,56,22,34,56,22,34,64,26,38,48,18,30
3,84,26,58,41,12,29,43,14,29,45,15,30,38,10,28
3,114,48,66,59,24,35,55,24,31,60,22,38,54,26,28
3,92,34,58,45,16,29,47,18,29,49,19,30,42,14,28
1,114,22,92,38,10,28,58,12,46,49,13,36,65,9,56
1,108,22,86,49,10,39,50,12,38,41,11,30,67,11,56
1,114,20,94,57,10,47,55,10,45,50,12,38,64,8,56
4,116,46,70,62,24,38,53,22,31,46,20,26,70,26,44
3,80,18,62,41,10,31,39,8,31,44,10,34,36,8,28
1,120,26,94,58,12,46,54,14,40,53,15,38,67,11,56
4,106,50,56,52,24,28,54,26,28,57,29,28,48,20,28
4,106,42,64,51,20,31,55,22,33,48,20,28,57,21,36
0,110,54,56,53,26,27,57,28,29,60,32,28,50,22,28
0,102,44,58,49,20,29,53,24,29,59,29,30,43,15,28
1,104,24,80,50,12,38,52,12,40,42,14,28,62,10,52
0,116,50,66,58,26,32,57,24,33,64,26,38,52,24,28
1,114,22,92,39,10,29,58,12,46,48,12,36,66,10,56
0,118,52,66,60,26,34,58,26,32,59,23,36,58,28,30
0,106,50,56,52,24,28,54,26,28,62,34,28,44,16,28
1,190,68,122,101,36,65,83,32,51,94,30,64,96,38,58
4,104,42,62,53,22,31,50,20,30,54,22,32,50,20,30
4,144,68,76,73,34,39,71,34,37,97,49,48,47,19,28
3,160,58,102,79,28,51,81,30,51,80,30,50,79,27,52
4,106,42,64,52,20,32,54,22,32,48,20,28,58,22,36
2,122,48,74,60,24,36,62,24,38,50,22,28,72,26,46
3,100,38,62,48,18,30,52,20,32,53,19,34,46,18,28
0,106,48,58,51,22,29,55,26,29,58,28,30,44,16,28
0,102,44,58,51,22,29,51,22,29,59,29,30,43,15,28
0,106,50,56,52,24,28,54,26,28,62,34,28,44,16,28
0,86,30,56,44,16,28,42,14,28,42,14,28,44,16,28
1,108,22,86,38,10,28,55,12,43,43,13,30,65,9,56
4,90,34,56,44,16,28,46,18,28,45,17,28,45,17,28
2,120,52,68,56,24,32,64,28,36,66,28,38,54,24,30
4,118,56,62,59,28,31,59,28,31,68,38,30,50,18,32
4,122,58,64,62,30,32,60,28,32,66,30,36,56,28,28
1,118,24,94,54,10,44,53,14,39,52,14,38,66,10,56
0,118,56,62,59,28,31,58,28,30,72,38,34,42,14,28
2,148,50,98,70,24,46,78,26,52,67,27,40,80,22,58
3,86,28,58,44,14,30,42,14,28,42,14,28,44,14,30
2,162,48,114,81,24,57,81,24,57,64,24,40,98,24,74
0,98,44,54,49,22,27,49,22,27,53,27,26,44,16,28
1,120,26,94,54,14,40,59,12,47,52,14,38,68,12,56
3,88,26,62,40,12,28,45,14,31,49,17,32,39,9,30
1,98,34,64,54,20,34,42,14,28,51,19,32,47,15,32
1,80,24,56,40,12,28,40,12,28,40,12,28,40,12,28
0,122,64,58,61,32,29,61,32,29,56,28,28,66,36,30
3,84,26,58,43,14,29,41,12,29,41,11,30,43,15,28
0,294,214,80,148,94,54,145,120,25,159,105,54,122,96,26
0,126,50,76,68,24,44,58,26,32,57,23,34,69,27,42
4,134,50,84,69,26,43,64,24,40,54,24,30,78,24,54
4,132,48,84,65,24,41,67,24,43,58,26,32,74,22,52
2,102,40,62,51,20,31,51,20,31,46,18,28,55,21,34
0,106,48,58,53,24,29,53,24,29,62,32,30,44,16,28
0,112,52,60,56,26,30,56,26,30,50,22,28,58,26,32
2,156,48,108,77,26,51,78,22,56,56,24,32,99,23,76
3,100,42,58,46,18,28,54,24,30,50,22,28,49,19,30
4,108,42,66,54,20,34,54,22,32,48,20,28,60,22,38
4,106,42,64,55,22,33,51,20,31,48,20,28,58,22,36
2,116,46,70,64,24,40,52,22,30,48,20,28,68,26,42
4,112,52,60,56,26,30,56,26,30,54,22,32,58,30,28
4,130,56,74,61,26,35,68,30,38,57,25,32,73,31,42
0,118,56,62,56,26,30,62,30,32,73,39,34,44,16,28
3,100,42,58,47,20,27,52,22,30,51,21,30,48,20,28
2,108,42,66,53,20,33,55,22,33,48,20,28,60,22,38
1,104,20,84,38,10,28,52,10,42,39,11,28,63,7,56
2,120,44,76,67,22,45,53,22,31,48,20,28,72,24,48
2,112,52,60,55,26,29,57,26,31,51,21,30,60,30,30
4,130,48,82,68,24,44,62,24,38,48,20,28,81,27,54
0,128,60,68,68,32,36,60,28,32,68,34,34,60,26,34
4,110,46,64,53,22,31,57,24,33,48,20,28,61,25,36
1,110,20,90,55,10,45,55,10,45,46,12,34,64,8,56
3,100,38,62,47,18,29,51,20,31,55,21,34,45,17,28
4,178,70,108,107,42,65,71,28,43,94,44,50,84,26,58
3,90,26,64,44,12,32,46,14,32,55,19,36,35,7,28
4,228,78,150,110,36,74,115,42,73,101,43,58,127,35,92
2,170,64,106,69,30,39,100,34,66,78,34,44,92,30,62
2,124,48,76,56,22,34,67,26,41,66,28,38,58,20,38
3,110,44,66,48,20,28,61,24,37,58,20,38,52,24,28
1,112,28,84,40,12,28,58,16,42,43,15,28,68,12,56
1,102,22,80,38,10,28,52,12,40,39,11,28,62,10,52
4,100,40,60,50,20,30,50,20,30,48,20,28,52,20,32
2,108,48,60,55,24,31,53,24,29,52,22,30,56,26,30
1,100,22,78,38,10,28,51,12,39,41,13,28,59,9,50
4,106,48,58,54,24,30,52,24,28,62,32,30,44,16,28
4,106,46,60,51,22,29,54,24,30,51,21,30,55,25,30
3,102,38,64,54,20,34,48,18,30,50,18,32,52,20,32
1,118,26,92,50,12,38,60,14,46,48,12,36,70,14,56
3,88,28,60,44,12,32,43,16,27,52,20,32,36,8,28
1,116,26,90,51,12,39,59,14,45,48,14,34,68,12,56
1,122,28,94,58,16,42,59,12,47,52,14,38,70,14,56
4,138,52,86,73,26,47,65,26,39,49,21,28,87,29,58
3,94,38,56,46,18,28,48,20,28,53,25,28,41,13,28
4,110,42,68,54,20,34,56,22,34,47,19,28,61,21,40
0,88,56,32,44,28,16,43,28,15,44,28,16,44,28,16
4,108,50,58,53,24,29,55,26,29,59,29,30,49,21,28
4,168,56,112,84,28,56,84,28,56,60,24,36,108,32,76
1,114,28,86,38,10,28,61,18,43,50,12,38,64,16,48
3,198,54,144,88,26,62,99,28,71,102,40,62,96,14,82
0,100,42,58,50,22,28,50,20,30,57,27,30,43,15,28
3,118,38,80,56,18,38,61,20,41,73,23,50,45,15,30
0,110,50,60,52,24,28,57,26,31,67,35,32,43,15,28
2,212,74,138,90,36,54,122,38,84,124,48,76,88,26,62
0,98,38,60,49,18,31,49,20,29,52,20,32,45,17,28
4,106,48,58,50,22,28,55,26,29,63,33,30,43,15,28
1,118,36,82,51,16,35,61,20,41,44,16,28,74,20,54
0,152,70,82,73,32,41,79,38,41,111,57,54,41,13,28
3,90,34,56,46,18,28,44,16,28,45,17,28,45,17,28
2,106,40,66,53,20,33,53,20,33,47,19,28,59,21,38
3,102,40,62,49,18,31,53,22,31,50,18,32,47,17,30
0,118,54,64,57,26,31,61,28,33,69,33,36,49,21,28
1,116,26,90,52,14,38,57,12,45,52,14,38,64,12,52
2,130,54,76,64,26,38,65,28,37,57,27,30,73,27,46
1,122,26,96,54,12,42,62,14,48,54,14,40,68,12,56
2,104,44,60,51,22,29,53,22,31,50,22,28,54,22,32
2,134,58,76,66,28,38,66,30,36,73,35,38,61,23,38
3,94,36,58,48,18,30,46,18,28,56,26,30,38,10,28
0,112,56,56,52,24,28,60,32,28,63,35,28,49,21,28
2,106,50,56,52,24,28,54,26,28,51,23,28,54,26,28
3,116,50,66,57,24,33,59,26,33,69,31,38,47,19,28
4,162,44,118,77,20,57,84,24,60,56,22,34,106,22,84
2,104,40,64,49,18,31,54,22,32,47,19,28,57,21,36
1,110,26,84,41,12,29,56,14,42,43,15,28,66,10,56
1,120,38,82,58,18,40,61,20,41,47,19,28,73,19,54
1,108,24,84,38,10,28,57,14,43,39,11,28,68,12,56
3,104,40,64,53,20,33,51,20,31,52,18,34,52,22,30
0,102,38,64,52,20,32,50,18,32,54,18,36,48,20,28
3,86,24,62,41,10,31,45,14,31,49,15,34,37,9,28
2,130,48,82,69,24,45,61,24,37,48,20,28,81,27,54
1,110,20,90,55,10,45,55,10,45,46,12,34,64,8,56
4,156,68,88,72,32,40,83,36,47,100,44,56,56,24,32
0,138,66,72,84,42,42,53,24,29,85,41,44,45,17,28
3,160,70,90,76,32,44,79,38,41,64,30,34,92,36,56
3,94,36,58,47,18,29,46,18,28,48,18,30,46,18,28
4,136,52,84,63,24,39,70,28,42,87,31,56,49,21,28
4,180,54,126,90,28,62,89,26,63,71,27,44,108,26,82
1,112,24,88,53,12,41,56,12,44,46,14,32,66,10,56
2,106,42,64,53,20,33,53,22,31,51,21,30,55,21,34
1,112,28,84,56,14,42,53,14,39,41,13,28,70,14,56
4,132,42,90,72,22,50,60,20,40,55,23,32,77,19,58
2,154,48,106,78,24,54,76,24,52,56,22,34,98,26,72
1,120,24,96,60,12,48,58,12,46,56,16,40,64,8,56
3,88,32,56,44,16,28,44,16,28,41,13,28,47,19,28
3,102,42,60,51,22,29,51,20,31,53,23,30,48,18,30
3,146,54,92,74,26,48,72,28,44,85,33,52,61,21,40
0,112,54,58,54,26,28,58,28,30,66,36,30,45,17,28
2,154,46,108,75,24,51,79,22,57,53,23,30,101,23,78
4,104,48,56,52,24,28,52,24,28,58,30,28,45,17,28
0,100,42,58,51,22,29,49,20,29,56,26,30,44,16,28
2,146,46,100,78,22,56,68,24,44,49,21,28,95,23,72
1,118,24,94,42,12,30,59,12,47,51,13,38,66,10,56
4,106,48,58,54,24,30,52,24,28,53,23,30,44,16,28
3,122,38,84,60,18,42,62,20,42,71,19,52,49,17,32
4,218,64,154,112,34,78,104,30,74,102,34,68,114,28,86
1,116,26,90,49,12,37,59,14,45,48,14,34,68,12,56
2,116,46,70,62,24,38,54,22,32,52,22,30,64,24,40
4,146,76,70,71,38,33,75,38,37,87,45,42,58,30,28
0,108,52,56,51,24,27,56,28,28,61,33,28,47,19,28
2,114,48,66,56,24,32,58,24,34,56,22,34,58,26,32
3,90,34,56,44,16,28,46,18,28,44,16,28,46,18,28
2,136,44,92,67,22,45,69,22,47,46,18,28,88,24,64
4,118,40,78,62,20,42,56,20,36,48,20,28,70,20,50
0,106,50,56,52,24,28,54,26,28,61,33,28,44,16,28
0,262,122,140,76,30,46,184,92,92,144,62,82,110,52,58
0,248,120,128,108,54,54,140,66,74,186,94,92,61,25,36
3,130,60,70,62,28,34,68,32,36,80,38,42,49,21,28
1,122,32,90,43,14,29,63,18,45,48,14,34,74,18,56
2,248,112,136,113,56,57,135,56,79,124,66,58,123,45,78
3,86,30,56,42,14,28,44,16,28,44,16,28,41,13,28
0,112,50,62,50,22,28,60,28,32,69,35,34,43,15,28
2,250,120,130,115,54,61,132,66,66,103,49,54,145,69,76
2,104,46,58,51,22,29,53,24,29,59,29,30,45,17,28
1,118,26,92,53,12,41,60,14,46,51,15,36,66,10,56
1,112,26,86,57,14,43,41,12,29,43,13,30,69,13,56
2,116,44,72,53,20,33,63,24,39,50,20,30,66,24,42
1,112,26,86,52,12,40,52,14,38,44,12,32,68,14,54
3,88,32,56,44,16,28,44,16,28,44,16,28,44,16,28
1,114,22,92,56,12,44,56,10,46,50,14,36,63,7,56
2,106,40,66,53,20,33,53,20,33,49,19,30,56,20,36
1,118,32,86,51,16,35,61,16,45,50,16,34,68,16,52
1,118,26,92,48,10,38,62,16,46,53,17,36,64,8,56
4,106,44,62,53,22,31,53,22,31,48,20,28,57,23,34
2,112,42,70,59,22,37,53,20,33,47,19,28,65,23,42
1,122,34,88,54,16,38,61,18,43,48,16,32,74,18,56
4,122,56,66,60,26,34,61,30,31,60,26,34,55,23,32
0,92,32,60,46,16,30,46,16,30,47,15,32,45,17,28
3,82,24,58,41,12,29,41,12,29,46,16,30,36,8,28
2,166,46,120,80,22,58,86,24,62,69,23,46,95,21,74
1,114,30,84,52,14,38,58,16,42,43,15,28,70,14,56
0,122,46,76,59,22,37,63,24,39,74,26,48,48,20,28
4,114,46,68,59,24,35,55,22,33,54,22,32,59,23,36
1,116,26,90,47,14,33,57,12,45,49,15,34,67,11,56
3,88,30,58,43,14,29,45,16,29,45,15,30,43,15,28
1,114,22,92,58,12,46,39,10,29,49,13,36,65,9,56
0,104,48,56,52,24,28,52,24,28,62,34,28,42,14,28
2,112,38,74,60,18,42,52,20,32,46,18,28,66,20,46
0,152,62,90,81,30,51,71,32,39,63,27,36,89,35,54
2,108,46,62,52,22,30,56,24,32,54,24,30,54,22,32
0,136,64,72,61,28,33,75,36,39,93,49,44,42,14,28
4,120,48,72,52,22,30,68,26,42,54,22,32,64,24,40
0,100,44,56,50,22,28,50,22,28,58,30,28,42,14,28
3,98,40,58,48,20,28,49,20,29,48,18,30,50,22,28
0,100,44,56,50,22,28,50,22,28,58,30,28,42,14,28
0,106,48,58,53,24,29,53,24,29,60,30,30,46,18,28
3,94,36,58,47,18,29,47,18,29,46,16,30,48,20,28
1,108,26,82,40,12,28,55,14,41,41,13,28,67,13,54
2,160,46,114,80,22,58,80,24,56,59,23,36,101,23,78
0,120,56,64,60,28,32,60,28,32,50,22,28,70,34,36
3,94,38,56,48,20,28,46,18,28,52,24,28,41,13,28
2,106,42,64,53,20,33,53,22,31,49,21,28,57,21,36
2,102,42,60,49,20,29,52,22,30,52,20,32,49,21,28
4,120,44,76,62,22,40,57,22,35,48,20,28,71,23,48
1,126,32,94,54,16,38,63,16,47,54,16,38,71,15,56
0,108,52,56,54,26,28,54,26,28,62,34,28,46,18,28
4,98,42,56,48,20,28,50,22,28,57,29,28,41,13,28
0,104,46,58,51,22,29,53,24,29,57,27,30,46,18,28
1,108,24,84,51,12,39,54,12,42,42,14,28,65,9,56
4,110,50,60,53,24,29,57,26,31,53,23,30,57,27,30
3,134,58,76,57,26,31,75,32,43,66,26,40,67,31,36
0,102,46,56,50,22,28,52,24,28,59,31,28,43,15,28
1,114,22,92,45,10,35,58,12,46,48,12,36,65,9,56
1,110,22,88,46,10,36,56,12,44,44,12,32,66,10,56
3,76,18,58,36,8,28,39,10,29,39,9,30,37,9,28
3,80,22,58,39,10,29,41,12,29,39,9,30,41,13,28
3,96,36,60,49,18,31,47,18,29,51,19,32,45,17,28
1,120,26,94,55,12,43,62,14,48,55,17,38,65,9,56
1,114,24,90,49,12,37,57,12,45,47,13,34,66,10,56
0,84,28,56,40,14,26,43,14,29,43,15,28,40,12,28
3,86,26,60,40,12,28,45,14,31,42,12,30,44,14,30
1,96,22,74,39,10,29,49,12,37,39,11,28,57,11,46
1,152,44,108,79,22,57,72,22,50,73,25,48,77,17,60
3,92,34,58,44,16,28,47,18,29,47,17,30,45,17,28
4,110,46,64,52,22,30,58,24,34,50,22,28,60,24,36
1,118,28,90,60,16,44,49,12,37,48,14,34,69,13,56
1,114,22,92,41,10,31,58,12,46,48,12,36,65,9,56
4,120,52,68,60,26,34,59,26,33,52,22,30,67,29,38
0,106,50,56,54,26,28,52,24,28,62,34,28,44,16,28
0,98,42,56,50,22,28,48,20,28,55,27,28,43,15,28
0,164,62,102,82,32,50,82,30,52,67,27,40,96,34,62
0,110,50,60,54,24,30,56,26,30,61,29,32,49,21,28
2,144,40,104,73,20,53,71,20,51,50,20,30,94,20,74
2,172,52,120,76,22,54,95,30,65,67,27,40,104,24,80
1,130,46,84,62,22,40,68,24,44,49,21,28,79,23,56
3,90,30,60,44,14,30,46,16,30,41,13,28,48,16,32
4,102,40,62,51,20,31,51,20,31,56,22,34,46,18,28
1,114,22,92,38,10,28,58,12,46,50,14,36,64,8,56
2,102,44,58,52,22,30,50,22,28,49,21,28,53,23,30
2,164,52,112,81,26,55,83,26,57,54,24,30,109,27,82
4,116,42,74,58,20,38,58,22,36,49,21,28,67,21,46
3,90,28,62,45,14,31,45,14,31,43,9,34,46,18,28
3,90,34,56,44,16,28,46,18,28,50,22,28,40,12,28
0,128,54,74,61,26,35,66,28,38,66,22,44,62,32,30
0,98,40,58,46,18,28,52,22,30,56,26,30,42,14,28
1,118,26,92,49,10,39,62,16,46,52,16,36,66,10,56
2,132,44,88,66,20,46,66,24,42,49,21,28,83,23,60
0,104,48,56,52,24,28,52,24,28,60,32,28,44,16,28
2,102,44,58,51,22,29,51,22,29,49,21,28,52,22,30
2,144,58,86,70,28,42,74,30,44,59,25,34,84,32,52
2,96,38,58,47,18,29,49,20,29,48,18,30,48,20,28
0,104,46,58,51,22,29,53,24,29,50,20,30,54,26,28
4,138,72,66,71,38,33,65,34,31,58,26,32,79,45,34
0,108,50,58,53,24,29,55,26,29,61,31,30,47,19,28
2,106,38,68,51,16,35,55,22,33,48,18,30,58,20,38
3,100,32,68,52,16,36,48,16,32,54,14,40,46,18,28
0,352,278,74,174,136,38,178,142,36,194,144,50,143,119,24
3,84,28,56,42,14,28,42,14,28,42,14,28,42,14,28
4,110,40,70,52,20,32,57,20,37,50,20,30,60,20,40
4,118,44,74,64,22,42,54,22,32,49,21,28,69,23,46
1,116,26,90,43,12,31,59,14,45,48,14,34,68,12,56
1,110,22,88,38,10,28,56,12,44,46,14,32,64,8,56
4,116,54,62,56,24,32,60,30,30,61,29,32,55,25,30
4,152,48,104,74,22,52,77,26,51,50,20,30,102,28,74
0,102,46,56,52,24,28,50,22,28,58,30,28,43,15,28
2,116,40,76,53,18,35,63,22,41,49,19,30,66,20,46
4,112,42,70,54,20,34,58,22,36,54,20,34,56,20,36
0,110,50,60,50,22,28,58,28,30,66,34,32,44,16,28
1,118,26,92,48,12,36,60,14,46,50,14,36,68,12,56
2,112,56,56,54,26,28,58,30,28,55,27,28,57,29,28
1,106,22,84,51,12,39,52,10,42,45,9,36,60,12,48
0,116,54,62,53,24,29,63,30,33,69,35,34,46,18,28
3,98,34,64,47,16,31,49,18,31,45,13,32,53,21,32
2,168,52,116,87,26,61,78,26,52,71,25,46,96,26,70
0,134,68,66,68,34,34,66,34,32,72,38,34,62,30,32
1,122,30,92,58,16,42,59,14,45,52,16,36,69,13,56
4,134,42,92,71,22,49,62,20,42,50,20,30,84,22,62
4,152,72,80,53,26,27,99,46,53,67,31,36,84,40,44
3,134,40,94,68,18,50,65,22,43,67,19,48,65,19,46
1,116,22,94,39,10,29,59,12,47,52,14,38,64,8,56
4,124,56,68,60,26,34,64,30,34,74,34,40,50,22,28
3,92,32,60,41,12,29,50,20,30,45,15,30,47,17,30
0,94,28,66,47,14,33,47,14,33,50,12,38,44,16,28
1,74,18,56,36,8,28,38,10,28,38,10,28,36,8,28
2,120,44,76,60,22,38,60,22,38,48,20,28,72,24,48
0,148,72,76,65,32,33,83,40,43,95,51,44,52,20,32
3,114,38,76,44,16,28,70,22,48,56,18,38,57,19,38
4,118,42,76,60,20,40,58,22,36,49,19,30,68,22,46
0,98,42,56,48,20,28,50,22,28,53,25,28,43,15,28
4,132,50,82,68,24,44,64,26,38,48,20,28,83,29,54
4,144,46,98,76,24,52,68,22,46,50,22,28,94,24,70
4,104,48,56,52,24,28,52,24,28,60,30,30,44,18,26
3,92,36,56,44,16,28,48,20,28,49,21,28,43,15,28
2,142,46,96,73,24,49,69,22,47,47,19,28,94,26,68
1,122,30,92,52,14,38,61,16,45,55,17,38,67,13,54
0,108,50,58,51,22,29,57,28,29,61,31,30,46,18,28
0,98,40,58,49,20,29,49,20,29,54,24,30,44,16,28
2,110,50,60,53,24,29,57,26,31,50,22,28,59,27,32
2,180,74,106,86,36,50,90,38,52,97,43,54,83,31,52
4,128,44,84,63,20,43,65,24,41,49,21,28,79,23,56
4,118,46,72,60,22,38,58,24,34,47,19,28,70,26,44
1,120,28,92,47,14,33,60,14,46,50,14,36,70,14,56
4,110,50,60,56,26,30,53,24,29,64,32,32,46,18,28
3,102,36,66,50,18,32,51,18,33,53,17,36,49,19,30
0,102,46,56,52,24,28,50,22,28,58,30,28,44,16,28
2,104,40,64,54,20,34,50,20,30,47,19,28,56,20,36
2,124,46,78,60,22,38,64,24,40,51,21,30,72,24,48
4,110,54,56,54,26,28,56,28,28,60,32,28,45,17,28
1,100,30,70,40,12,28,53,18,35,42,14,28,58,16,42
2,154,56,98,76,26,50,78,30,48,60,26,34,92,28,64
2,104,40,64,51,20,31,53,20,33,48,20,28,56,20,36
1,124,26,98,53,12,41,63,14,49,57,15,42,67,11,56
3,120,44,76,59,22,37,61,22,39,69,21,48,51,23,28
3,72,16,56,36,8,28,36,8,28,37,9,28,35,7,28
0,138,58,80,61,24,37,75,34,41,91,39,52,47,19,28
4,200,66,134,72,24,48,127,42,85,95,37,58,104,28,76
2,186,60,126,92,28,64,92,32,60,80,34,46,106,26,80
0,102,44,58,51,22,29,51,22,29,61,31,30,41,13,28
1,118,24,94,43,12,31,59,12,47,50,12,38,66,10,56
3,90,30,60,43,14,29,46,16,30,49,17,32,41,13,28
1,112,26,86,55,12,43,50,14,36,45,15,30,67,11,56
2,152,44,108,75,22,53,77,22,55,56,22,34,96,22,74
4,104,48,56,52,24,28,52,24,28,59,31,28,44,16,28
2,114,40,74,61,20,41,53,20,33,46,18,28,68,22,46
1,118,22,96,38,10,28,60,12,48,54,14,40,64,8,56
3,156,72,84,73,32,41,78,40,38,110,54,56,45,17,28
3,92,34,58,45,16,29,47,18,29,48,18,30,43,15,28
2,114,48,66,59,24,35,55,24,31,51,21,30,63,27,36
0,104,44,60,50,20,30,54,24,30,61,29,32,43,15,28
3,114,44,70,57,22,35,57,22,35,64,26,38,48,16,32
2,118,46,72,62,24,38,55,22,33,62,26,36,56,20,36
3,96,32,64,48,16,32,48,16,32,55,23,32,41,9,32
0,104,46,58,53,24,29,51,22,29,60,30,30,44,16,28
0,106,48,58,55,26,29,51,22,29,60,30,30,46,18,28
4,158,92,66,76,46,30,81,46,35,100,60,40,56,30,26
2,100,40,60,50,20,30,50,20,30,48,20,28,52,20,32
4,118,48,70,54,22,32,64,26,38,52,22,30,66,26,40
0,238,120,118,108,54,54,127,66,61,151,67,84,86,52,34
4,108,44,64,55,22,33,53,22,31,51,21,30,56,22,34
3,132,50,82,62,22,40,70,28,42,85,31,54,43,15,28
1,120,30,90,60,16,44,59,14,45,51,17,34,68,12,56
4,112,44,68,56,22,34,56,22,34,50,22,28,62,22,40
3,108,38,70,54,18,36,54,20,34,68,26,42,40,12,28
3,102,36,66,51,18,33,51,18,33,58,20,38,44,16,28
0,88,32,56,44,16,28,44,16,28,40,12,28,48,20,28
1,82,24,58,41,12,29,41,12,29,39,11,28,43,13,30
4,110,44,66,55,22,33,55,22,33,45,19,26,65,25,40
4,94,34,60,46,16,30,48,18,30,48,16,32,46,18,28
0,188,114,74,91,56,35,95,58,37,107,65,42,79,47,32
1,120,28,92,41,12,29,62,16,46,51,15,36,69,13,56
4,96,40,56,48,20,28,48,20,28,55,27,28,41,13,28
1,238,70,168,131,38,93,98,32,66,113,29,84,125,41,84
2,126,46,80,62,22,40,64,24,40,49,21,28,76,24,52
0,110,50,60,53,24,29,57,26,31,68,36,32,42,14,28
2,188,62,126,87,24,63,101,38,63,82,28,54,105,33,72
0,108,50,58,55,26,29,53,24,29,65,35,30,43,15,28
1,126,42,84,61,20,41,64,22,42,48,20,28,75,19,56
4,266,124,142,102,44,58,162,80,82,123,71,52,137,47,90
1,110,24,86,41,12,29,55,12,43,44,14,30,66,10,56
2,164,54,110,82,28,54,82,26,56,68,24,44,96,30,66
4,114,40,74,56,20,36,58,20,38,48,20,28,66,20,46
3,200,86,114,93,42,51,100,44,56,118,52,66,81,33,48
3,306,146,160,132,62,70,164,84,80,160,80,80,142,62,80
0,142,70,72,69,34,35,73,36,37,98,54,44,44,16,28
0,116,58,58,54,26,28,62,32,30,67,37,30,47,19,28
2,112,40,72,52,20,32,60,20,40,50,20,30,62,20,42
1,114,20,94,57,10,47,51,10,41,51,13,38,63,7,56
3,98,40,58,49,20,29,49,20,29,52,22,30,45,17,28
0,112,50,62,54,24,30,57,26,31,63,29,34,49,21,28
1,108,22,86,38,10,28,55,12,43,44,14,30,64,8,56
3,102,40,62,49,20,29,50,20,30,56,22,34,42,14,28
0,94,38,56,46,18,28,48,20,28,48,20,28,46,18,28
0,224,116,108,109,54,55,115,62,53,183,103,80,41,13,28
1,124,28,96,52,12,40,64,16,48,50,14,36,74,14,60
0,162,54,108,52,24,28,110,30,80,91,37,54,71,17,54
1,112,24,88,55,12,43,56,12,44,46,14,32,66,10,56
0,102,46,56,52,24,28,50,22,28,58,30,28,44,16,28
2,108,44,64,50,20,30,58,24,34,45,19,26,61,23,38
1,112,22,90,43,10,33,57,12,45,48,14,34,64,8,56
0,100,44,56,48,20,28,52,24,28,57,29,28,43,15,28
4,100,44,56,50,22,28,50,22,28,54,26,28,46,18,28
4,498,208,290,254,112,142,231,96,135,227,95,132,265,107,158
4,98,38,60,48,18,30,49,20,29,53,21,32,45,17,28
2,116,58,58,55,28,27,61,30,31,54,26,28,62,32,30
0,88,30,58,43,14,29,45,16,29,43,13,30,45,17,28
0,98,38,60,49,20,29,48,18,30,50,18,32,48,20,28
3,100,42,58,50,22,28,49,20,29,54,26,28,46,16,30
2,94,36,58,47,18,29,47,18,29,46,18,28,48,18,30
0,150,64,86,76,32,44,74,32,42,73,33,40,75,29,46
3,84,26,58,43,14,29,41,12,29,42,12,30,42,14,28
0,86,30,56,42,14,28,44,16,28,42,14,28,44,16,28
3,122,40,82,62,20,42,59,20,39,78,24,54,43,15,28
2,110,46,64,54,22,32,56,24,32,49,21,28,60,24,36
0,108,50,58,53,24,29,55,26,29,65,35,30,43,15,28
4,108,50,58,53,24,29,55,26,29,62,32,30,46,18,28
1,128,32,96,48,14,34,71,18,53,56,16,40,71,15,56
2,114,46,68,62,24,38,52,22,30,52,22,30,62,24,38
2,106,42,64,52,20,32,53,22,31,47,19,28,59,23,36
4,146,54,92,80,28,52,66,26,40,59,23,36,86,30,56
3,96,40,56,48,20,28,48,20,28,48,20,28,48,20,28
3,94,38,56,46,18,28,48,20,28,47,19,28,47,19,28
1,120,26,94,47,12,35,63,14,49,51,13,38,68,12,56
4,108,36,72,51,16,35,56,20,36,43,15,28,65,21,44
0,182,94,88,84,42,42,98,52,46,102,54,48,78,38,40
4,234,110,124,101,50,51,132,60,72,153,71,82,73,31,42
3,112,48,64,52,22,30,60,26,34,53,23,30,59,25,34
1,96,22,74,38,10,28,49,12,37,39,11,28,57,11,46
1,102,24,78,38,10,28,53,14,39,41,13,28,61,11,50
0,104,46,58,51,22,29,53,24,29,61,31,30,43,15,28
1,148,44,104,51,14,37,79,30,49,73,25,48,74,18,56
0,116,58,58,55,26,29,61,32,29,66,36,30,50,22,28
2,140,42,98,74,22,52,66,20,46,53,21,32,87,21,66
1,112,24,88,51,12,39,56,12,44,47,15,32,65,9,56
0,106,44,62,53,22,31,53,22,31,50,20,30,56,24,32
0,172,84,88,79,36,43,90,48,42,100,54,46,71,29,42
2,150,62,88,75,30,45,74,32,42,73,31,42,76,30,46
4,152,68,84,78,36,42,74,32,42,59,25,34,93,43,50
4,122,58,64,58,28,30,62,30,32,72,36,36,50,22,28
1,122,26,96,40,12,28,62,14,48,54,14,40,68,12,56
2,106,40,66,53,20,33,53,20,33,48,20,28,58,20,38
2,174,52,122,89,26,63,85,26,59,66,24,42,106,26,80
3,98,38,60,50,20,30,48,18,30,54,22,32,44,16,28
3,94,38,56,48,20,28,46,18,28,46,18,28,48,20,28
3,110,36,74,52,16,36,58,20,38,69,23,46,37,9,28
0,120,56,64,60,28,32,60,28,32,68,30,38,50,24,26
1,122,32,90,57,16,41,60,16,44,48,16,32,74,16,58
3,100,32,68,49,14,35,51,18,33,57,17,40,43,15,28
3,114,40,74,58,20,38,55,20,35,59,19,40,55,21,34
0,94,38,56,48,20,28,46,18,28,44,16,28,50,22,28
0,232,130,102,120,60,60,108,70,38,147,89,58,82,38,44
4,96,38,58,48,18,30,48,20,28,47,19,28,49,19,30
4,136,46,90,70,22,48,66,24,42,47,19,28,89,27,62
1,112,18,94,36,8,28,57,10,47,48,10,38,63,7,56
0,122,56,66,55,26,29,67,30,37,77,39,38,45,17,28
1,114,26,88,55,14,41,51,12,39,45,13,32,68,12,56
1,102,24,78,42,12,30,51,12,39,41,13,28,61,11,50
0,138,64,74,70,32,38,67,32,35,88,44,44,47,17,30
3,74,16,58,37,8,29,37,8,29,38,8,30,36,8,28
0,102,44,58,52,22,30,50,22,28,60,30,30,42,14,28
3,92,34,58,46,16,30,46,18,28,51,21,30,39,11,28
3,102,44,58,50,20,30,52,24,28,55,27,28,47,17,30
1,118,24,94,55,12,43,59,12,47,51,13,38,66,10,56
4,98,42,56,48,20,28,50,22,28,57,29,28,41,13,28
2,114,44,70,59,22,37,55,22,33,48,20,28,66,24,42
0,106,48,58,53,24,29,53,24,29,62,32,30,44,16,28
3,104,46,58,51,22,29,53,24,29,46,16,30,58,30,28
2,136,54,82,75,30,45,60,24,36,70,30,40,66,24,42
3,96,34,62,47,16,31,49,18,31,41,11,30,54,22,32
0,106,48,58,55,26,29,50,22,28,60,30,30,46,18,28
0,102,46,56,50,22,28,52,24,28,59,31,28,43,15,28
4,140,46,94,64,20,44,76,26,50,50,22,28,90,24,66
3,82,24,58,40,12,28,41,12,29,46,16,30,36,8,28
2,128,46,82,64,22,42,64,24,40,48,20,28,80,26,54
4,108,44,64,54,22,32,54,22,32,48,20,28,60,24,36
3,88,32,56,44,16,28,44,16,28,49,21,28,39,11,28
0,108,50,58,53,24,29,55,26,29,61,31,30,47,19,28
1,128,30,98,60,16,44,63,14,49,58,16,42,70,14,56
0,132,62,70,66,32,34,66,30,36,90,48,42,42,14,28
4,120,50,70,56,24,32,64,26,38,55,25,30,64,24,40
0,118,44,74,59,22,37,58,22,36,74,28,46,44,16,28
0,156,78,78,73,36,37,82,42,40,107,57,50,49,21,28
3,104,42,62,50,20,30,54,22,32,46,16,30,57,25,32
3,110,34,76,40,12,28,70,22,48,54,20,34,56,14,42
3,108,36,72,52,18,34,56,18,38,59,17,42,48,18,30
3,104,36,68,54,22,32,47,14,33,62,22,40,41,13,28
4,120,52,68,60,26,34,59,26,33,50,22,28,70,30,40
1,78,20,58,39,10,29,38,10,28,40,12,28,38,8,30
4,140,52,88,77,28,49,63,24,39,56,24,32,84,28,56
0,114,52,62,59,28,31,55,24,31,69,35,34,44,16,28
3,92,32,60,46,16,30,45,16,29,44,12,32,48,20,28
4,102,42,60,48,18,30,54,24,30,54,22,32,48,20,28
0,108,48,60,54,24,30,54,24,30,59,27,32,44,16,28
4,142,44,98,70,22,48,72,22,50,49,21,28,93,23,70
2,118,48,70,60,24,36,58,24,34,50,20,30,66,26,40
3,100,42,58,49,20,29,51,22,29,56,26,30,43,15,28
4,136,44,92,68,20,48,68,24,44,48,20,28,87,23,64
4,104,40,64,52,20,32,52,20,32,48,20,28,56,20,36
1,112,26,86,57,14,43,54,12,42,43,13,30,68,12,56
2,128,42,86,67,22,45,61,20,41,48,20,28,80,22,58
3,114,38,76,56,18,38,58,20,38,76,28,48,38,10,28
3,106,40,66,48,18,30,58,22,36,54,18,36,51,21,30
3,84,26,58,41,12,29,43,14,29,39,9,30,43,15,28
4,122,50,72,61,24,37,61,26,35,49,21,28,72,28,44
1,112,20,92,56,10,46,50,10,40,47,11,36,65,9,56
1,156,44,112,81,18,63,66,26,40,79,29,50,76,14,62
0,104,48,56,52,24,28,52,24,28,58,30,28,46,18,28
0,104,48,56,52,24,28,52,24,28,62,34,28,42,14,28
3,74,18,56,36,8,28,38,10,28,39,11,28,35,7,28
0,102,48,54,49,22,27,53,26,27,56,30,26,46,18,28
2,166,46,120,82,22,60,84,24,60,69,23,46,97,23,74
0,140,74,66,72,38,34,68,36,32,81,43,38,58,30,28
4,110,48,62,55,24,31,54,24,30,67,33,34,43,15,28
0,104,48,56,52,24,28,52,24,28,61,33,28,43,15,28
2,150,64,86,71,30,41,78,34,44,83,37,46,67,27,40
0,100,44,56,50,22,28,50,22,28,56,28,28,44,16,28
3,142,70,72,72,34,38,70,36,34,77,39,38,64,30,34
2,106,42,64,49,20,29,57,22,35,51,21,30,55,21,34
0,104,48,56,52,24,28,52,24,28,60,32,28,44,16,28
0,108,50,58,53,24,29,55,26,29,63,33,30,45,17,28
2,144,56,88,72,28,44,72,28,44,59,23,36,85,33,52
2,136,52,84,67,26,41,69,26,43,64,28,36,72,24,48
3,86,22,64,40,10,30,45,12,33,47,13,34,39,9,30
4,158,52,106,78,24,54,79,28,51,67,29,38,91,23,68
3,94,28,66,46,14,32,48,14,34,52,16,36,41,11,30
4,108,42,66,50,18,32,58,24,34,46,18,28,60,22,38
4,172,66,106,83,30,53,88,36,52,86,32,54,86,34,52
2,176,70,106,81,32,49,94,38,56,77,35,42,99,35,64
2,94,36,58,47,18,29,47,18,29,46,18,28,48,18,30
4,106,50,56,52,24,28,54,26,28,61,33,28,43,15,28
0,110,50,60,54,24,30,56,26,30,67,35,32,43,15,28
0,122,52,70,61,26,35,61,26,35,78,36,42,44,16,28
4,94,32,62,46,16,30,47,16,31,45,17,28,49,15,34
4,98,42,56,48,20,28,50,22,28,47,19,28,51,23,28
1,114,24,90,44,12,32,57,12,45,46,12,34,67,11,56
4,92,34,58,47,18,29,45,16,29,46,16,30,46,18,28
3,80,24,56,39,12,27,41,12,29,42,14,28,38,10,28
4,100,44,56,50,22,28,50,22,28,60,32,28,40,12,28
0,148,66,82,78,36,42,66,30,36,82,36,46,58,22,36
3,86,24,62,39,12,27,47,12,35,42,10,32,44,14,30
4,142,60,82,76,30,46,66,30,36,53,23,30,89,37,52
2,116,46,70,62,24,38,54,22,32,53,21,32,62,24,38
2,130,48,82,64,22,42,66,26,40,48,20,28,81,27,54
0,104,46,58,52,24,28,51,22,29,61,31,30,43,15,28
3,128,38,90,54,18,36,74,20,54,64,18,46,63,19,44
1,100,28,72,50,14,36,44,14,30,41,13,28,59,15,44
4,202,94,108,78,38,40,115,56,59,134,64,70,65,27,38
1,108,20,88,54,10,44,38,10,28,45,13,32,63,7,56
3,92,36,56,46,18,28,46,18,28,44,16,28,47,19,28
0,100,44,56,50,22,28,50,22,28,56,28,28,44,16,28
4,112,52,60,55,26,29,57,26,31,54,24,30,58,28,30
2,166,54,112,81,26,55,84,28,56,71,23,48,95,31,64
2,108,38,70,53,18,35,55,20,35,47,19,28,61,19,42
0,120,52,68,57,24,33,62,28,34,65,33,32,55,19,36
1,114,22,92,38,10,28,58,12,46,50,14,36,64,8,56
4,106,42,64,55,20,35,51,22,29,47,19,28,57,21,36
2,98,42,56,48,20,28,50,22,28,49,21,28,49,21,28
3,100,34,66,51,18,33,49,16,33,53,15,38,46,18,28
4,104,42,62,50,20,30,54,22,32,47,19,28,57,23,34
3,96,38,58,47,18,29,49,20,29,47,17,30,49,21,28
4,96,38,58,47,18,29,48,20,28,45,15,30,51,23,28
4,184,64,120,90,32,58,93,32,61,64,26,38,119,37,82
1,116,32,84,58,16,42,58,16,42,45,17,28,68,12,56
1,114,28,86,50,14,36,57,14,43,49,15,34,65,13,52
2,110,52,58,54,26,28,55,26,29,50,22,28,60,30,30
0,158,68,90,67,28,39,90,40,50,98,40,58,58,26,32
1,76,20,56,38,10,28,38,10,28,40,12,28,36,8,28
4,102,42,60,50,20,30,52,22,30,49,21,28,53,21,32
1,118,24,94,38,10,28,61,14,47,52,14,38,66,10,56
1,118,24,94,46,12,34,59,12,47,52,14,38,66,10,56
2,148,48,100,78,26,52,70,22,48,61,23,38,85,23,62
1,120,28,92,59,16,43,58,12,46,50,14,36,70,14,56
0,108,42,66,55,22,33,53,20,33,59,21,38,48,20,28
2,112,44,68,57,22,35,54,22,32,52,22,30,60,22,38
0,120,60,60,62,32,30,58,28,30,59,31,28,55,23,32
1,112,28,84,56,14,42,55,14,41,40,12,28,71,15,56
4,144,64,80,71,34,37,72,30,42,72,30,42,72,34,38
2,126,46,80,64,22,42,62,24,38,58,24,34,68,22,46
4,106,42,64,53,20,33,53,22,31,48,20,28,58,22,36
4,100,44,56,50,22,28,50,22,28,58,30,28,42,14,28
4,102,42,60,50,20,30,52,22,30,47,19,28,55,23,32
0,146,68,78,65,30,35,77,38,39,83,41,42,62,26,36
3,100,42,58,49,20,29,51,22,29,54,24,30,46,18,28
0,102,46,56,51,22,29,51,24,27,57,29,28,45,17,28
1,116,30,86,52,16,36,57,14,43,45,15,30,70,14,56
2,122,54,68,58,26,32,64,28,36,56,24,32,66,30,36
3,114,44,70,58,24,34,52,20,32,62,26,36,52,18,34
2,136,44,92,69,22,47,67,22,45,54,22,32,82,22,60
1,90,18,72,45,10,35,36,8,28,37,9,28,53,9,44
0,106,50,56,50,22,28,56,28,28,62,34,28,44,16,28
0,120,56,64,54,24,30,66,32,34,73,37,36,47,19,28
3,106,38,68,49,16,33,56,22,34,53,15,38,52,22,30
1,112,22,90,45,10,35,57,12,45,47,13,34,64,8,56
2,134,46,88,68,24,44,66,22,44,47,19,28,87,27,60
1,124,28,96,58,16,42,60,12,48,54,14,40,68,12,56
1,102,20,82,51,10,41,50,10,40,48,12,36,54,8,46
4,104,48,56,52,24,28,52,24,28,60,32,28,43,15,28
4,160,56,104,77,28,49,83,28,55,64,26,38,96,30,66
4,114,44,70,53,22,31,60,22,38,47,19,28,67,25,42
3,142,70,72,64,30,34,75,40,35,59,29,30,82,40,42
2,158,48,110,77,24,53,78,24,54,68,24,44,89,23,66
2,112,42,70,61,22,39,51,20,31,52,22,30,60,20,40
3,114,38,76,55,18,37,59,20,39,66,20,46,47,17,30
4,96,38,58,47,18,29,49,20,29,50,20,30,45,17,28
1,86,24,62,38,10,28,45,14,31,41,13,28,45,11,34
4,388,186,202,187,86,101,197,100,97,144,68,76,242,116,126
2,106,40,66,53,20,33,53,20,33,47,19,28,58,20,38
1,110,26,84,42,12,30,60,14,46,47,15,32,63,11,52
3,104,44,60,49,20,29,55,24,31,61,29,32,41,13,28
0,188,94,94,86,42,44,99,52,47,132,70,62,52,20,32
1,118,26,92,48,12,36,61,14,47,50,14,36,68,12,56
2,106,44,62,53,22,31,53,22,31,50,22,28,56,22,34
1,106,24,82,41,12,29,53,12,41,40,12,28,66,12,54
1,84,26,58,40,12,28,43,14,29,40,12,28,43,13,30
1,118,22,96,38,10,28,60,12,48,54,14,40,64,8,56
0,110,56,54,55,28,27,55,28,27,66,38,28,44,18,26
3,118,48,70,62,24,38,56,24,32,51,19,32,67,29,38
1,112,26,86,41,12,29,57,14,43,44,14,30,68,12,56
4,98,42,56,48,20,28,50,22,28,49,21,28,49,21,28
3,170,76,94,90,40,50,80,36,44,94,38,56,74,36,38
2,160,44,116,81,22,59,79,22,57,62,22,40,98,22,76
1,106,22,84,38,10,28,54,12,42,41,13,28,64,8,56
2,112,40,72,55,20,35,56,20,36,45,19,26,67,21,46
4,118,50,68,57,24,33,60,26,34,51,21,30,65,27,38
0,126,62,64,59,28,31,67,34,33,77,43,34,49,19,30
3,94,32,62,47,16,31,47,16,31,51,17,34,43,15,28
4,128,44,84,65,22,43,63,22,41,45,17,28,81,25,56
2,112,44,68,56,22,34,56,22,34,50,20,30,62,24,38
3,124,48,76,59,22,37,65,26,39,82,34,48,42,14,28
3,86,28,58,43,14,29,43,14,29,40,10,30,44,16,28
4,122,50,72,59,24,35,63,26,37,74,32,42,48,18,30
2,106,46,60,52,22,30,54,24,30,50,22,28,56,24,32
0,134,68,66,61,30,31,72,38,34,89,51,38,45,17,28
4,158,52,106,78,26,52,80,26,54,51,23,28,107,29,78
0,108,34,74,54,16,38,53,18,35,64,18,46,44,16,28
2,114,46,68,62,24,38,52,22,30,50,22,28,64,24,40
0,112,54,58,52,24,28,60,30,30,63,35,28,49,19,30
1,114,22,92,38,10,28,58,12,46,50,14,36,64,8,56
2,104,42,62,50,20,30,54,22,32,51,23,28,53,19,34
3,110,40,70,54,20,34,56,20,36,60,18,42,48,20,28
2,142,48,94,70,24,46,72,24,48,52,24,28,90,24,66
4,240,98,142,122,52,70,115,46,69,152,72,80,88,26,62
4,114,54,60,55,26,29,59,28,31,51,23,28,63,31,32
4,122,46,76,58,22,36,64,24,40,65,27,38,57,19,38
3,126,40,86,63,20,43,58,20,38,44,8,36,82,32,50
0,100,42,58,49,20,29,51,22,29,47,17,30,53,25,28
0,172,86,86,86,44,42,81,42,39,99,51,48,72,34,38
3,92,36,56,46,18,28,46,18,28,46,18,28,46,18,28
2,126,48,78,62,24,38,64,24,40,50,22,28,75,25,50
0,118,56,62,66,32,34,52,24,28,52,24,28,66,32,34
0,106,48,58,53,24,29,53,24,29,60,30,30,46,18,28
0,116,58,58,56,28,28,60,30,30,66,36,30,49,21,28
4,120,60,60,60,30,30,60,30,30,50,24,26,69,35,34
1,112,22,90,37,8,29,59,14,45,45,11,34,67,11,56
3,94,36,58,45,16,29,49,20,29,45,15,30,48,20,28
1,108,22,86,38,10,28,55,12,43,44,14,30,64,8,56
3,98,40,58,49,20,29,49,20,29,48,18,30,50,22,28
4,106,48,58,50,22,28,55,26,29,51,21,30,55,27,28
0,116,58,58,60,30,30,56,28,28,56,28,28,60,30,30
1,118,22,96,44,10,34,60,12,48,54,14,40,64,8,56
3,158,50,108,77,24,53,80,26,54,77,23,54,78,24,54
3,106,42,64,51,20,31,55,22,33,52,20,32,54,22,32
0,94,32,62,47,16,31,45,16,29,50,16,34,44,16,28
3,226,102,124,93,40,53,128,62,66,104,46,58,118,52,66
0,106,48,58,53,24,29,53,24,29,62,32,30,44,16,28
1,126,38,88,44,16,28,66,22,44,49,15,34,76,22,54
4,96,58,38,46,28,18,50,30,20,46,28,18,50,30,20
3,126,38,88,55,18,37,71,20,51,66,20,46,60,18,42
3,134,54,80,67,28,39,67,26,41,74,24,50,58,28,30
1,118,22,96,38,10,28,60,12,48,54,14,40,64,8,56
4,106,46,60,51,22,29,55,24,31,51,23,28,55,23,32
2,94,30,64,47,14,33,47,16,31,46,14,32,48,16,32
3,106,42,64,50,20,30,56,22,34,48,18,30,52,18,34
4,106,44,62,52,22,30,54,22,32,48,20,28,58,24,34
3,90,32,58,43,14,29,47,18,29,47,17,30,43,15,28
0,108,48,60,54,24,30,54,24,30,66,34,32,42,14,28
4,104,40,64,53,20,33,51,20,31,48,20,28,56,20,36
0,100,44,56,50,22,28,50,22,28,56,28,28,43,15,28
4,110,54,56,54,26,28,56,28,28,59,31,28,47,19,28
4,146,44,102,72,20,52,74,24,50,48,20,28,98,24,74
1,122,30,92,57,18,39,58,12,46,51,15,36,70,14,56
0,128,60,68,60,28,32,66,32,34,78,40,38,48,18,30
2,120,42,78,57,20,37,63,22,41,52,22,30,68,20,48
4,172,80,92,89,40,49,83,40,43,85,43,42,86,36,50
0,102,44,58,51,22,29,51,22,29,52,22,30,49,21,28
4,160,64,96,74,30,44,81,34,47,77,31,46,81,31,50
3,104,38,66,51,18,33,52,20,32,55,15,40,48,22,26
1,122,24,98,41,12,29,60,12,48,58,16,42,64,8,56
1,106,22,84,38,10,28,54,12,42,39,11,28,65,9,56
0,102,46,56,50,22,28,52,24,28,57,29,28,45,17,28
2,154,46,108,78,22,56,76,24,52,64,22,42,90,24,66
4,100,42,58,49,20,29,51,22,29,54,24,30,43,15,28
1,124,34,90,52,16,36,67,18,49,52,14,38,72,20,52
2,104,44,60,52,22,30,52,22,30,50,20,30,54,24,30
1,114,22,92,53,12,41,54,10,44,48,12,36,66,10,56
2,130,56,74,75,34,41,55,22,33,69,31,38,59,23,36
1,134,44,90,64,22,42,59,22,37,63,29,34,71,15,56
4,126,46,80,63,24,39,63,22,41,46,20,26,80,26,54
0,110,48,62,55,24,31,55,24,31,59,29,30,51,19,32
3,116,38,78,61,20,41,55,18,37,69,21,48,47,17,30
0,114,58,56,59,30,29,55,28,27,65,37,28,49,21,28
3,92,36,56,46,18,28,46,18,28,50,22,28,42,14,28
0,144,72,72,81,38,43,63,34,29,96,52,44,48,20,28
4,80,26,54,39,12,27,41,14,27,43,17,26,37,9,28
4,108,42,66,52,20,32,56,22,34,51,21,30,57,21,36
4,138,50,88,67,24,43,71,26,45,49,21,28,89,29,60
3,90,34,56,44,16,28,46,18,28,49,21,28,41,13,28
4,96,38,58,48,20,28,47,18,29,48,18,30,48,20,28
4,120,46,74,64,24,40,56,22,34,48,20,28,72,26,46
0,102,46,56,50,22,28,52,24,28,60,32,28,42,14,28
1,118,24,94,38,10,28,61,14,47,52,14,38,66,10,56
1,112,26,86,50,12,38,57,14,43,44,14,30,68,12,56
3,86,28,58,41,12,29,45,16,29,46,16,30,39,11,28
0,120,52,68,51,20,31,69,32,37,51,19,32,69,33,36
1,110,22,88,37,10,27,56,12,44,44,12,32,66,10,56
1,120,28,92,46,14,32,63,14,49,49,13,36,71,15,56
2,114,44,70,57,22,35,57,22,35,49,21,28,65,23,42
0,144,70,74,67,32,35,76,38,38,95,49,46,48,20,28
3,80,24,56,40,12,28,40,12,28,40,12,28,39,11,28
2,108,44,64,54,22,32,53,22,31,55,23,32,53,21,32
3,88,32,56,44,16,28,44,16,28,41,13,28,47,19,28
1,110,22,88,39,10,29,56,12,44,44,12,32,66,10,56
4,92,34,58,44,16,28,48,18,30,46,16,30,45,17,28
3,94,36,58,45,16,29,49,20,29,51,21,30,43,15,28
4,112,40,72,50,20,30,62,20,42,48,20,28,64,20,44
4,108,52,56,52,24,28,56,28,28,57,29,28,49,21,28
4,172,64,108,86,32,54,82,32,50,75,29,46,97,35,62
2,136,48,88,66,24,42,70,24,46,62,24,38,73,23,50
1,110,24,86,52,10,42,57,14,43,43,13,30,65,9,56
2,114,40,74,59,20,39,55,20,35,48,20,28,66,20,46
1,82,26,56,40,12,28,42,14,28,40,12,28,42,14,28
4,128,48,80,63,24,39,65,24,41,52,22,30,75,25,50
4,96,38,58,48,18,30,48,20,28,47,19,28,49,19,30
4,144,68,76,69,32,37,75,36,39,97,49,48,47,19,28
4,106,64,42,53,32,21,53,32,21,44,24,20,61,39,22
1,114,24,90,57,12,45,55,12,43,48,14,34,66,10,56
2,136,48,88,68,24,44,68,24,44,51,23,28,85,25,60
2,204,86,118,100,44,56,102,42,60,124,58,66,78,26,52
2,130,46,84,62,22,40,68,24,44,50,22,28,80,24,56
2,260,108,152,105,40,65,147,68,79,134,64,70,120,38,82
1,74,20,54,37,10,27,37,10,27,38,12,26,36,8,28
0,116,52,64,59,26,33,57,26,31,68,32,36,48,20,28
4,94,34,60,45,16,29,48,18,30,47,15,32,47,19,28
4,110,50,60,57,26,31,53,24,29,54,24,30,50,20,30
4,256,114,142,125,58,67,124,56,68,125,57,68,128,54,74
0,102,44,58,51,22,29,51,22,29,60,30,30,42,14,28
3,82,24,58,41,12,29,41,12,29,40,10,30,42,14,28
3,90,34,56,43,16,27,47,18,29,44,16,28,46,18,28
0,96,40,56,48,20,28,48,20,28,54,26,28,42,14,28
3,90,34,56,44,16,28,46,18,28,45,17,28,45,17,28
0,192,96,96,93,48,45,95,48,47,107,55,52,83,39,44
2,122,44,78,58,22,36,64,22,42,49,21,28,73,23,50
1,106,24,82,39,10,29,55,14,41,40,12,28,65,11,54
2,170,90,80,83,42,41,86,48,38,85,47,38,85,43,42
4,110,42,68,52,20,32,58,22,36,47,19,28,63,23,40
4,106,46,60,52,22,30,54,24,30,55,23,32,51,23,28
1,116,28,88,50,14,36,56,14,42,50,16,34,66,12,54
0,118,52,66,60,26,34,58,26,32,60,24,36,51,21,30
2,100,44,56,48,20,28,52,24,28,48,20,28,51,23,28
0,114,56,58,56,28,28,58,28,30,56,26,30,58,30,28
1,92,28,64,48,16,32,40,12,28,43,15,28,49,13,36
1,114,24,90,38,10,28,59,14,45,48,14,34,65,9,56
1,80,22,58,38,10,28,41,12,29,41,13,28,39,9,30
0,104,46,58,53,24,29,50,22,28,58,28,30,46,18,28
3,98,40,58,49,20,29,49,20,29,52,22,30,46,18,28
4,100,42,58,49,20,29,51,22,29,51,21,30,49,21,28
4,154,50,104,78,26,52,76,24,52,54,24,30,99,25,74
3,94,36,58,44,16,28,49,20,29,52,22,30,42,14,28
1,114,26,88,40,12,28,58,14,44,52,14,38,61,11,50
1,122,28,94,59,14,45,54,14,40,52,14,38,68,12,56
3,124,40,84,59,18,41,65,22,43,73,21,52,51,19,32
3,120,38,82,57,16,41,63,22,41,85,31,54,35,7,28
3,80,22,58,37,10,27,42,12,30,35,7,28,44,14,30
0,98,42,56,50,22,28,48,20,28,56,28,28,42,14,28
4,94,40,54,47,20,27,47,20,27,48,20,28,46,20,26
4,102,42,60,48,20,28,54,22,32,49,19,30,53,23,30
2,116,50,66,57,24,33,58,26,32,60,28,32,56,22,34
2,156,48,108,73,22,51,83,26,57,55,23,32,101,25,76
4,110,44,66,55,22,33,54,22,32,52,22,30,58,22,36
1,88,32,56,44,16,28,44,16,28,43,15,28,45,17,28
1,112,22,90,38,10,28,57,12,45,47,13,34,64,8,56
3,102,34,68,48,16,32,53,18,35,59,21,38,43,13,30
4,110,44,66,52,20,32,57,24,33,51,21,30,59,23,36
3,88,30,58,43,14,29,45,16,29,48,18,30,40,12,28
2,104,40,64,51,20,31,53,20,33,48,20,28,56,20,36
3,126,50,76,49,18,31,76,32,44,76,32,44,48,16,32
2,266,106,160,118,44,74,146,62,84,119,59,60,144,44,100
1,122,30,92,59,14,45,62,16,46,58,22,36,64,8,56
0,100,40,60,50,20,30,49,20,29,58,26,32,42,14,28
2,108,40,68,49,20,29,59,20,39,47,19,28,61,21,40
4,78,22,56,38,10,28,40,12,28,39,11,28,39,11,28
4,104,40,64,51,20,31,53,20,33,48,20,28,56,20,36
1,116,26,90,43,12,31,59,14,45,49,13,36,67,13,54
2,116,46,70,58,22,36,58,24,34,51,21,30,65,25,40
1,118,24,94,56,12,44,59,12,47,52,14,38,66,10,56
3,132,60,72,64,30,34,67,30,37,85,41,44,47,19,28
1,100,18,82,36,8,28,51,10,41,37,9,28,61,7,54
2,124,48,76,60,22,38,64,26,38,56,26,30,67,21,46
3,122,34,88,59,16,43,63,18,45,63,19,44,59,15,44
4,104,40,64,50,18,32,54,22,32,58,22,36,46,18,28
2,116,38,78,50,18,32,66,20,46,47,19,28,69,19,50
3,102,32,70,43,14,29,54,18,36,65,23,42,37,9,28
4,124,50,74,60,24,36,63,26,37,60,26,34,64,24,40
4,96,32,64,48,16,32,48,16,32,51,15,36,45,17,28
0,106,48,58,50,22,28,56,26,30,64,34,30,42,14,28
3,96,36,60,48,18,30,48,18,30,54,22,32,41,13,28
3,272,120,152,127,52,75,139,68,71,117,51,66,149,63,86
4,158,68,90,79,34,45,79,34,45,63,27,36,94,40,54
3,170,60,110,78,24,54,86,36,50,94,30,64,74,28,46
2,102,42,60,48,20,28,54,22,32,48,20,28,54,22,32
0,116,58,58,57,28,29,59,30,29,64,34,30,51,23,28
4,114,40,74,58,20,38,55,20,35,48,20,28,66,20,46
1,118,28,90,55,12,43,61,16,45,48,14,34,70,14,56
1,110,32,78,55,16,39,54,16,38,44,16,28,66,16,50
2,138,50,88,65,26,39,73,24,49,51,21,30,85,27,58
1,104,38,66,53,20,33,51,18,33,52,20,32,52,18,34
2,118,44,74,60,22,38,58,22,36,59,23,36,58,20,38
4,142,62,80,71,30,41,70,32,38,84,36,48,58,26,32
4,108,46,62,59,26,33,48,20,28,48,18,30,60,28,32
0,102,44,58,51,22,29,51,22,29,58,28,30,44,16,28
2,120,38,82,59,18,41,61,20,41,47,19,28,73,19,54
1,116,22,94,49,10,39,59,12,47,50,12,38,66,10,56
0,110,52,58,53,24,29,57,28,29,57,27,30,53,25,28
0,108,52,56,56,28,28,52,24,28,59,31,28,48,20,28
1,108,22,86,48,10,38,55,12,43,43,13,30,65,9,56
0,112,52,60,57,26,31,55,26,29,62,30,32,50,22,28
1,128,34,94,44,14,30,69,20,49,50,12,38,78,22,56
0,142,76,66,59,30,29,83,46,37,88,54,34,52,20,32
3,128,52,76,68,26,42,59,26,33,58,28,30,69,23,46
2,122,42,80,68,20,48,54,22,32,47,19,28,74,22,52
4,112,52,60,56,26,30,56,26,30,62,30,32,50,22,28
2,120,48,72,58,22,36,62,26,36,50,22,28,70,26,44
0,104,32,72,52,16,36,52,16,36,43,13,30,61,19,42
2,134,42,92,65,20,45,69,22,47,60,22,38,74,20,54
4,94,38,56,46,18,28,48,20,28,46,18,28,47,19,28
0,96,40,56,48,20,28,48,20,28,56,28,28,40,12,28
0,138,60,78,67,28,39,71,32,39,72,28,44,65,31,34
0,100,46,54,51,24,27,49,22,27,48,22,26,50,22,28
1,112,22,90,50,10,40,57,12,45,47,13,34,65,9,56
4,118,44,74,60,22,38,58,22,36,49,21,28,69,23,46
0,106,46,60,54,24,30,52,22,30,64,32,32,42,14,28
1,116,24,92,46,12,34,58,12,46,50,14,36,66,10,56
0,102,46,56,50,22,28,52,24,28,57,29,28,45,17,28
4,100,46,54,51,24,27,49,22,27,56,28,28,42,16,26
1,122,26,96,60,14,46,60,12,48,54,14,40,66,10,56
0,106,48,58,53,24,29,53,24,29,65,35,30,41,13,28
1,132,36,96,55,20,35,63,16,47,62,22,40,70,14,56
3,90,34,56,44,16,28,46,18,28,49,21,28,41,13,28
3,92,34,58,47,18,29,44,16,28,51,21,30,41,13,28
2,122,42,80,57,20,37,65,22,43,50,20,30,72,22,50
1,118,26,92,59,14,45,58,12,46,51,15,36,67,11,56
2,112,46,66,58,24,34,54,22,32,55,23,32,57,23,34
0,88,32,56,44,16,28,44,16,28,44,16,28,44,16,28
1,114,26,88,50,12,38,58,14,44,44,12,32,70,14,56
1,120,22,98,38,10,28,61,12,49,55,13,42,64,8,56
3,90,34,56,44,16,28,46,18,28,50,22,28,40,12,28
4,114,48,66,59,24,35,55,24,31,55,23,32,58,24,34
2,110,42,68,56,20,36,54,22,32,52,22,30,58,20,38
3,94,36,58,47,18,29,47,18,29,46,16,30,48,20,28
2,102,40,62,50,20,30,52,20,32,48,20,28,54,20,34
1,118,26,92,60,14,46,57,12,45,51,15,36,66,10,56
1,96,24,72,48,12,36,41,12,29,42,14,28,54,10,44
2,104,40,64,51,20,31,53,20,33,48,20,28,56,20,36
2,134,44,90,65,22,43,69,22,47,48,20,28,85,23,62
2,150,54,96,70,24,46,80,30,50,53,23,30,95,29,66
1,122,26,96,46,12,34,62,14,48,53,13,40,68,12,56
4,150,44,106,75,22,53,75,22,53,47,19,28,101,23,78
4,116,58,58,57,30,27,57,28,29,51,25,26,64,32,32
4,108,56,52,54,28,26,54,28,26,52,26,26,56,30,26
3,146,44,102,72,22,50,74,22,52,59,21,38,85,21,64
2,102,42,60,50,20,30,52,22,30,54,24,30,48,18,30
2,114,50,64,50,20,30,63,30,33,60,28,32,54,22,32
2,134,62,72,60,26,34,73,36,37,75,35,40,56,24,32
0,110,52,58,53,24,29,57,28,29,62,32,30,47,19,28
3,94,36,58,44,16,28,50,20,30,53,23,30,41,13,28
3,98,40,58,47,18,29,51,22,29,59,29,30,39,11,28
3,130,50,80,57,22,35,67,28,39,59,27,32,69,21,48
4,120,40,80,58,20,38,62,20,42,48,20,28,72,20,52
2,150,48,102,74,24,50,76,24,52,49,21,28,100,26,74
2,162,54,108,76,24,52,85,30,55,59,25,34,103,29,74
0,104,48,56,52,24,28,52,24,28,62,34,28,42,14,28
1,106,22,84,49,10,39,54,12,42,40,12,28,65,9,56
2,162,68,94,69,28,41,90,40,50,95,43,52,67,25,42
2,124,46,78,49,22,27,75,24,51,50,20,30,73,25,48
3,80,22,58,37,10,27,42,12,30,43,13,30,37,9,28
2,108,40,68,54,20,34,54,20,34,50,20,30,58,20,38
4,182,58,124,81,24,57,101,34,67,66,30,36,116,28,88
2,148,60,88,71,26,45,72,34,38,93,39,54,55,21,34
2,98,40,58,49,20,29,49,20,29,48,20,28,50,20,30
2,132,48,84,62,22,40,70,26,44,52,24,28,80,24,56
2,182,60,122,93,28,65,89,32,57,84,34,50,97,25,72
0,108,50,58,55,26,29,53,24,29,62,32,30,46,18,28
1,78,22,56,40,12,28,38,10,28,40,12,28,38,10,28
0,102,46,56,50,22,28,52,24,28,51,23,28,51,23,28
2,166,74,92,85,38,47,80,36,44,104,46,58,56,22,34
2,104,44,60,52,22,30,52,22,30,48,20,28,54,22,32
4,132,46,86,64,22,42,67,24,43,49,19,30,83,27,56
4,112,50,62,56,24,32,56,26,30,59,27,32,53,23,30
4,194,90,104,96,44,52,97,46,51,100,46,54,88,38,50
1,122,28,94,48,12,36,63,16,47,54,16,38,67,11,56
3,98,28,70,49,14,35,49,14,35,62,20,42,36,8,28
3,90,30,60,45,14,31,45,16,29,45,15,30,45,15,30
4,134,48,86,68,22,46,64,26,38,61,25,36,73,23,50
4,138,56,82,58,22,36,80,34,46,56,24,32,82,32,50
3,90,32,58,42,14,28,47,18,29,51,21,30,39,11,28
4,320,84,236,163,46,117,136,38,98,173,49,124,145,33,112
0,160,52,108,79,26,53,81,26,55,69,25,44,90,26,64
2,148,66,82,60,24,36,86,42,44,99,47,52,49,19,30
2,110,40,70,55,20,35,55,20,35,46,18,28,64,22,42
1,120,24,96,60,12,48,55,12,43,54,14,40,64,8,56
2,90,34,56,44,16,28,46,18,28,45,17,28,45,17,28
4,132,42,90,68,22,46,64,20,44,47,19,28,85,23,62
4,156,48,108,80,24,56,75,24,51,58,26,32,98,22,76
3,96,40,56,48,20,28,48,20,28,44,16,28,52,24,28
3,88,32,56,44,16,28,44,16,28,44,16,28,44,16,28
3,118,42,76,61,20,41,57,22,35,69,23,46,49,19,30
2,200,76,124,95,38,57,105,38,67,83,37,46,117,39,78
2,136,48,88,73,24,49,63,24,39,52,22,30,84,26,58
0,100,38,62,48,18,30,52,20,32,53,19,34,47,19,28
2,176,52,124,87,28,59,89,24,65,73,25,48,103,27,76
0,108,50,58,50,22,28,58,28,30,64,34,30,44,16,28
4,140,54,86,64,24,40,69,30,39,82,36,46,57,17,40
3,96,40,56,48,20,28,48,20,28,49,19,30,46,20,26
1,118,28,90,44,12,32,65,16,49,51,13,38,66,14,52
0,118,50,68,58,24,34,60,26,34,67,27,40,45,17,28
0,100,42,58,50,20,30,50,22,28,56,26,30,42,14,28
0,142,72,70,65,34,31,76,38,38,74,38,36,59,25,34
0,110,52,58,55,26,29,55,26,29,63,33,30,47,19,28
2,122,46,76,63,22,41,59,24,35,50,22,28,72,24,48
3,106,48,58,53,24,29,52,24,28,66,36,30,40,12,28
1,80,22,58,38,10,28,41,12,29,38,12,26,42,10,32
2,138,46,92,69,22,47,69,24,45,49,21,28,87,23,64
4,132,64,68,66,32,34,65,32,33,76,36,40,55,27,28
4,100,44,56,50,22,28,50,22,28,56,28,28,40,12,28
3,100,28,72,41,12,29,59,16,43,56,14,42,43,13,30
2,152,60,92,77,30,47,72,30,42,68,30,38,84,30,54
2,150,68,82,79,36,43,68,32,36,62,28,34,86,38,48
2,100,40,60,51,20,31,49,20,29,47,19,28,53,21,32
2,138,52,86,71,26,45,67,26,41,53,23,30,85,29,56
3,84,24,60,40,10,30,43,14,29,41,13,28,43,11,32
3,86,28,58,43,14,29,43,14,29,48,18,30,38,10,28
2,166,54,112,87,26,61,79,28,51,70,24,46,93,27,66
0,180,78,102,97,40,57,80,38,42,90,42,48,90,36,54
3,94,38,56,45,18,27,49,20,29,49,23,26,44,14,30
3,102,44,58,48,20,28,54,24,30,50,20,30,52,24,28
4,98,38,60,50,20,30,48,18,30,49,17,32,49,21,28
3,88,30,58,44,16,28,43,14,29,46,16,30,42,14,28
2,136,46,90,71,22,49,65,24,41,48,20,28,86,24,62
4,132,70,62,68,36,32,64,34,30,71,39,32,60,30,30
3,94,36,58,47,18,29,47,18,29,56,26,30,38,10,28
0,100,44,56,50,22,28,50,22,28,58,30,28,42,14,28
1,120,24,96,56,12,44,60,12,48,56,16,40,64,8,56
2,122,40,82,62,20,42,60,20,40,50,20,30,72,20,52
2,128,54,74,61,26,35,66,28,38,72,32,40,56,22,34
4,104,40,64,51,20,31,53,20,33,48,20,28,56,20,36
3,116,40,76,56,18,38,60,22,38,65,19,46,50,20,30
3,100,40,60,50,20,30,50,20,30,57,25,32,43,15,28
1,122,28,94,45,12,33,64,16,48,51,13,38,70,14,56
1,108,26,82,47,12,35,55,14,41,41,13,28,67,13,54
4,110,52,58,56,26,30,54,26,28,51,23,28,59,29,30
1,102,26,76,38,10,28,54,16,38,47,13,34,55,13,42
3,100,40,60,47,20,27,52,20,32,49,21,28,50,18,32
1,84,26,58,40,12,28,43,14,29,42,14,28,42,12,30
0,102,46,56,50,22,28,52,24,28,57,29,28,45,17,28
2,148,46,102,75,22,53,73,24,49,50,22,28,98,24,74
1,120,26,94,61,14,47,59,12,47,53,15,38,66,10,56
0,106,50,56,52,24,28,54,26,28,60,32,28,45,17,28
2,112,48,64,57,24,33,55,24,31,54,24,30,58,24,34
3,100,42,58,51,22,29,49,20,29,56,26,30,44,16,28
1,110,26,84,38,10,28,58,16,42,45,13,32,65,13,52
0,108,50,58,53,24,29,55,26,29,63,33,30,44,16,28
3,98,32,66,50,16,34,48,16,32,59,21,38,38,10,28
3,102,38,64,51,18,33,51,20,31,57,21,36,43,15,28
0,100,44,56,50,22,28,50,22,28,55,27,28,44,16,28
2,124,42,82,61,20,41,63,22,41,48,20,28,76,22,54
4,106,42,64,53,20,33,53,22,31,53,23,30,53,19,34
4,144,50,94,74,24,50,69,26,43,52,22,30,91,27,64
2,106,46,60,53,24,29,52,22,30,48,22,26,56,22,34
1,120,30,90,57,14,43,61,16,45,50,16,34,70,14,56
3,104,44,60,52,22,30,52,22,30,50,22,28,53,21,32
2,118,46,72,64,24,40,54,22,32,49,21,28,69,25,44
0,112,60,52,58,32,26,53,28,25,69,41,28,42,18,24
1,118,26,92,45,14,31,56,12,44,52,16,36,66,10,56
0,110,52,58,52,24,28,58,28,30,61,33,28,49,19,30
3,108,40,68,55,20,35,52,20,32,59,23,36,49,17,32
3,78,22,56,38,10,28,40,12,28,42,14,28,36,8,28
0,106,46,60,52,22,30,54,24,30,58,26,32,48,20,28
3,96,34,62,45,16,29,49,18,31,53,23,30,43,11,32
1,114,22,92,39,10,29,58,12,46,48,12,36,65,9,56
4,154,60,94,73,28,45,80,32,48,50,20,30,104,40,64
0,114,50,64,49,22,27,65,28,37,54,22,32,59,27,32
2,126,52,74,64,26,38,62,26,36,52,22,30,74,30,44
