labels,total_transitions,horizontal_transitions,vertical_transitions,total_transitions_left,horizontal_transitions_left,vertical_transitions_left,total_transitions_right,horizontal_transitions_right,vertical_transitions_right,total_transitions_top,horizontal_transitions_top,vertical_transitions_top,total_transitions_bottom,horizontal_transitions_bottom,vertical_transitions_bottom
0,106,50,56,52,24,28,54,26,28,61,33,28,45,17,28
1,118,24,94,48,12,36,59,12,47,52,14,38,66,10,56
0,100,42,58,49,20,29,51,22,29,59,29,30,41,13,28
3,94,36,58,45,16,29,49,20,29,47,17,30,46,18,28
4,102,46,56,50,22,28,52,24,28,48,20,28,53,25,28
1,110,28,82,56,14,42,47,14,33,49,19,30,60,8,52
2,160,50,110,79,26,53,81,24,57,73,23,50,85,25,60
2,134,48,86,66,24,42,68,24,44,49,21,28,84,26,58
2,152,58,94,72,28,44,79,30,49,70,34,36,82,24,58
1,116,22,94,48,10,38,59,12,47,51,13,38,64,8,56
3,90,32,58,45,16,29,45,16,29,41,11,30,49,21,28
4,96,36,60,46,16,30,50,20,30,53,21,32,43,15,28
3,96,36,60,46,16,30,50,20,30,50,18,32,46,18,28
1,120,28,92,53,14,39,60,14,46,51,15,36,68,12,56
0,128,62,66,60,28,32,67,34,33,64,34,30,63,27,36
3,110,48,62,55,24,31,54,24,30,56,28,28,54,20,34
1,114,24,90,47,12,35,57,12,45,46,12,34,68,12,56
2,164,50,114,81,24,57,83,26,57,62,24,38,100,24,76
0,102,46,56,50,22,28,52,24,28,60,32,28,42,14,28
4,96,40,56,48,20,28,48,20,28,46,18,28,49,21,28
0,110,52,58,54,26,28,55,26,29,63,33,30,46,18,28
0,102,42,60,50,20,30,52,22,30,58,26,32,42,14,28
3,90,34,56,44,16,28,46,18,28,51,23,28,39,11,28
1,116,24,92,38,10,28,60,14,46,50,14,36,65,9,56
4,118,44,74,62,20,42,56,24,32,47,19,28,71,25,46
0,104,48,56,52,24,28,52,24,28,62,34,28,42,14,28
3,112,34,78,43,16,27,69,18,51,56,18,38,56,16,40
3,120,46,74,56,20,36,63,26,37,58,24,34,61,21,40
4,128,44,84,46,20,26,81,24,57,51,19,32,76,24,52
3,104,44,60,51,20,31,53,24,29,58,30,28,46,14,32
4,116,54,62,59,28,31,56,26,30,67,33,34,49,21,28
3,174,72,102,82,38,44,87,34,53,104,44,60,69,27,42
1,106,18,88,36,8,28,54,10,44,42,10,32,64,8,56
1,112,28,84,57,14,43,55,14,41,44,14,30,68,14,54
2,104,38,66,51,18,33,53,20,33,46,18,28,57,19,38
3,86,28,58,41,12,29,45,16,29,43,13,30,43,15,28
4,100,44,56,48,20,28,52,24,28,58,30,28,41,13,28
2,146,66,80,74,34,40,70,32,38,85,43,42,59,21,38
3,122,38,84,59,18,41,63,20,43,73,19,54,46,16,30
3,160,50,110,76,24,52,84,26,58,78,24,54,80,24,56
0,126,58,68,58,28,30,65,30,35,84,44,40,42,14,28
3,96,34,62,45,16,29,51,18,33,43,13,30,52,20,32
1,128,44,84,65,22,43,63,22,41,52,22,30,76,22,54
3,100,34,66,48,16,32,52,18,34,53,17,36,46,16,30
0,92,32,60,46,16,30,45,16,29,47,15,32,45,17,28
1,122,28,94,59,16,43,59,12,47,53,15,38,69,13,56
1,110,34,76,44,16,28,56,18,38,45,17,28,65,17,48
2,140,48,92,71,24,47,68,24,44,53,23,30,87,25,62
4,104,38,66,46,20,26,57,18,39,54,18,36,49,19,30
0,142,64,78,70,32,38,71,32,39,97,49,48,45,15,30
4,154,44,110,76,22,54,78,22,56,48,20,28,104,22,82
4,112,46,66,54,22,32,58,24,34,48,20,28,64,26,38
3,82,22,60,40,10,30,41,12,29,41,11,30,40,10,30
4,122,42,80,47,20,27,74,22,52,50,20,30,72,22,50
3,108,48,60,53,22,31,54,26,28,59,27,32,48,20,28
0,328,264,64,164,130,34,164,134,30,180,142,38,135,109,26
4,102,40,62,51,20,31,50,20,30,46,18,28,56,22,34
2,108,40,68,54,20,34,54,20,34,48,20,28,60,20,40
3,98,40,58,49,20,29,49,20,29,49,19,30,49,21,28
4,100,42,58,48,20,28,52,22,30,47,19,28,53,23,30
3,86,28,58,43,14,29,43,14,29,46,16,30,40,12,28
4,100,42,58,40,20,20,60,22,38,48,18,30,52,24,28
3,88,32,56,44,16,28,44,16,28,48,20,28,40,12,28
1,118,26,92,53,14,39,56,12,44,51,15,36,67,11,56
2,136,44,92,74,22,52,62,22,40,49,21,28,86,22,64
4,102,44,58,51,22,29,51,22,29,57,27,30,45,17,28
2,262,114,148,127,58,69,131,56,75,112,54,58,146,56,90
2,106,44,62,52,22,30,53,22,31,50,22,28,56,22,34
3,110,42,68,54,20,34,56,22,34,66,26,40,43,15,28
2,116,40,76,59,20,39,57,20,37,47,19,28,69,21,48
3,106,48,58,53,24,29,53,24,29,54,24,30,52,24,28
2,106,44,62,53,22,31,53,22,31,48,20,28,58,24,34
4,116,56,60,59,28,31,57,28,29,45,19,26,70,36,34
3,96,40,56,48,20,28,47,20,27,46,16,30,49,23,26
1,110,22,88,41,10,31,56,12,44,46,14,32,64,8,56
4,148,72,76,77,38,39,71,34,37,60,30,30,87,41,46
3,204,88,116,101,42,59,98,46,52,112,50,62,88,34,54
0,128,54,74,52,24,28,76,30,46,67,35,32,61,19,42
1,122,26,96,48,12,36,62,14,48,54,14,40,68,12,56
0,254,112,142,138,66,72,113,46,67,117,53,64,132,54,78
0,262,122,140,134,66,68,121,56,65,143,73,70,116,46,70
0,100,42,58,49,20,29,51,22,29,51,21,30,49,21,28
3,132,60,72,65,30,35,66,30,36,69,33,36,63,27,36
4,108,44,64,54,22,32,54,22,32,48,20,28,59,23,36
1,78,20,58,39,10,29,39,10,29,38,10,28,40,10,30
3,98,38,60,52,20,32,46,18,28,50,18,32,48,20,28
3,100,42,58,49,20,29,51,22,29,53,23,30,47,19,28
2,98,42,56,48,20,28,50,22,28,49,21,28,49,21,28
4,120,56,64,57,26,31,60,30,30,58,26,32,61,29,32
0,102,44,58,52,22,30,50,22,28,58,30,28,44,14,30
1,106,28,78,53,14,39,43,14,29,42,14,28,64,14,50
2,140,50,90,67,22,45,72,28,44,57,27,30,83,23,60
4,300,132,168,141,66,75,153,66,87,135,59,76,163,71,92
4,116,40,76,61,20,41,55,20,35,47,19,28,68,20,48
1,114,24,90,38,10,28,59,14,45,47,13,34,66,10,56
0,100,44,56,50,22,28,50,22,28,58,30,28,42,14,28
4,126,48,78,60,22,38,65,26,39,65,27,38,61,21,40
1,120,24,96,49,12,37,60,12,48,54,14,40,66,10,56
1,78,22,56,38,10,28,40,12,28,41,13,28,37,9,28
1,106,20,86,38,10,28,53,10,43,42,12,30,64,8,56
0,104,46,58,50,22,28,54,24,30,58,28,30,46,18,28
3,88,30,58,45,16,29,43,14,29,44,14,30,44,16,28
2,122,44,78,62,22,40,60,22,38,54,22,32,68,22,46
2,122,48,74,61,22,39,61,26,35,61,25,36,61,23,38
4,116,54,62,56,26,30,60,28,32,55,23,32,60,30,30
0,112,40,72,56,20,36,56,20,36,66,22,44,45,17,28
2,126,40,86,54,18,36,72,22,50,50,20,30,76,20,56
1,84,24,60,38,10,28,44,14,30,41,13,28,43,11,32
0,202,106,96,74,36,38,127,70,57,130,76,54,71,29,42
1,114,22,92,45,10,35,58,12,46,49,13,36,64,8,56
4,104,48,56,52,24,28,52,24,28,54,26,28,44,16,28
1,118,26,92,50,10,40,62,16,46,48,12,36,70,14,56
4,106,48,58,49,22,27,57,26,31,53,23,30,52,24,28
1,108,20,88,36,8,28,61,12,49,45,13,32,63,7,56
4,144,72,72,65,32,33,79,40,39,71,33,38,73,39,34
3,112,40,72,56,20,36,56,20,36,74,30,44,38,10,28
2,354,174,180,177,90,87,177,84,93,196,108,88,157,65,92
1,114,24,90,44,10,34,59,14,45,46,12,34,68,12,56
0,110,52,58,55,26,29,55,26,29,62,32,30,48,20,28
4,118,62,56,58,30,28,60,32,28,67,39,28,51,23,28
3,108,42,66,54,22,32,54,20,34,58,20,38,49,21,28
4,98,40,58,49,20,29,49,20,29,51,21,30,47,19,28
0,106,50,56,52,24,28,54,26,28,62,34,28,44,16,28
1,118,22,96,38,10,28,60,12,48,54,14,40,64,8,56
4,380,158,222,189,78,111,183,80,103,172,74,98,202,78,124
2,126,38,88,61,18,43,64,20,44,63,19,44,57,13,44
2,128,42,86,44,18,26,84,24,60,55,21,34,70,18,52
3,90,34,56,46,18,28,44,16,28,49,21,28,41,13,28
2,174,48,126,86,24,62,88,24,64,71,23,48,103,25,78
4,110,52,58,55,26,29,55,26,29,53,23,30,56,28,28
1,120,22,98,38,10,28,61,12,49,56,14,42,64,8,56
1,82,26,56,40,12,28,42,14,28,40,12,28,42,14,28
1,120,26,94,60,14,46,59,12,47,53,15,38,67,11,56
4,254,98,156,122,42,80,131,56,75,156,64,92,97,33,64
2,116,44,72,58,22,36,58,22,36,49,21,28,66,22,44
0,182,82,100,93,42,51,87,40,47,120,56,64,61,25,36
3,122,46,76,61,22,39,61,24,37,67,21,46,53,23,30
4,114,58,56,56,28,28,58,30,28,51,23,28,63,35,28
2,148,60,88,74,26,48,74,34,40,65,33,32,82,26,56
4,106,44,62,55,22,33,51,22,29,48,20,28,57,23,34
3,88,30,58,45,16,29,43,14,29,51,21,30,36,8,28
3,100,34,66,49,16,33,51,18,33,53,15,38,47,19,28
3,166,52,114,75,24,51,86,28,58,93,25,68,73,27,46
4,104,48,56,52,24,28,52,24,28,60,32,28,44,16,28
0,112,54,58,54,24,30,58,30,28,61,33,28,50,20,30
0,100,44,56,50,22,28,50,22,28,58,30,28,42,14,28
3,92,36,56,46,18,28,46,18,28,50,22,28,42,14,28
3,90,34,56,44,16,28,46,18,28,45,17,28,45,17,28
1,118,26,92,60,14,46,56,12,44,50,14,36,68,12,56
1,122,28,94,54,14,40,61,14,47,54,16,38,68,12,56
4,108,40,68,57,20,37,51,20,31,48,20,28,60,20,40
4,108,48,60,54,24,30,54,24,30,64,32,32,44,16,28
1,114,22,92,38,10,28,58,12,46,50,14,36,64,8,56
2,114,40,74,55,18,37,59,22,37,47,19,28,67,21,46
4,100,42,58,49,20,29,51,22,29,49,21,28,51,21,30
0,102,46,56,52,24,28,50,22,28,59,31,28,43,15,28
2,160,44,116,83,20,63,77,24,53,64,20,44,95,23,72
0,104,46,58,51,22,29,53,24,29,62,32,30,42,14,28
1,114,22,92,56,10,46,58,12,46,48,12,36,65,9,56
4,126,56,70,63,28,35,63,28,35,72,30,42,54,26,28
2,116,42,74,59,20,39,57,22,35,48,20,28,68,22,46
2,126,54,72,64,26,38,62,28,34,63,29,34,63,25,38
1,116,28,88,43,12,31,65,16,49,48,12,36,67,15,52
2,114,48,66,53,22,31,61,26,35,50,22,28,64,26,38
4,94,34,60,45,16,29,48,18,30,49,17,32,45,17,28
1,118,24,94,47,12,35,59,12,47,52,14,38,66,10,56
4,124,54,70,61,26,35,63,28,35,65,27,38,58,26,32
3,150,48,102,74,22,52,75,26,49,54,20,34,91,23,68
4,108,44,64,54,22,32,54,22,32,51,21,30,56,22,34
2,132,66,66,69,34,35,63,32,31,54,24,30,78,42,36
4,94,38,56,48,20,28,46,18,28,45,17,28,49,21,28
0,110,44,66,54,22,32,56,22,34,56,26,30,54,18,36
1,120,24,96,60,12,48,60,12,48,53,13,40,67,11,56
3,98,40,58,49,20,29,49,20,29,52,22,30,46,18,28
2,218,80,138,100,40,60,115,40,75,100,48,52,117,31,86
2,118,44,74,58,22,36,59,22,37,49,21,28,68,22,46
1,118,26,92,49,12,37,60,14,46,49,13,36,69,13,56
0,104,48,56,52,24,28,52,24,28,60,32,28,44,16,28
4,96,38,58,47,18,29,49,20,29,48,18,30,47,19,28
0,114,56,58,62,32,30,51,24,27,66,36,30,48,20,28
0,92,32,60,46,16,30,46,16,30,48,16,32,44,16,28
2,306,178,128,155,94,61,150,84,66,142,74,68,162,102,60
0,126,52,74,61,26,35,63,26,37,81,35,46,45,17,28
2,138,46,92,70,24,46,68,22,46,50,22,28,88,24,64
0,108,52,56,52,24,28,56,28,28,63,35,28,45,17,28
2,112,38,74,59,18,41,53,20,33,46,18,28,65,19,46
2,120,40,80,58,20,38,62,20,42,50,20,30,70,20,50
1,118,22,96,49,10,39,60,12,48,53,13,40,64,8,56
4,100,40,60,50,20,30,50,20,30,47,19,28,52,20,32
4,114,52,62,54,24,30,59,28,31,68,34,34,45,17,28
0,94,34,60,46,16,30,48,18,30,47,15,32,47,19,28
0,160,82,78,80,40,40,79,42,37,106,60,46,54,22,32
4,110,46,64,53,22,31,56,24,32,63,29,34,46,16,30
3,104,44,60,49,20,29,55,24,31,53,21,32,50,22,28
1,118,26,92,43,12,31,60,14,46,48,12,36,69,13,56
2,128,46,82,63,22,41,65,24,41,50,20,30,78,26,52
0,118,58,60,63,32,31,55,26,29,69,37,32,49,21,28
1,122,28,94,63,16,47,56,12,44,54,16,38,67,11,56
1,114,24,90,51,10,41,59,14,45,46,12,34,67,11,56
3,88,22,66,43,10,33,45,12,33,48,10,38,40,12,28
4,104,46,58,51,22,29,53,24,29,57,27,30,46,18,28
4,104,40,64,52,20,32,52,20,32,47,19,28,56,20,36
4,120,44,76,67,22,45,53,22,31,48,20,28,70,22,48
1,78,22,56,38,10,28,40,12,28,42,14,28,36,8,28
2,250,112,138,126,58,68,118,54,64,152,82,70,98,30,68
4,114,48,66,58,24,34,55,24,31,73,35,38,41,13,28
2,170,72,98,86,34,52,83,38,45,106,50,56,63,21,42
1,102,24,78,50,12,38,51,12,39,42,12,30,60,12,48
4,158,54,104,88,28,60,69,26,43,65,25,40,92,28,64
4,98,38,60,48,18,30,50,20,30,47,19,28,51,19,32
1,116,26,90,54,14,40,56,12,44,48,14,34,68,12,56
4,130,38,92,66,18,48,64,20,44,47,19,28,83,19,64
1,122,22,100,47,10,37,62,12,50,58,14,44,64,8,56
4,182,76,106,87,36,51,93,40,53,71,31,40,109,43,66
2,114,48,66,59,24,35,55,24,31,54,24,30,60,24,36
2,128,56,72,63,28,35,65,28,37,54,24,30,72,30,42
3,90,34,56,44,16,28,46,18,28,45,17,28,45,17,28
1,108,24,84,41,12,29,54,12,42,42,14,28,65,9,56
3,186,70,116,91,38,53,95,32,63,97,43,54,87,25,62
3,86,28,58,43,14,29,43,14,29,40,10,30,46,18,28
3,94,36,58,46,18,28,47,18,29,53,23,30,40,12,28
3,192,92,100,86,42,44,104,50,54,100,48,52,92,44,48
2,128,50,78,58,22,36,68,28,40,57,23,34,68,24,44
3,102,38,64,50,18,32,52,20,32,57,21,36,43,15,28
4,128,46,82,64,22,42,64,24,40,48,20,28,79,25,54
3,96,34,62,49,18,31,47,16,31,54,20,34,42,14,28
3,114,44,70,54,20,34,58,24,34,62,22,40,51,21,30
2,108,48,60,55,24,31,53,24,29,51,23,28,57,25,32
4,126,54,72,60,26,34,64,28,36,72,34,38,52,18,34
4,118,44,74,61,22,39,56,22,34,47,19,28,71,25,46
0,108,50,58,53,24,29,55,26,29,62,32,30,46,18,28
3,146,38,108,74,18,56,72,20,52,60,18,42,83,17,66
2,98,38,60,44,18,26,54,20,34,46,18,28,52,20,32
1,114,22,92,51,10,41,58,12,46,48,12,36,66,10,56
3,78,22,56,38,10,28,40,12,28,38,10,28,40,12,28
4,102,40,62,50,20,30,52,20,32,47,19,28,55,21,34
2,134,46,88,64,24,40,70,22,48,49,21,28,85,25,60
1,118,22,96,42,10,32,60,12,48,54,14,40,64,8,56
0,108,50,58,55,26,29,53,24,29,61,31,30,46,18,28
2,138,54,84,67,26,41,71,28,43,72,32,40,65,21,44
4,156,62,94,87,36,51,66,26,40,82,32,50,73,29,44
3,116,42,74,54,18,36,62,24,38,73,27,46,43,15,28
4,142,56,86,71,28,43,69,28,41,52,22,30,89,33,56
2,172,64,108,81,28,53,91,36,55,67,35,32,105,29,76
2,130,50,80,63,24,39,67,26,41,50,22,28,80,28,52
4,98,44,54,49,22,27,49,22,27,49,21,28,49,23,26
1,116,22,94,39,10,29,59,12,47,50,12,38,66,10,56
2,100,40,60,49,20,29,51,20,31,48,20,28,52,20,32
2,94,36,58,47,18,29,47,18,29,46,18,28,48,18,30
1,100,42,58,52,22,30,48,20,28,48,20,28,52,22,30
4,154,58,96,80,30,50,74,28,46,55,23,32,97,33,64
4,134,68,66,67,34,33,67,34,33,53,23,30,81,45,36
3,134,54,80,67,28,39,60,26,34,72,32,40,58,18,40
2,110,40,70,55,20,35,55,20,35,46,20,26,64,20,44
2,136,46,90,68,22,46,68,24,44,61,23,38,75,23,52
3,108,38,70,52,18,34,55,20,35,64,22,42,44,16,28
3,92,36,56,46,18,28,46,18,28,49,21,28,42,14,28
3,130,42,88,67,22,45,62,20,42,64,20,44,65,21,44
2,130,44,86,68,22,46,62,22,40,46,18,28,84,26,58
4,118,60,58,59,30,29,58,30,28,53,27,26,64,32,32
4,108,44,64,51,20,31,56,24,32,51,23,28,57,21,36
3,82,24,58,40,12,28,41,12,29,39,9,30,42,14,28
0,104,46,58,50,22,28,53,24,29,62,32,30,42,14,28
0,100,42,58,51,22,29,49,20,29,58,28,30,42,14,28
4,120,42,78,59,20,39,61,22,39,49,21,28,71,21,50
4,98,42,56,47,20,27,50,22,28,51,23,28,41,13,28
1,122,28,94,50,14,36,61,14,47,53,15,38,69,13,56
1,102,32,70,50,16,34,47,16,31,41,13,28,61,19,42
4,100,42,58,49,20,29,51,22,29,55,25,30,45,17,28
1,110,26,84,55,16,39,51,10,41,41,11,30,68,14,54
1,100,24,76,52,14,38,38,10,28,40,12,28,59,11,48
1,116,24,92,42,12,30,58,12,46,50,14,36,66,10,56
2,132,48,84,70,24,46,62,24,38,50,22,28,82,26,56
2,120,40,80,60,20,40,60,20,40,48,20,28,72,20,52
4,156,46,110,77,22,55,79,24,55,50,20,30,106,26,80
0,142,76,66,67,36,31,75,40,35,99,61,38,43,15,28
4,100,40,60,50,20,30,50,20,30,46,20,26,54,20,34
4,92,30,62,42,14,28,48,16,32,41,13,28,51,17,34
4,130,44,86,64,22,42,66,22,44,48,20,28,81,23,58
0,116,56,60,55,26,29,61,30,31,60,30,30,51,21,30
2,178,62,116,91,34,57,84,28,56,86,32,54,92,30,62
0,158,72,86,63,26,37,95,46,49,82,36,46,75,35,40
3,142,48,94,71,24,47,71,24,47,95,29,66,46,18,28
0,190,100,90,78,40,38,111,60,51,144,84,60,44,14,30
1,120,28,92,60,14,46,53,14,39,51,15,36,69,13,56
3,98,42,56,48,20,28,50,22,28,53,25,28,45,17,28
3,88,30,58,45,16,29,43,14,29,47,17,30,41,13,28
4,114,44,70,53,20,33,61,24,37,53,21,32,60,22,38
1,118,24,94,48,12,36,59,12,47,51,13,38,67,11,56
1,78,22,56,38,10,28,40,12,28,40,12,28,38,10,28
1,88,26,62,40,12,28,45,14,31,42,14,28,45,11,34
0,102,46,56,50,22,28,52,24,28,57,29,28,45,17,28
2,128,52,76,66,28,38,60,24,36,72,30,42,56,22,34
2,132,48,84,64,22,42,68,26,42,54,24,30,78,24,54
4,110,42,68,54,20,34,56,22,34,48,20,28,62,22,40
2,124,60,64,68,32,36,56,28,28,54,26,28,70,34,36
1,102,20,82,40,10,30,51,10,41,40,12,28,62,8,54
3,118,46,72,55,22,33,62,24,38,66,28,38,52,18,34
3,84,28,56,37,10,27,47,18,29,45,17,28,39,11,28
4,116,52,64,52,24,28,64,28,36,61,29,32,49,17,32
1,100,20,80,50,10,40,48,10,38,38,10,28,61,9,52
4,114,50,64,56,24,32,58,26,32,48,20,28,66,30,36
0,102,46,56,52,24,28,50,22,28,59,31,28,43,15,28
2,138,40,98,64,18,46,74,22,52,47,19,28,90,20,70
4,100,44,56,50,22,28,50,22,28,49,21,28,51,23,28
3,98,36,62,49,18,31,48,18,30,51,21,30,47,15,32
4,106,42,64,53,20,33,53,22,31,49,21,28,57,21,36
0,102,44,58,48,20,28,54,24,30,56,26,30,46,18,28
0,102,46,56,50,22,28,52,24,28,57,29,28,45,17,28
0,98,42,56,48,20,28,50,22,28,54,26,28,43,15,28
3,90,34,56,44,16,28,46,18,28,45,17,28,45,17,28
0,140,66,74,64,32,32,76,34,42,85,45,40,55,21,34
3,82,22,60,40,12,28,40,10,30,39,9,30,43,13,30
2,116,44,72,55,22,33,61,22,39,49,21,28,66,22,44
4,120,58,62,60,28,32,60,30,30,57,25,32,63,33,30
1,114,26,88,56,14,42,50,12,38,47,15,32,67,11,56
2,100,40,60,50,20,30,50,20,30,47,19,28,52,20,32
2,140,44,96,74,22,52,66,22,44,49,21,28,91,23,68
1,122,26,96,59,12,47,61,14,47,54,16,38,68,10,58
0,92,34,58,42,14,28,49,20,29,46,16,30,46,18,28
4,108,40,68,54,20,34,54,20,34,48,20,28,60,20,40
2,158,62,96,82,32,50,76,30,46,56,26,30,100,34,66
3,104,46,58,52,22,30,52,24,28,62,32,30,41,13,28
0,104,46,58,49,22,27,55,24,31,57,27,30,47,19,28
3,88,28,60,40,12,28,48,16,32,41,11,30,46,16,30
3,82,22,60,40,10,30,42,12,30,43,11,32,39,11,28
3,118,52,66,54,22,32,64,30,34,56,22,34,60,28,32
3,90,32,58,45,16,29,45,16,29,46,18,28,44,14,30
0,118,54,64,59,28,31,59,26,33,77,41,36,41,13,28
3,94,30,64,47,14,33,47,16,31,53,19,34,39,9,30
3,136,62,74,67,32,35,69,30,39,91,45,46,44,16,28
2,114,44,70,58,22,36,56,22,34,48,18,30,66,26,40
4,118,46,72,54,24,30,64,22,42,53,21,32,65,25,40
0,112,52,60,52,24,28,59,28,31,63,31,32,49,21,28
3,108,32,76,55,16,39,53,16,37,66,20,46,42,12,30
1,118,28,90,60,14,46,57,14,43,52,18,34,66,10,56
4,100,44,56,50,22,28,50,22,28,48,20,28,52,24,28
0,96,40,56,48,20,28,48,20,28,56,28,28,40,12,28
2,106,40,66,53,20,33,53,20,33,52,20,32,54,20,34
3,100,42,58,50,20,30,50,22,28,50,20,30,43,15,28
1,112,24,88,40,12,28,56,12,44,47,15,32,65,9,56
0,96,42,54,47,20,27,49,22,27,55,29,26,41,13,28
3,100,40,60,51,20,31,49,20,29,45,17,28,55,23,32
1,120,26,94,45,12,33,63,14,49,52,14,38,68,12,56
3,118,42,76,60,20,40,58,22,36,75,27,48,43,15,28
4,96,28,68,46,12,34,49,16,33,43,15,28,53,13,40
1,114,22,92,48,10,38,58,12,46,49,13,36,65,9,56
1,118,26,92,44,12,32,60,14,46,49,13,36,68,12,56
2,152,52,100,77,26,51,75,26,49,67,25,42,83,25,58
0,112,56,56,55,28,27,57,28,29,63,33,30,48,22,26
1,116,22,94,43,10,33,59,12,47,52,14,38,64,8,56
0,106,48,58,52,24,28,53,24,29,64,34,30,42,14,28
2,116,38,78,57,18,39,59,20,39,45,19,26,71,19,52
2,172,56,116,79,26,53,93,30,63,73,35,38,99,21,78
0,130,52,78,61,24,37,68,28,40,82,34,48,48,18,30
0,106,48,58,53,24,29,53,24,29,64,34,30,42,14,28
4,112,44,68,58,22,36,54,22,32,48,20,28,64,24,40
4,114,44,70,57,22,35,56,22,34,54,20,34,60,24,36
4,156,58,98,73,28,45,83,30,53,68,26,42,87,31,56
3,80,22,58,39,10,29,40,12,28,42,12,30,38,10,28
3,98,42,56,50,22,28,48,20,28,46,18,28,52,24,28
2,148,42,106,74,20,54,74,22,52,59,21,38,89,21,68
4,104,40,64,50,20,30,54,20,34,51,19,32,52,20,32
4,108,50,58,53,24,29,55,26,29,53,23,30,54,26,28
4,124,56,68,56,26,30,68,30,38,62,26,36,62,30,32
2,114,40,74,53,18,35,61,22,39,53,21,32,60,18,42
0,178,96,82,76,42,34,100,54,46,114,64,50,63,31,32
3,98,42,56,48,20,28,50,22,28,50,22,28,48,20,28
1,106,22,84,46,10,36,54,12,42,40,12,28,65,9,56
1,126,28,98,49,10,39,67,18,49,57,15,42,68,12,56
4,120,56,64,61,28,33,59,28,31,51,23,28,69,33,36
4,138,44,94,69,22,47,69,22,47,49,21,28,88,22,66
3,108,40,68,56,20,36,52,20,32,60,20,40,48,20,28
1,112,24,88,52,12,40,56,12,44,46,14,32,65,9,56
4,108,52,56,50,22,28,58,30,28,57,29,28,47,19,28
4,124,58,66,59,28,31,64,30,34,64,30,34,60,28,32
2,166,50,116,86,26,60,79,24,55,63,25,38,102,24,78
2,102,40,62,52,20,32,50,20,30,48,20,28,54,20,34
4,102,40,62,48,18,30,53,22,31,50,20,30,52,20,32
4,108,52,56,52,24,28,56,28,28,64,36,28,43,15,28
1,110,18,92,36,8,28,56,10,46,47,11,36,63,7,56
0,252,128,124,110,52,58,140,76,64,184,96,88,63,27,36
1,110,22,88,39,10,29,56,12,44,46,14,32,64,8,56
0,100,42,58,49,20,29,51,22,29,59,29,30,41,13,28
3,92,36,56,47,18,29,45,18,27,48,20,28,44,16,28
2,164,52,112,79,26,53,85,26,59,65,25,40,98,26,72
2,126,48,78,62,22,40,63,26,37,55,23,32,71,25,46
3,90,34,56,44,16,28,46,18,28,49,21,28,39,11,28
0,106,50,56,52,24,28,54,26,28,61,33,28,45,17,28
4,362,182,180,176,86,90,182,96,86,155,73,82,200,102,98
3,74,16,58,37,8,29,36,8,28,37,7,30,37,9,28
4,124,44,80,68,22,46,56,22,34,48,20,28,74,22,52
1,124,44,80,67,24,43,50,20,30,63,25,38,61,19,42
2,106,40,66,53,20,33,53,20,33,46,18,28,60,22,38
0,110,52,58,55,26,29,54,26,28,66,36,30,44,16,28
2,136,46,90,67,22,45,68,24,44,53,21,32,83,25,58
2,154,64,90,80,34,46,73,30,43,70,32,38,84,32,52
3,96,38,58,47,18,29,49,20,29,51,21,30,44,16,28
3,88,30,58,45,16,29,43,14,29,46,16,30,42,14,28
1,118,26,92,43,12,31,64,14,50,49,13,36,69,13,56
4,192,82,110,104,44,60,87,38,49,77,35,42,115,47,68
2,138,64,74,73,34,39,64,30,34,59,27,32,77,35,42
1,82,22,60,39,10,29,42,12,30,43,11,32,39,11,28
0,124,60,64,64,32,32,58,28,30,76,40,36,48,20,28
0,122,56,66,59,26,33,63,30,33,77,39,38,45,17,28
4,120,42,78,60,20,40,60,22,38,52,22,30,68,20,48
3,88,24,64,43,12,31,44,12,32,47,11,36,41,13,28
4,152,44,108,76,22,54,76,22,54,48,20,28,104,24,80
4,112,52,60,55,26,29,57,26,31,66,34,32,45,17,28
3,218,90,128,92,38,54,114,52,62,84,30,54,132,58,74
4,100,42,58,50,20,30,50,22,28,57,29,28,43,13,30
4,348,188,160,178,96,82,169,92,77,184,104,80,159,79,80
4,112,44,68,52,20,32,60,24,36,48,20,28,64,24,40
2,144,60,84,55,24,31,89,36,53,64,28,36,79,31,48
2,130,48,82,67,22,45,63,26,37,51,21,30,79,27,52
2,122,44,78,61,22,39,61,22,39,46,20,26,76,24,52
3,90,30,60,43,14,29,47,16,31,43,13,30,45,15,30
3,112,38,74,54,18,36,58,20,38,65,19,46,47,19,28
3,92,30,62,44,14,30,47,16,31,49,15,34,43,15,28
3,92,28,64,37,10,27,54,18,36,51,15,36,41,13,28
4,102,40,62,50,20,30,52,20,32,47,19,28,54,20,34
3,90,32,58,43,14,29,47,18,29,48,18,30,42,14,28
1,84,24,60,39,10,29,44,14,30,39,11,28,45,13,32
2,106,40,66,51,18,33,55,22,33,46,18,28,60,22,38
4,114,62,52,56,30,26,58,32,26,56,30,26,52,26,26
4,192,74,118,110,42,68,82,32,50,102,48,54,90,26,64
2,146,48,98,75,24,51,70,24,46,66,22,44,79,25,54
4,102,46,56,50,22,28,52,24,28,53,25,28,43,15,28
3,94,38,56,46,18,28,48,20,28,45,17,28,43,15,28
2,158,48,110,77,22,55,81,26,55,63,25,38,95,23,72
2,112,44,68,59,24,35,51,20,31,56,22,34,56,22,34
2,126,48,78,63,24,39,63,24,39,53,23,30,73,25,48
0,96,40,56,48,20,28,48,20,28,56,28,28,40,12,28
2,140,40,100,73,20,53,67,20,47,47,19,28,92,20,72
4,140,68,72,70,34,36,70,34,36,92,50,42,48,18,30
0,114,52,62,53,24,29,61,28,33,70,36,34,44,16,28
0,306,210,96,138,90,48,167,120,47,169,113,56,129,89,40
0,134,68,66,60,30,30,74,38,36,91,53,38,43,15,28
4,144,68,76,66,30,36,78,38,40,56,28,28,87,39,48
0,148,70,78,79,38,41,68,32,36,103,53,50,44,16,28
0,98,32,66,49,16,33,49,16,33,54,16,38,44,16,28
3,84,28,56,42,14,28,42,14,28,42,14,28,42,14,28
3,90,24,66,45,12,33,43,12,31,48,12,36,42,12,30
2,104,38,66,52,18,34,52,20,32,46,18,28,58,20,38
0,148,52,96,56,24,32,90,28,62,76,28,48,72,24,48
2,120,40,80,64,20,44,56,20,36,44,18,26,76,22,54
4,96,36,60,46,16,30,50,20,30,50,18,32,46,18,28
1,118,22,96,47,10,37,60,12,48,52,12,40,66,10,56
1,92,28,64,46,14,32,45,14,31,42,14,28,50,14,36
0,130,46,84,66,24,42,63,22,41,84,28,56,46,18,28
3,118,42,76,55,20,35,62,22,40,62,22,40,55,19,36
1,114,22,92,48,10,38,58,12,46,50,14,36,64,8,56
4,104,42,62,49,20,29,54,22,32,53,21,32,50,20,30
1,118,28,90,61,16,45,56,12,44,51,17,34,67,11,56
2,210,84,126,111,46,65,99,38,61,78,36,42,131,47,84
4,128,46,82,64,22,42,64,24,40,47,19,28,80,26,54
1,126,32,94,52,16,36,62,16,46,56,20,36,70,12,58
0,248,112,136,126,58,68,115,54,61,175,99,76,73,13,60
3,94,28,66,44,12,32,49,16,33,52,14,38,41,13,28
0,108,50,58,55,26,29,52,24,28,63,33,30,45,17,28
2,104,44,60,52,22,30,52,22,30,49,21,28,55,23,32
4,94,38,56,46,18,28,48,20,28,47,19,28,47,19,28
1,78,22,56,38,10,28,40,12,28,40,12,28,38,10,28
4,154,70,84,97,46,51,53,24,29,76,34,42,78,36,42
0,98,44,54,47,20,27,51,24,27,58,32,26,40,12,28
3,116,50,66,58,26,32,58,24,34,72,34,38,42,14,28
0,124,60,64,62,30,32,61,30,31,76,40,36,48,20,28
3,80,24,56,36,10,26,43,14,29,40,12,28,40,12,28
0,128,52,76,53,26,27,75,26,49,58,24,34,69,27,42
1,108,26,82,52,14,38,47,12,35,42,14,28,66,12,54
1,84,24,60,42,12,30,42,12,30,44,14,30,40,10,30
1,102,28,74,53,16,37,41,12,29,41,13,28,61,15,46
3,94,36,58,47,18,29,47,18,29,46,16,30,48,20,28
2,140,64,76,66,30,36,74,34,40,68,34,34,71,29,42
1,114,28,86,57,14,43,53,14,39,47,17,30,67,11,56
1,96,28,68,40,12,28,50,16,34,43,15,28,52,12,40
0,112,54,58,55,26,29,57,28,29,64,34,30,48,20,28
4,134,64,70,68,32,36,65,32,33,65,33,32,68,30,38
2,100,42,58,49,20,29,51,22,29,49,21,28,51,21,30
1,116,24,92,38,10,28,60,14,46,52,16,36,64,8,56
0,104,44,60,52,22,30,52,22,30,58,26,32,46,18,28
2,106,46,60,54,24,30,52,22,30,53,25,28,52,20,32
3,130,44,86,64,22,42,65,22,43,61,21,40,66,20,46
3,78,22,56,38,10,28,40,12,28,37,9,28,41,13,28
2,104,40,64,50,18,32,54,22,32,47,19,28,57,21,36
0,156,84,72,67,34,33,88,50,38,88,50,38,67,33,34
2,150,44,106,76,22,54,74,22,52,49,21,28,100,22,78
1,116,22,94,47,10,37,59,12,47,50,12,38,65,9,56
3,84,24,60,42,12,30,42,12,30,40,10,30,44,14,30
3,96,34,62,51,18,33,45,16,29,49,17,32,47,17,30
0,106,50,56,50,22,28,56,28,28,60,32,28,46,18,28
3,108,50,58,53,24,29,55,26,29,51,21,30,55,27,28
1,116,22,94,38,10,28,59,12,47,50,12,38,65,9,56
4,96,40,56,48,20,28,48,20,28,56,28,28,40,12,28
4,184,80,104,97,46,51,85,34,51,102,52,50,80,26,54
3,96,28,68,45,12,33,49,16,33,41,11,30,55,17,38
1,92,36,56,44,16,28,48,20,28,44,16,28,48,20,28
2,130,52,78,62,26,36,68,26,42,65,25,40,64,26,38
4,182,62,120,79,26,53,102,36,66,80,32,48,101,29,72
2,192,76,116,96,36,60,96,40,56,83,29,54,108,46,62
3,94,38,56,46,18,28,48,20,28,56,28,28,38,10,28
2,106,42,64,55,20,35,51,22,29,47,19,28,58,22,36
2,108,44,64,54,22,32,54,22,32,49,21,28,59,23,36
2,126,48,78,58,24,34,68,24,44,50,22,28,76,26,50
2,110,40,70,57,20,37,53,20,33,48,20,28,62,20,42
4,178,80,98,84,36,48,94,44,50,101,39,62,74,38,36
0,110,48,62,55,24,31,55,24,31,66,32,34,44,16,28
4,118,56,62,59,28,31,59,28,31,56,26,30,62,30,32
0,130,56,74,64,28,36,66,28,38,65,29,36,65,27,38
2,134,42,92,59,20,39,75,22,53,48,20,28,86,22,64
2,138,42,96,65,20,45,73,22,51,51,21,30,87,21,66
1,124,28,96,56,14,42,57,14,43,55,15,40,69,13,56
3,112,38,74,54,18,36,58,20,38,66,20,46,46,18,28
3,98,34,64,46,16,30,52,18,34,58,22,36,40,12,28
1,100,24,76,36,8,28,54,16,38,46,12,34,53,11,42
1,116,22,94,43,10,33,59,12,47,52,14,38,64,8,56
1,122,26,96,52,12,40,62,14,48,54,14,40,68,12,56
1,122,28,94,56,14,42,61,14,47,52,14,38,67,11,56
3,92,36,56,46,18,28,46,18,28,45,17,28,44,16,28
3,102,42,60,52,22,30,50,20,30,54,24,30,46,16,30
2,144,46,98,66,22,44,78,24,54,47,19,28,95,25,70
0,94,34,60,45,16,29,49,18,31,45,15,30,47,17,30
4,86,30,56,42,14,28,44,16,28,41,13,28,45,17,28
1,112,20,92,52,10,42,56,10,46,47,11,36,63,7,56
4,110,42,68,53,20,33,57,22,35,49,21,28,61,21,40
3,94,34,60,46,16,30,48,18,30,53,21,32,40,12,28
0,96,38,58,49,20,29,47,18,29,48,18,30,48,20,28
1,110,22,88,54,10,44,47,12,35,45,13,32,65,9,56
0,98,42,56,48,20,28,50,22,28,57,29,28,41,13,28
4,186,84,102,95,44,51,89,40,49,121,55,66,65,29,36
4,138,54,84,72,26,46,66,28,38,51,21,30,86,32,54
2,130,46,84,66,22,44,64,24,40,51,21,30,79,25,54
4,118,54,64,62,28,34,56,26,30,74,38,36,44,16,28
1,108,20,88,54,10,44,53,10,43,44,12,32,64,8,56
1,122,32,90,61,16,45,60,16,44,51,17,34,71,15,56
0,94,36,58,49,20,29,45,16,29,45,15,30,48,20,28
1,106,20,86,45,10,35,53,10,43,42,12,30,64,8,56
2,184,84,100,88,38,50,93,46,47,102,48,54,81,35,46
2,126,44,82,64,22,42,61,22,39,56,24,32,70,20,50
0,100,44,56,50,22,28,50,22,28,59,31,28,41,13,28
3,88,32,56,44,16,28,44,16,28,46,18,28,42,14,28
1,114,28,86,57,14,43,48,14,34,45,15,30,69,13,56
0,96,40,56,48,20,28,48,20,28,58,28,30,38,12,26
3,106,38,68,51,18,33,54,20,34,55,15,40,51,23,28
0,106,46,60,53,22,31,53,24,29,66,32,34,40,14,26
3,100,42,58,46,18,28,54,24,30,49,19,30,51,23,28
0,112,34,78,59,18,41,53,16,37,70,20,50,42,14,28
4,116,48,68,60,24,36,56,24,32,53,21,32,63,27,36
1,102,22,80,38,10,28,52,12,40,40,12,28,62,10,52
4,148,44,104,72,20,52,76,24,52,48,20,28,98,22,76
2,108,40,68,56,20,36,52,20,32,48,20,28,60,20,40
4,122,54,68,59,26,33,63,28,35,63,27,36,59,27,32
0,110,52,58,53,24,29,57,28,29,66,36,30,44,16,28
2,112,46,66,60,24,36,52,22,30,50,22,28,62,24,38
3,140,40,100,73,18,55,66,22,44,78,24,54,62,16,46
2,170,50,120,84,24,60,86,26,60,69,27,42,100,22,78
4,150,46,104,73,22,51,77,24,53,49,21,28,99,23,76
4,114,40,74,59,22,37,55,18,37,68,24,44,46,16,30
2,98,40,58,48,20,28,50,20,30,46,20,26,52,20,32
1,98,22,76,38,10,28,50,12,38,39,11,28,59,11,48
3,88,30,58,43,14,29,45,16,29,48,18,30,40,12,28
0,104,48,56,52,24,28,52,24,28,62,34,28,42,14,28
2,106,44,62,48,20,28,58,24,34,49,21,28,57,23,34
1,116,22,94,38,10,28,59,12,47,52,14,38,64,8,56
0,204,94,110,85,36,49,119,58,61,97,41,56,106,52,54
4,116,56,60,53,24,29,63,32,31,67,35,32,49,21,28
4,116,48,68,53,22,31,63,26,37,54,24,30,62,24,38
2,120,46,74,60,24,36,60,22,38,50,22,28,70,24,46
2,148,48,100,71,24,47,77,24,53,48,20,28,100,28,72
2,100,44,56,50,22,28,50,22,28,50,22,28,50,22,28
4,96,38,58,47,18,29,49,20,29,48,18,30,48,20,28
4,150,50,100,72,24,48,78,26,52,50,22,28,100,28,72
1,118,40,78,59,20,39,56,20,36,48,20,28,70,20,50
4,116,40,76,60,18,42,56,22,34,47,19,28,68,20,48
2,102,44,58,51,22,29,51,22,29,50,22,28,52,22,30
2,142,60,82,61,28,33,80,32,48,77,33,44,64,26,38
2,156,66,90,74,32,42,81,34,47,84,42,42,72,24,48
4,114,48,66,57,24,33,57,24,33,66,32,34,48,16,32
4,112,44,68,56,22,34,56,22,34,46,18,28,66,26,40
2,104,40,64,55,20,35,49,20,29,47,19,28,57,21,36
1,116,30,86,57,14,43,57,16,41,44,14,30,72,16,56
4,158,58,100,75,28,47,82,30,52,74,28,46,83,29,54
2,124,44,80,68,24,44,56,20,36,48,20,28,76,24,52
2,116,52,64,53,22,31,63,30,33,64,30,34,51,21,30
2,152,46,106,73,22,51,79,24,55,71,23,48,81,23,58
0,192,92,100,90,42,48,100,50,50,138,66,72,48,20,28
3,92,34,58,46,18,28,45,16,29,46,16,30,45,17,28
2,124,42,82,64,20,44,60,22,38,49,21,28,75,21,54
1,114,26,88,48,14,34,56,12,44,46,14,32,68,12,56
2,142,50,92,75,26,49,67,24,43,61,23,38,79,25,54
1,118,22,96,51,10,41,60,12,48,52,12,40,66,10,56
4,94,38,56,48,20,28,46,18,28,46,18,28,47,19,28
1,118,26,92,46,12,34,62,14,48,50,14,36,68,12,56
1,124,28,96,55,14,41,62,14,48,57,17,40,67,11,56
2,118,44,74,64,22,42,54,22,32,49,21,28,69,23,46
1,108,22,86,38,10,28,55,12,43,42,12,30,66,10,56
4,110,44,66,54,22,32,56,22,34,51,21,30,59,23,36
4,108,52,56,52,24,28,56,28,28,50,22,28,57,29,28
2,168,54,114,81,26,55,87,28,59,61,27,34,106,26,80
0,100,46,54,49,22,27,51,24,27,60,32,28,40,14,26
1,112,24,88,51,12,39,56,12,44,45,13,32,67,11,56
3,94,36,58,48,18,30,46,18,28,48,18,30,46,18,28
2,122,50,72,59,24,35,63,26,37,51,21,30,70,28,42
0,108,50,58,53,24,29,55,26,29,59,29,30,49,21,28
1,106,22,84,42,12,30,52,10,42,39,11,28,66,10,56
1,116,24,92,58,12,46,54,12,42,51,15,36,64,8,56
4,122,44,78,61,22,39,61,22,39,44,18,26,78,26,52
4,118,50,68,58,24,34,60,26,34,49,21,28,67,27,40
0,112,56,56,56,28,28,56,28,28,64,36,28,47,19,28
0,82,26,56,40,12,28,42,14,28,39,11,28,43,15,28
0,88,30,58,43,14,29,45,16,29,41,11,30,47,19,28
0,98,44,54,47,20,27,51,24,27,55,29,26,42,14,28
3,158,66,92,73,32,41,84,34,50,104,44,60,53,21,32
1,126,34,92,46,14,32,72,20,52,51,15,36,73,17,56
1,116,22,94,52,10,42,59,12,47,50,12,38,64,8,56
3,94,36,58,44,16,28,50,20,30,47,17,30,47,19,28
4,114,40,74,57,20,37,57,20,37,48,20,28,66,20,46
4,106,46,60,51,22,29,55,24,31,52,22,30,54,24,30
2,136,42,94,65,20,45,71,22,49,48,20,28,88,22,66
0,92,32,60,47,16,31,45,16,29,47,15,32,45,17,28
4,100,44,56,50,22,28,50,22,28,48,20,28,52,24,28
4,132,44,88,67,22,45,65,22,43,48,20,28,82,22,60
3,102,46,56,50,22,28,52,24,28,48,20,28,54,26,28
0,106,48,58,54,24,30,52,24,28,61,31,30,44,16,28
2,144,42,102,74,22,52,70,20,50,46,18,28,96,22,74
0,108,48,60,53,24,29,54,24,30,61,29,32,47,19,28
1,112,24,88,44,12,32,56,12,44,44,12,32,68,12,56
0,160,60,100,80,30,50,80,30,50,78,28,50,81,31,50
4,122,48,74,60,24,36,62,24,38,49,21,28,73,27,46
1,112,22,90,37,10,27,58,12,46,48,14,34,64,8,56
0,130,62,68,67,32,35,63,30,33,76,42,34,52,18,34
4,100,40,60,50,20,30,50,20,30,46,18,28,54,22,32
2,144,46,98,71,22,49,73,24,49,49,21,28,93,23,70
2,172,58,114,85,28,57,87,30,57,67,23,44,103,33,70
4,134,58,76,66,30,36,67,28,39,65,27,38,69,31,38
1,114,24,90,38,10,28,66,14,52,46,12,34,67,11,56
2,116,58,58,56,28,28,60,30,30,56,26,30,58,30,28
0,104,46,58,51,22,29,53,24,29,53,23,30,51,23,28
2,110,40,70,55,20,35,55,20,35,48,20,28,62,20,42
2,106,40,66,53,20,33,53,20,33,50,20,30,56,20,36
0,104,48,56,50,22,28,54,26,28,60,32,28,44,16,28
3,94,32,62,45,14,31,49,18,31,46,12,34,47,19,28
1,122,28,94,45,12,33,63,16,47,52,14,38,69,13,56
2,124,60,64,57,28,29,67,32,35,51,23,28,72,36,36
1,112,22,90,38,10,28,57,12,45,47,13,34,64,8,56
2,100,42,58,49,20,29,51,22,29,53,23,30,46,18,28
1,112,26,86,38,10,28,59,16,43,52,14,38,60,12,48
3,90,34,56,44,16,28,46,18,28,50,22,28,39,11,28
3,86,28,58,43,14,29,43,14,29,48,18,30,38,10,28
4,96,36,60,45,16,29,51,20,31,49,19,30,47,17,30
4,164,44,120,82,22,60,82,22,60,58,22,36,105,21,84
0,104,48,56,50,22,28,54,26,28,61,33,28,43,15,28
0,100,44,56,50,22,28,50,22,28,59,31,28,41,13,28
4,214,84,130,115,42,73,98,42,56,97,45,52,117,39,78
4,120,60,60,60,30,30,60,30,30,73,41,32,47,19,28
1,110,28,82,48,14,34,55,14,41,47,13,34,62,14,48
2,126,44,82,64,20,44,62,24,38,48,20,28,78,24,54
1,114,28,86,56,14,42,57,14,43,47,17,30,66,10,56
0,252,138,114,124,70,54,126,68,58,168,94,74,82,42,40
0,124,56,68,70,32,38,52,24,28,65,33,32,59,23,36
1,110,22,88,38,10,28,56,12,44,46,14,32,64,8,56
3,88,26,62,44,14,30,43,12,31,46,12,34,42,14,28
0,110,54,56,53,26,27,57,28,29,53,27,26,55,25,30
4,122,50,72,65,26,39,56,24,32,76,36,40,45,13,32
4,94,38,56,46,18,28,48,20,28,46,18,28,48,20,28
3,90,32,58,43,14,29,46,18,28,48,18,30,42,14,28
0,316,150,166,140,70,70,176,80,96,140,76,64,172,70,102
3,90,34,56,44,16,28,46,18,28,50,22,28,40,12,28
2,162,52,110,81,26,55,81,26,55,58,24,34,104,28,76
0,90,34,56,44,16,28,46,18,28,41,13,28,49,21,28
4,258,100,158,98,40,58,152,60,92,128,50,78,127,47,80
3,118,38,80,56,18,38,62,20,42,67,19,48,50,18,32
4,128,42,86,64,20,44,64,22,42,47,19,28,81,23,58
3,84,26,58,41,12,29,43,14,29,43,13,30,40,12,28
1,122,28,94,61,14,47,60,14,46,51,13,38,71,15,56
2,452,292,160,211,130,81,240,162,78,209,133,76,230,146,84
3,100,40,60,49,20,29,51,20,31,48,18,30,50,20,30
0,104,46,58,51,22,29,53,24,29,61,31,30,42,14,28
0,202,98,104,91,42,49,109,56,53,109,47,62,92,50,42
2,106,42,64,52,20,32,54,22,32,47,19,28,59,23,36
0,104,46,58,52,22,30,52,24,28,62,32,30,42,14,28
3,94,36,58,44,16,28,49,20,29,47,17,30,47,19,28
0,112,44,68,60,24,36,52,20,32,58,22,36,52,20,32
2,116,46,70,56,22,34,60,24,36,50,20,30,66,26,40
1,102,20,82,36,8,28,53,12,41,39,11,28,63,9,54
1,104,22,82,38,10,28,53,12,41,39,11,28,64,10,54
0,118,54,64,55,24,31,63,30,33,72,36,36,44,16,28
0,114,54,60,52,24,28,62,30,32,66,34,32,48,20,28
2,130,58,72,63,28,35,67,30,37,60,26,34,70,32,38
0,106,48,58,52,24,28,53,24,29,58,30,28,48,18,30
4,158,52,106,78,26,52,80,26,54,50,22,28,108,30,78
3,118,38,80,62,18,44,56,20,36,56,20,36,62,18,44
1,110,24,86,40,12,28,55,12,43,44,14,30,66,10,56
0,106,48,58,49,22,27,56,26,30,60,32,28,46,16,30
3,104,46,58,51,22,29,53,24,29,59,29,30,45,17,28
3,124,42,82,48,20,28,76,22,54,64,22,42,60,20,40
0,110,52,58,52,24,28,57,28,29,61,31,30,49,21,28
4,146,46,100,76,24,52,70,22,48,48,20,28,98,26,72
2,150,56,94,71,26,45,78,30,48,59,27,32,91,29,62
4,110,40,70,53,18,35,55,22,33,51,19,32,58,20,38
1,118,28,90,48,14,34,59,14,45,49,15,34,69,13,56
3,90,34,56,44,16,28,45,18,27,52,22,30,37,11,26
0,124,58,66,60,28,32,62,30,32,80,42,38,43,15,28
2,104,40,64,52,20,32,52,20,32,50,20,30,54,20,34
0,96,38,58,49,20,29,47,18,29,47,17,30,49,21,28
3,94,34,60,45,16,29,49,18,31,44,14,30,50,20,30
0,104,48,56,52,24,28,52,24,28,52,24,28,42,14,28
4,134,58,76,68,28,40,66,30,36,71,29,42,63,29,34
1,116,22,94,42,10,32,59,12,47,52,14,38,64,8,56
2,104,42,62,50,20,30,54,22,32,52,22,30,52,20,32
1,122,24,98,52,12,40,61,12,49,57,15,42,65,9,56
3,112,38,74,62,22,40,50,16,34,66,20,46,45,17,28
0,158,66,92,74,34,40,82,32,50,109,45,64,46,18,28
4,102,40,62,48,18,30,54,22,32,50,20,30,51,19,32
2,130,42,88,70,22,48,60,20,40,46,20,26,83,21,62
0,104,46,58,51,22,29,53,24,29,61,31,30,43,15,28
1,114,24,90,48,10,38,59,14,45,46,12,34,68,12,56
4,120,52,68,62,26,36,58,26,32,55,23,32,65,29,36
1,106,20,86,53,12,41,49,8,41,44,10,34,62,10,52
2,92,38,54,44,18,26,48,20,28,45,19,26,47,19,28
0,184,102,82,84,46,38,100,56,44,101,59,42,81,41,40
4,108,42,66,52,20,32,56,22,34,47,19,28,60,22,38
0,116,56,60,53,24,29,63,32,31,67,35,32,49,21,28
4,110,44,66,55,22,33,55,22,33,47,19,28,63,25,38
3,96,38,58,47,18,29,49,20,29,52,22,30,44,16,28
2,118,46,72,60,22,38,58,24,34,47,19,28,71,27,44
4,154,68,86,79,34,45,73,34,39,68,32,36,86,36,50
4,120,54,66,59,26,33,61,28,33,61,23,38,59,31,28
0,102,46,56,50,22,28,52,24,28,59,31,28,43,15,28
2,110,38,72,54,18,36,56,20,36,49,19,30,61,19,42
1,76,20,56,38,10,28,38,10,28,40,12,28,36,8,28
3,118,40,78,58,20,38,60,20,40,62,20,42,56,20,36
1,96,20,76,39,10,29,48,10,38,39,11,28,56,8,48
4,102,40,62,51,20,31,51,20,31,48,20,28,54,20,34
3,110,42,68,48,20,28,62,22,40,65,25,40,45,17,28
0,124,60,64,53,24,29,71,36,35,71,37,34,53,23,30
1,118,26,92,47,12,35,62,14,48,50,14,36,68,12,56
1,112,20,92,49,10,39,56,10,46,48,12,36,64,8,56
2,102,40,62,53,20,33,49,20,29,47,19,28,55,21,34
4,126,46,80,60,22,38,66,24,42,62,20,42,64,26,38
2,116,42,74,57,20,37,59,22,37,53,21,32,63,21,42
1,120,26,94,53,12,41,61,14,47,52,14,38,68,12,56
2,156,48,108,78,24,54,78,24,54,50,22,28,106,26,80
3,98,34,64,50,18,32,48,16,32,53,17,36,45,17,28
3,82,26,56,40,12,28,42,14,28,39,11,28,43,15,28
2,170,54,116,86,26,60,84,28,56,71,23,48,97,29,68
3,86,28,58,43,14,29,43,14,29,44,14,30,42,14,28
2,112,46,66,58,24,34,54,22,32,50,20,30,62,26,36
1,110,34,76,44,16,28,56,18,38,42,14,28,67,19,48
0,146,70,76,52,22,30,94,48,46,93,49,44,53,21,32
0,112,52,60,55,24,31,57,28,29,72,38,34,39,13,26
3,128,54,74,59,26,33,69,28,41,80,36,44,48,18,30
0,104,48,56,52,24,28,52,24,28,60,32,28,44,16,28
4,100,42,58,49,20,29,51,22,29,57,27,30,43,15,28
3,84,28,56,42,14,28,42,14,28,42,14,28,42,14,28
2,100,40,60,50,20,30,50,20,30,47,19,28,53,21,32
3,94,36,58,49,20,29,45,16,29,52,22,30,42,14,28
1,82,20,62,38,10,28,41,10,31,40,12,28,41,7,34
3,98,36,62,50,18,32,48,18,30,52,22,30,46,14,32
4,110,50,60,55,24,31,55,26,29,51,23,28,59,27,32
3,100,40,60,50,20,30,49,20,29,50,18,32,49,21,28
4,96,38,58,47,18,29,49,20,29,47,17,30,49,21,28
3,92,36,56,44,16,28,48,20,28,45,17,28,47,19,28
1,114,24,90,57,12,45,56,12,44,48,14,34,66,10,56
4,116,52,64,58,26,32,58,26,32,60,28,32,54,22,32
2,102,40,62,51,20,31,51,20,31,46,18,28,56,22,34
3,102,40,62,51,20,31,50,20,30,55,21,34,47,19,28
2,140,46,94,68,22,46,72,24,48,50,22,28,90,24,66
3,86,28,58,41,12,29,45,16,29,45,15,30,41,13,28
2,142,46,96,70,22,48,72,24,48,49,21,28,93,25,68
1,118,24,94,49,12,37,59,12,47,51,13,38,67,11,56
3,86,32,54,43,16,27,43,16,27,42,16,26,44,16,28
3,122,48,74,58,22,36,60,26,34,63,23,40,57,23,34
1,108,42,66,55,22,33,52,20,32,61,23,38,47,19,28
2,122,46,76,62,22,40,60,24,36,52,22,30,70,24,46
4,108,42,66,55,20,35,53,22,31,48,20,28,60,22,38
0,94,34,60,43,14,29,51,20,31,51,19,32,41,13,28
2,104,38,66,51,18,33,53,20,33,49,19,30,55,19,36
1,144,44,100,76,22,54,60,22,38,51,17,34,92,26,66
1,80,24,56,40,12,28,40,12,28,41,13,28,38,10,28
3,108,40,68,52,18,34,55,22,33,57,19,38,51,21,30
1,94,30,64,42,12,30,50,18,32,39,11,28,55,19,36
1,116,24,92,44,10,34,60,14,46,50,14,36,66,10,56
4,108,44,64,55,22,33,53,22,31,49,21,28,59,23,36
3,90,28,62,46,14,32,44,14,30,44,12,32,46,16,30
2,112,40,72,60,20,40,52,20,32,48,20,28,64,20,44
1,118,28,90,42,12,30,61,16,45,48,14,34,70,14,56
0,102,46,56,50,22,28,52,24,28,51,23,28,51,23,28
2,108,48,60,54,24,30,54,24,30,51,23,28,56,24,32
2,120,46,74,59,22,37,61,24,37,50,20,30,70,26,44
2,116,48,68,57,24,33,58,24,34,61,27,34,54,20,34
2,110,48,62,55,24,31,55,24,31,51,23,28,59,25,34
0,100,42,58,48,22,26,47,20,27,51,23,28,48,18,30
1,104,22,82,50,12,38,48,10,38,39,11,28,65,11,54
4,148,46,102,74,22,52,74,24,50,49,21,28,99,25,74
2,112,40,72,60,20,40,52,20,32,45,19,26,67,21,46
2,120,46,74,61,22,39,59,24,35,54,22,32,66,24,42
1,120,26,94,52,14,38,59,12,47,52,14,38,68,12,56
1,92,24,68,43,12,31,45,12,33,40,12,28,52,12,40
4,100,44,56,50,22,28,50,22,28,56,28,28,44,16,28
2,126,44,82,63,20,43,62,24,38,48,20,28,77,23,54
3,270,112,158,139,60,79,127,52,75,128,54,74,139,55,84
4,142,46,96,72,22,50,70,24,46,50,22,28,88,20,68
4,110,52,58,54,26,28,55,26,29,54,24,30,56,28,28
2,160,48,112,84,24,60,76,24,52,62,24,38,98,24,74
2,182,76,106,78,32,46,103,44,59,111,53,58,71,23,48
4,98,42,56,48,20,28,50,22,28,53,25,28,40,12,28
1,112,22,90,39,10,29,57,12,45,48,14,34,64,8,56
1,120,28,92,58,16,42,58,12,46,50,14,36,70,14,56
3,96,30,66,43,14,29,53,16,37,55,17,38,38,10,28
3,92,30,62,42,12,30,49,18,31,50,16,34,41,13,28
4,110,46,64,54,22,32,56,24,32,52,22,30,58,24,34
4,114,46,68,56,22,34,58,24,34,48,20,28,66,26,40
2,108,46,62,54,22,32,54,24,30,53,21,32,53,23,30
3,78,22,56,38,10,28,40,12,28,39,11,28,39,11,28
4,110,54,56,54,26,28,56,28,28,62,34,28,48,20,28
0,116,56,60,59,28,31,57,28,29,67,37,30,49,19,30
4,106,52,54,51,24,27,55,28,27,50,24,26,56,28,28
4,148,50,98,72,24,48,76,26,50,52,22,30,95,27,68
0,116,56,60,56,26,30,60,30,30,69,37,32,47,19,28
0,128,58,70,65,28,37,63,30,33,53,23,30,74,34,40
0,110,50,60,55,24,31,55,26,29,65,33,32,45,17,28
0,132,72,60,65,36,29,67,36,31,90,58,32,42,14,28
2,112,44,68,56,22,34,56,22,34,50,22,28,62,22,40
0,106,50,56,50,22,28,56,28,28,62,34,28,43,15,28
4,108,44,64,54,22,32,54,22,32,49,21,28,59,23,36
0,112,52,60,56,26,30,55,26,29,66,32,34,46,20,26
2,98,40,58,50,20,30,48,20,28,47,19,28,50,20,30
2,118,46,72,63,24,39,55,22,33,48,20,28,70,26,44
1,112,24,88,49,12,37,56,12,44,45,13,32,67,11,56
2,118,44,74,61,22,39,57,22,35,49,21,28,69,23,46
4,102,44,58,51,22,29,51,22,29,59,29,30,43,15,28
0,114,48,66,51,22,29,63,26,37,61,31,30,53,17,36
0,104,44,60,53,22,31,51,22,29,60,28,32,44,16,28
3,86,30,56,42,14,28,44,16,28,41,13,28,45,17,28
0,126,62,64,61,30,31,65,32,33,80,44,36,46,18,28
1,94,24,70,38,10,28,49,14,35,41,13,28,51,9,42
1,112,22,90,40,10,30,57,12,45,46,12,34,66,10,56
4,146,48,98,68,22,46,78,26,52,50,22,28,95,25,70
4,116,46,70,63,24,39,53,22,31,49,21,28,67,25,42
1,122,26,96,51,12,39,62,14,48,56,16,40,66,10,56
0,108,48,60,55,24,31,53,24,29,63,31,32,45,17,28
2,108,38,70,57,18,39,51,20,31,45,17,28,61,19,42
2,144,42,102,73,22,51,71,20,51,51,21,30,93,21,72
2,112,42,70,57,20,37,55,22,33,47,21,26,65,21,44
0,294,202,92,131,90,41,161,112,49,153,105,48,135,91,44
4,98,56,42,48,28,20,49,28,21,40,24,16,56,30,26
3,100,38,62,49,18,31,50,20,30,49,15,34,51,23,28
0,120,60,60,61,30,31,59,30,29,70,38,32,49,21,28
4,192,90,102,85,42,43,100,48,52,100,54,46,91,35,56
0,114,56,58,54,26,28,59,30,29,67,37,30,47,19,28
0,100,44,56,48,20,28,52,24,28,57,29,28,43,15,28
4,114,48,66,55,22,33,59,26,33,53,23,30,61,25,36
2,154,44,110,77,22,55,77,22,55,55,23,32,99,21,78
4,100,44,56,48,20,28,52,24,28,53,25,28,47,19,28
1,116,22,94,38,10,28,59,12,47,51,13,38,65,9,56
1,126,32,94,60,16,44,63,16,47,52,14,38,73,17,56
2,130,62,68,57,28,29,72,34,38,54,20,34,75,41,34
0,102,48,54,51,24,27,51,24,27,54,28,26,48,20,28
2,112,48,64,57,24,33,55,24,31,52,20,32,60,28,32
4,110,50,60,56,26,30,54,24,30,53,25,28,56,24,32
3,138,48,90,57,20,37,74,28,46,74,26,48,64,22,42
2,104,40,64,54,20,34,50,20,30,48,20,28,56,20,36
1,108,22,86,48,10,38,55,12,43,43,13,30,65,9,56
0,244,128,116,120,56,64,118,72,46,166,90,76,70,30,40
1,106,18,88,35,8,27,54,10,44,48,12,36,58,6,52
2,162,48,114,78,24,54,81,24,57,64,20,44,97,27,70
3,134,54,80,64,26,38,66,28,38,71,27,44,62,26,36
2,128,42,86,41,16,25,87,26,61,55,19,36,73,23,50
0,90,32,58,45,16,29,45,16,29,48,18,30,42,14,28
1,112,22,90,57,12,45,54,10,44,46,12,34,66,10,56
2,130,42,88,67,20,47,63,22,41,56,20,36,74,22,52
0,92,36,56,46,18,28,46,18,28,47,19,28,45,17,28
4,86,30,56,46,18,28,40,12,28,44,16,28,41,13,28
2,152,50,102,77,24,53,75,26,49,69,23,46,83,27,56
0,102,46,56,49,22,27,53,24,29,61,33,28,41,13,28
3,96,30,66,48,16,32,47,14,33,45,15,30,51,15,36
2,124,48,76,62,24,38,62,24,38,50,22,28,74,26,48
1,116,24,92,51,12,39,58,12,46,50,14,36,66,10,56
3,80,22,58,38,10,28,41,12,29,39,9,30,41,13,28
2,186,78,108,88,34,54,98,44,54,106,50,56,80,28,52
0,100,46,54,49,22,27,51,24,27,49,23,26,51,23,28
0,132,62,70,62,30,32,70,32,38,86,44,42,46,18,28
0,130,52,78,77,32,45,52,20,32,57,25,32,72,26,46
4,116,58,58,59,30,29,57,28,29,55,23,32,61,35,26
2,140,56,84,67,24,43,73,32,41,62,26,36,77,29,48
2,128,42,86,62,20,42,66,22,44,47,19,28,81,23,58
0,104,48,56,50,22,28,54,26,28,61,33,28,43,15,28
4,150,48,102,79,24,55,71,24,47,60,26,34,90,22,68
1,124,28,96,62,14,48,59,14,45,56,16,40,68,12,56
3,106,36,70,52,18,34,54,18,36,62,20,42,44,16,28
1,116,22,94,38,10,28,59,12,47,52,14,38,64,8,56
2,108,44,64,54,22,32,54,22,32,49,21,28,59,23,36
3,94,36,58,45,16,29,49,20,29,46,16,30,47,19,28
1,124,32,92,54,16,38,64,16,48,53,17,36,71,15,56
3,92,32,60,50,18,32,42,14,28,49,17,32,42,14,28
3,108,42,66,50,20,30,57,22,35,69,31,38,39,11,28
4,98,42,56,48,20,28,50,22,28,45,17,28,53,25,28
2,108,40,68,54,20,34,54,20,34,46,18,28,61,21,40
4,130,46,84,64,22,42,66,24,42,53,21,32,77,25,52
4,164,84,80,82,44,38,80,40,40,83,43,40,78,38,40
0,104,48,56,52,24,28,52,24,28,61,33,28,43,15,28
0,170,76,94,75,34,41,91,42,49,88,42,46,81,33,48
1,118,26,92,49,12,37,60,14,46,50,14,36,68,12,56
0,154,72,82,71,34,37,82,38,44,88,44,44,65,27,38
2,156,46,110,76,22,54,79,24,55,60,22,38,96,24,72
0,108,52,56,52,24,28,56,28,28,60,32,28,47,19,28
0,136,42,94,66,20,46,70,22,48,49,21,28,87,21,66
1,104,22,82,38,10,28,53,12,41,41,13,28,62,8,54
1,114,24,90,57,12,45,40,12,28,48,14,34,65,9,56
2,116,46,70,62,24,38,54,22,32,55,23,32,61,23,38
1,114,28,86,51,14,37,57,14,43,45,15,30,69,13,56
0,112,42,70,59,20,39,52,22,30,64,24,40,47,17,30
0,108,50,58,53,24,29,55,26,29,59,29,30,46,18,28
0,110,50,60,54,24,30,56,26,30,62,32,30,48,18,30
3,112,38,74,46,16,30,66,22,44,66,20,46,46,18,28
0,102,44,58,51,22,29,51,22,29,56,26,30,46,18,28
2,118,48,70,64,24,40,54,24,30,52,24,28,66,24,42
0,104,48,56,50,22,28,54,26,28,62,34,28,42,14,28
4,98,42,56,48,20,28,50,22,28,50,22,28,48,20,28
0,104,46,58,50,22,28,53,24,29,63,33,30,41,13,28
1,118,28,90,59,14,45,56,14,42,49,15,34,68,12,56
4,278,90,188,91,28,63,186,62,124,126,50,76,149,37,112
1,118,24,94,50,12,38,59,12,47,52,14,38,66,10,56
4,116,52,64,57,26,31,58,26,32,60,26,34,56,26,30
0,110,50,60,54,24,30,56,26,30,64,32,32,46,18,28
4,130,42,88,73,22,51,57,20,37,46,20,26,84,22,62
2,142,46,96,68,22,46,74,24,50,49,21,28,91,23,68
4,114,48,66,57,24,33,57,24,33,46,18,28,66,28,38
4,108,50,58,56,26,30,52,24,28,64,34,30,44,16,28
0,114,58,56,58,30,28,55,28,27,67,39,28,47,19,28
4,128,58,70,57,26,31,71,32,39,74,36,38,51,19,32
2,104,42,62,53,20,33,51,22,29,49,21,28,55,21,34
0,116,58,58,57,28,29,59,30,29,63,33,30,49,21,28
3,96,36,60,44,16,28,52,20,32,52,20,32,40,12,28
1,124,30,94,55,16,39,63,14,49,53,15,38,71,15,56
0,102,32,70,49,14,35,53,18,35,57,15,42,45,17,28
3,96,40,56,48,20,28,48,20,28,53,25,28,42,14,28
1,118,26,92,38,10,28,64,16,48,49,13,36,67,11,56
2,106,46,60,50,22,28,56,24,32,50,22,28,56,24,32
2,156,46,110,75,22,53,81,24,57,54,22,32,100,22,78
1,112,22,90,38,10,28,57,12,45,47,13,34,65,9,56
1,120,28,92,43,12,31,67,16,51,50,12,38,70,16,54
3,96,40,56,46,18,28,50,22,28,47,19,28,42,14,28
2,128,46,82,63,24,39,65,22,43,48,20,28,79,25,54
1,106,24,82,38,10,28,55,14,41,40,12,28,65,11,54
2,184,62,122,89,28,61,95,34,61,85,35,50,98,26,72
4,174,68,106,80,26,54,92,42,50,78,34,44,95,33,62
1,126,28,98,65,16,49,55,12,43,57,17,40,69,11,58
1,96,20,76,38,10,28,48,10,38,38,10,28,58,10,48
2,114,46,68,57,24,33,56,22,34,64,30,34,50,16,34
1,118,28,90,42,14,28,59,14,45,50,16,34,68,12,56
3,106,38,68,51,18,33,55,20,35,63,25,38,43,13,30
0,100,46,54,49,22,27,51,24,27,57,31,26,43,15,28
2,112,44,68,57,22,35,55,22,33,49,21,28,62,22,40
0,126,62,64,53,24,29,73,38,35,82,46,36,43,15,28
0,130,62,68,62,30,32,68,32,36,82,44,38,48,18,30
3,94,34,60,45,16,29,48,18,30,49,21,28,45,13,32
2,106,40,66,53,20,33,53,20,33,48,20,28,58,20,38
2,130,46,84,61,20,41,69,26,43,51,21,30,79,25,54
3,110,38,72,52,18,34,57,20,37,59,19,40,51,19,32
3,112,36,76,57,18,39,55,18,37,67,19,48,44,16,28
1,116,24,92,39,10,29,60,14,46,50,14,36,66,10,56
2,106,42,64,53,20,33,53,22,31,49,21,28,57,21,36
3,90,34,56,45,16,29,44,18,26,49,21,28,39,11,28
1,110,22,88,39,10,29,56,12,44,44,12,32,65,9,56
1,124,30,94,50,14,36,67,16,51,55,17,38,69,13,56
1,120,26,94,54,12,42,61,14,47,52,14,38,67,11,56
3,86,30,56,42,14,28,44,16,28,43,15,28,43,15,28
1,104,22,82,38,10,28,53,12,41,39,11,28,65,11,54
3,84,28,56,40,12,28,44,16,28,45,17,28,39,11,28
4,124,56,68,65,30,35,58,26,32,74,36,38,49,19,30
1,110,20,90,55,10,45,54,10,44,46,12,34,64,8,56
4,148,44,104,69,20,49,79,24,55,54,22,32,93,21,72
0,112,54,58,55,26,29,56,28,28,64,34,30,48,20,28
3,78,20,58,39,10,29,39,10,29,42,12,30,36,8,28
2,104,42,62,51,20,31,53,22,31,48,20,28,56,22,34
2,126,50,76,65,26,39,61,24,37,50,22,28,76,28,48
2,110,42,68,52,20,32,58,22,36,55,21,34,54,20,34
4,160,74,86,77,38,39,82,36,46,75,35,40,85,39,46
3,96,34,62,50,18,32,46,16,30,53,21,32,41,11,30
0,88,30,58,43,14,29,44,16,28,44,14,30,44,16,28
2,98,38,60,48,18,30,50,20,30,48,18,30,50,20,30
4,108,40,68,54,20,34,54,20,34,47,19,28,61,21,40
1,110,28,82,49,14,35,56,14,42,42,14,28,67,13,54
0,108,50,58,53,24,29,55,26,29,64,34,30,44,16,28
4,152,44,108,73,20,53,79,24,55,48,20,28,102,22,80
1,106,22,84,46,10,36,54,12,42,41,13,28,64,8,56
2,110,44,66,58,22,36,52,22,30,50,22,28,60,22,38
1,102,20,82,51,10,41,39,10,29,40,12,28,62,8,54
1,102,20,82,38,10,28,51,10,41,38,10,28,63,9,54
4,152,54,98,68,26,42,83,28,55,91,33,58,59,19,40
2,94,36,58,47,18,29,47,18,29,46,18,28,48,18,30
4,116,48,68,58,24,34,58,24,34,49,21,28,66,26,40
4,96,38,58,49,20,29,47,18,29,47,17,30,48,20,28
4,106,44,62,53,22,31,53,22,31,50,20,30,55,23,32
4,114,48,66,58,24,34,56,24,32,51,21,30,63,27,36
2,108,42,66,50,20,30,57,22,35,57,23,34,50,18,32
1,122,30,92,51,16,35,60,14,46,49,13,36,73,17,56
3,144,52,92,67,26,41,71,26,45,43,11,32,99,39,60
4,120,50,70,66,26,40,54,24,30,49,21,28,70,28,42
0,134,64,70,67,32,35,67,32,35,72,32,40,62,32,30
3,102,44,58,51,22,29,51,22,29,60,30,30,42,14,28
2,220,60,160,111,32,79,106,28,78,111,27,84,109,33,76
3,94,38,56,46,18,28,48,20,28,46,18,28,48,20,28
2,132,44,88,68,22,46,64,22,42,50,22,28,82,22,60
3,104,48,56,52,24,28,52,24,28,54,26,28,50,22,28
2,174,68,106,88,32,56,86,36,50,57,23,34,117,45,72
4,148,68,80,69,32,37,76,36,40,70,30,40,76,36,40
0,88,30,58,45,16,29,43,14,29,44,14,30,44,16,28
1,120,36,84,62,20,42,50,16,34,47,19,28,71,15,56
0,100,46,54,49,22,27,51,24,27,58,30,28,42,16,26
2,94,36,58,47,18,29,47,18,29,46,18,28,48,18,30
0,136,62,74,64,30,34,68,32,36,92,46,46,44,16,28
3,254,172,82,124,84,40,129,88,41,132,84,48,119,85,34
1,112,22,90,39,10,29,57,12,45,46,12,34,66,10,56
0,102,40,62,51,20,31,51,20,31,54,20,34,48,20,28
4,158,46,112,78,22,56,80,24,56,48,20,28,108,24,84
1,110,22,88,38,10,28,56,12,44,46,14,32,64,8,56
0,212,78,134,107,38,69,103,40,63,104,34,70,106,42,64
1,114,32,82,57,16,41,54,16,38,42,14,28,71,17,54
3,116,42,74,60,22,38,56,20,36,59,21,38,57,21,36
0,110,54,56,56,28,28,54,26,28,64,36,28,46,18,28
0,108,52,56,52,24,28,56,28,28,60,32,28,48,20,28
1,112,26,86,45,12,33,58,14,44,44,14,30,68,12,56
4,134,42,92,64,20,44,70,22,48,47,19,28,86,22,64
4,108,58,50,54,28,26,54,30,24,59,33,26,47,23,24
3,126,48,78,63,26,37,59,22,37,57,21,36,68,26,42
1,118,26,92,53,14,39,58,12,46,51,15,36,67,11,56
2,100,42,58,49,20,29,51,22,29,49,21,28,51,21,30
4,116,48,68,58,24,34,58,24,34,50,22,28,66,26,40
4,120,56,64,59,28,31,61,28,33,56,26,30,63,29,34
2,156,68,88,77,34,43,76,34,42,83,37,46,70,28,42
1,122,38,84,57,16,41,64,22,42,45,17,28,76,20,56
3,84,26,58,44,14,30,40,12,28,42,14,28,42,12,30
3,96,40,56,46,18,28,50,22,28,49,21,28,45,17,28
4,104,44,60,52,22,30,52,22,30,64,32,32,40,12,28
0,94,38,56,48,20,28,46,18,28,48,20,28,46,18,28
0,102,46,56,50,22,28,52,24,28,56,28,28,46,18,28
0,100,44,56,48,20,28,52,24,28,57,29,28,43,15,28
2,150,64,86,70,30,40,80,34,46,78,38,40,70,24,46
0,106,48,58,53,24,29,53,24,29,61,31,30,45,17,28
0,100,44,56,50,22,28,50,22,28,58,30,28,42,14,28
3,86,28,58,40,12,28,45,16,29,47,17,30,39,11,28
2,106,42,64,53,20,33,53,22,31,50,22,28,56,20,36
1,86,22,64,38,10,28,44,12,32,39,11,28,47,11,36
2,210,66,144,105,32,73,102,34,68,119,39,80,89,25,64
3,110,46,64,55,24,31,55,22,33,61,25,36,48,20,28
0,184,86,98,94,40,54,88,46,42,117,59,58,66,26,40
3,92,30,62,38,10,28,54,20,34,53,19,34,39,11,28
3,78,18,60,40,10,30,38,8,30,41,9,32,37,9,28
1,102,24,78,41,10,31,54,14,40,39,11,28,63,13,50
4,242,92,150,116,46,70,123,46,77,141,63,78,99,27,72
3,104,46,58,51,22,29,53,24,29,58,28,30,46,18,28
3,80,22,58,38,10,28,41,12,29,39,9,30,41,13,28
4,126,60,66,54,26,28,72,34,38,62,28,34,63,31,32
4,102,46,56,50,22,28,52,24,28,57,29,28,45,17,28
4,108,52,56,56,28,28,52,24,28,59,31,28,48,20,28
1,102,20,82,50,10,40,51,10,41,40,12,28,62,8,54
4,172,100,72,84,50,34,88,50,38,110,70,40,58,26,32
2,100,40,60,50,20,30,50,20,30,50,20,30,50,20,30
2,118,50,68,58,24,34,60,26,34,52,24,28,65,25,40
3,98,42,56,50,22,28,48,20,28,48,20,28,50,22,28
3,88,32,56,44,16,28,44,16,28,50,22,28,38,10,28
2,150,44,106,75,22,53,74,22,52,58,22,36,92,22,70
2,94,36,58,47,18,29,47,18,29,46,18,28,48,18,30
4,144,58,86,77,30,47,67,28,39,61,27,34,83,31,52
4,146,44,102,75,22,53,71,22,49,47,19,28,98,24,74
1,120,26,94,61,14,47,59,12,47,51,13,38,68,12,56
1,114,24,90,55,12,43,57,12,45,48,14,34,66,10,56
1,82,20,62,36,8,28,43,12,31,43,11,32,39,9,30
3,100,38,62,48,18,30,52,20,32,60,26,34,39,11,28
3,90,34,56,46,18,28,44,16,28,44,16,28,46,18,28
2,188,74,114,90,28,62,98,46,52,101,47,54,86,26,60
4,152,62,90,69,28,41,83,34,49,57,23,34,94,38,56
0,182,66,116,89,32,57,89,34,55,85,25,60,95,39,56
0,90,34,56,44,16,28,46,18,28,44,16,28,46,18,28
4,102,44,58,52,22,30,50,22,28,48,20,28,54,24,30
0,100,46,54,49,22,27,51,24,27,55,29,26,44,16,28
3,96,32,64,48,16,32,47,16,31,52,16,36,44,16,28
0,102,46,56,48,20,28,54,26,28,58,30,28,44,16,28
2,106,44,62,53,22,31,53,22,31,50,22,28,56,22,34
0,98,42,56,42,20,22,56,22,34,55,27,28,43,15,28
4,158,46,112,78,22,56,80,24,56,47,19,28,109,25,84
1,114,26,88,53,14,39,53,12,41,45,13,32,69,13,56
4,136,44,92,68,22,46,68,22,46,47,19,28,88,24,64
3,90,32,58,45,16,29,45,16,29,50,20,30,39,11,28
0,112,54,58,56,26,30,56,28,28,59,29,30,47,19,28
4,132,64,68,65,30,35,66,34,32,73,35,38,54,24,30
2,124,40,84,62,20,42,62,20,42,48,20,28,76,20,56
0,108,52,56,54,26,28,54,26,28,60,32,28,46,18,28
3,98,40,58,49,20,29,49,20,29,52,22,30,46,18,28
1,82,22,60,42,12,30,38,10,28,39,11,28,42,10,32
2,122,56,66,62,28,34,60,28,32,68,32,36,52,22,30
3,118,50,68,56,24,32,59,26,33,59,21,38,58,28,30
1,116,26,90,59,14,45,57,12,45,49,15,34,67,11,56
2,200,68,132,91,30,61,108,38,70,95,43,52,104,24,80
2,100,38,62,52,20,32,48,18,30,48,20,28,52,18,34
0,106,50,56,54,26,28,52,24,28,60,32,28,44,16,28
3,112,40,72,56,20,36,55,20,35,67,23,44,44,16,28
3,128,54,74,71,32,39,56,22,34,74,34,40,54,20,34
4,118,52,66,57,24,33,61,28,33,49,21,28,69,31,38
3,86,32,54,43,16,27,43,16,27,42,16,26,44,16,28
4,120,42,78,62,22,40,58,20,38,48,20,28,72,22,50
4,116,56,60,54,26,28,60,30,30,66,34,32,46,18,28
0,112,52,60,53,24,29,59,28,31,70,38,32,42,14,28
4,130,44,86,70,22,48,60,22,38,50,22,28,80,22,58
4,148,62,86,61,26,35,85,36,49,97,45,52,51,17,34
0,110,54,56,54,26,28,56,28,28,65,37,28,45,17,28
0,160,58,102,77,28,49,83,30,53,70,28,42,90,30,60
2,102,42,60,50,20,30,52,22,30,51,21,30,51,21,30
4,112,46,66,54,22,32,58,24,34,48,20,28,64,26,38
2,112,40,72,58,20,38,54,20,34,47,19,28,65,21,44
1,114,28,86,55,14,41,57,14,43,45,15,30,69,13,56
3,98,40,58,47,18,29,51,22,29,48,18,30,50,22,28
0,112,56,56,56,28,28,56,28,28,64,36,28,48,20,28
0,166,92,74,85,52,33,79,40,39,123,77,46,43,15,28
0,118,56,62,52,24,28,65,32,33,73,39,34,45,17,28
3,92,34,58,47,18,29,45,16,29,43,13,30,48,20,28
4,112,40,72,55,20,35,57,20,37,44,18,26,68,22,46
1,110,22,88,39,10,29,56,12,44,45,13,32,65,9,56
1,110,30,80,50,14,36,56,16,40,41,13,28,69,17,52
3,106,42,64,48,18,30,58,24,34,46,18,28,59,23,36
2,116,48,68,54,22,32,60,26,34,57,25,32,58,22,36
4,108,50,58,50,22,28,58,28,30,63,33,30,45,17,28
1,116,22,94,38,10,28,59,12,47,52,14,38,64,8,56
4,112,46,66,56,22,34,56,24,32,48,20,28,63,25,38
3,98,40,58,50,20,30,48,20,28,50,22,28,47,17,30
3,114,34,80,42,14,28,72,20,52,55,17,38,59,17,42
1,112,28,84,52,12,40,57,16,41,50,18,32,62,10,52
4,130,54,76,52,20,32,78,34,44,60,26,34,70,28,42
1,114,24,90,57,12,45,55,12,43,50,16,34,64,8,56
2,144,54,90,70,26,44,74,28,46,56,24,32,84,26,58
0,108,50,58,53,24,29,55,26,29,63,33,30,45,17,28
1,118,24,94,59,12,47,50,12,38,50,12,38,68,12,56
1,116,26,90,51,12,39,59,14,45,52,14,38,64,12,52
4,108,42,66,52,20,32,56,22,34,48,20,28,59,21,38
1,90,28,62,48,14,34,42,14,28,43,15,28,47,13,34
3,84,26,58,39,10,29,45,16,29,44,14,30,40,12,28
1,102,24,78,38,10,28,53,14,39,40,12,28,62,12,50
4,118,50,68,50,20,30,68,30,38,56,24,32,62,26,36
2,226,88,138,96,38,58,130,50,80,111,47,64,115,41,74
4,108,52,56,51,24,27,56,28,28,55,25,30,53,27,26
2,158,48,110,76,22,54,82,26,56,58,24,34,100,24,76
2,106,44,62,54,22,32,52,22,30,49,21,28,57,23,34
1,110,26,84,42,12,30,56,14,42,41,13,28,68,12,56
2,110,44,66,55,22,33,55,22,33,50,20,30,60,24,36
3,122,62,60,64,32,32,58,30,28,52,24,28,68,36,32
4,110,58,52,53,28,25,57,30,27,64,38,26,46,20,26
3,88,30,58,41,12,29,47,18,29,43,13,30,43,15,28
2,126,48,78,62,24,38,64,24,40,50,22,28,76,26,50
3,82,22,60,39,10,29,42,12,30,41,11,30,41,11,30
3,90,26,64,40,10,30,50,16,34,47,13,34,43,13,30
4,104,46,58,50,22,28,53,24,29,53,23,30,51,23,28
2,84,26,58,43,14,29,41,12,29,43,13,30,41,13,28
3,100,40,60,49,20,29,51,20,31,58,26,32,41,13,28
4,110,54,56,52,28,24,58,26,32,60,32,28,50,22,28
2,122,46,76,63,24,39,59,22,37,51,21,30,70,24,46
3,114,46,68,52,20,32,62,26,36,57,23,34,57,23,34
2,146,48,98,77,24,53,69,24,45,51,23,28,94,24,70
0,104,50,54,51,24,27,53,26,27,57,31,26,47,19,28
3,84,26,58,43,14,29,41,12,29,42,12,30,42,14,28
0,104,48,56,52,24,28,52,24,28,62,34,28,42,14,28
2,146,48,98,74,24,50,72,24,48,67,25,42,79,23,56
2,148,40,108,71,20,51,77,20,57,52,20,32,95,19,76
1,112,22,90,38,10,28,57,12,45,48,14,34,64,8,56
1,122,30,92,56,16,40,60,14,46,52,16,36,70,14,56
3,106,50,56,52,24,28,54,26,28,50,22,28,56,28,28
2,124,50,74,55,22,33,68,28,40,59,23,36,65,27,38
0,104,48,56,52,24,28,52,24,28,59,31,28,44,16,28
3,88,32,56,42,14,28,46,18,28,48,20,28,40,12,28
2,140,52,88,68,22,46,72,30,42,48,20,28,92,32,60
3,78,22,56,35,8,27,43,14,29,38,10,28,40,12,28
3,102,42,60,48,20,28,53,22,31,51,19,32,50,22,28
0,110,54,56,53,26,27,57,28,29,67,39,28,43,15,28
2,118,42,76,58,20,38,60,22,38,47,19,28,71,23,48
4,94,36,58,47,18,29,47,18,29,47,17,30,47,19,28
2,126,50,76,63,24,39,62,26,36,68,30,38,58,20,38
0,120,48,72,56,24,32,64,24,40,61,23,38,59,25,34
1,110,20,90,35,8,27,58,12,46,50,14,36,60,6,54
3,98,40,58,48,20,28,50,20,30,48,20,28,49,19,30
3,106,50,56,52,24,28,54,26,28,56,28,28,50,22,28
2,154,68,86,88,38,50,66,30,36,80,38,42,74,30,44
0,92,56,36,46,28,18,46,28,18,51,31,20,33,17,16
1,130,34,96,57,18,39,67,16,51,58,18,40,72,16,56
1,120,28,92,58,14,44,60,14,46,52,16,36,68,12,56
1,106,20,86,53,10,43,49,10,39,43,13,30,63,7,56
2,136,44,92,69,22,47,67,22,45,48,20,28,88,24,64
3,86,28,58,40,12,28,45,16,29,48,18,30,38,10,28
0,102,46,56,52,24,28,50,22,28,59,31,28,43,15,28
3,98,38,60,49,18,31,49,20,29,49,19,30,49,19,30
0,122,56,66,61,28,33,59,28,31,70,32,38,45,17,28
4,136,64,72,67,32,35,69,32,37,69,31,38,63,29,34
2,108,42,66,56,22,34,52,20,32,50,20,30,58,22,36
0,176,84,92,83,40,43,91,44,47,118,60,58,55,21,34
1,106,24,82,40,12,28,53,12,41,42,14,28,64,10,54
0,106,50,56,52,24,28,54,26,28,52,24,28,54,26,28
0,90,32,58,43,14,29,47,18,29,45,15,30,45,17,28
0,104,48,56,50,22,28,54,26,28,61,33,28,43,15,28
2,130,42,88,64,20,44,66,22,44,49,19,30,81,23,58
1,116,24,92,41,12,29,58,12,46,48,12,36,66,10,56
0,112,56,56,56,28,28,56,28,28,68,40,28,44,16,28
1,106,28,78,40,12,28,55,16,39,50,14,36,56,14,42
2,100,38,62,50,18,32,50,20,30,49,19,30,51,19,32
1,110,24,86,55,12,43,53,12,41,43,13,30,66,10,56
1,118,24,94,47,12,35,59,12,47,50,12,38,67,11,56
4,104,44,60,52,22,30,52,22,30,48,20,28,56,24,32
2,110,42,68,55,20,35,55,22,33,48,20,28,62,22,40
4,84,28,56,42,14,28,42,14,28,42,14,28,42,14,28
1,122,28,94,53,14,39,61,14,47,54,16,38,67,11,56
1,122,26,96,38,10,28,64,16,48,53,13,40,69,13,56
0,110,54,56,54,26,28,56,28,28,51,23,28,59,31,28
1,114,22,92,38,10,28,58,12,46,48,12,36,66,10,56
3,94,38,56,46,18,28,48,20,28,44,16,28,50,22,28
0,106,56,50,53,28,25,53,28,25,50,28,22,54,26,28
2,104,40,64,51,20,31,53,20,33,46,18,28,58,22,36
3,106,42,64,51,20,31,54,22,32,56,22,34,48,18,30
4,84,28,56,40,12,28,44,16,28,42,14,28,41,13,28
4,116,60,56,58,30,28,58,30,28,54,26,28,61,33,28
2,110,42,68,54,20,34,56,22,34,51,21,30,59,21,38
4,108,52,56,52,24,28,56,28,28,60,32,28,48,20,28
4,106,42,64,53,20,33,53,22,31,49,21,28,57,21,36
2,110,42,68,53,20,33,57,22,35,47,21,26,63,21,42
3,208,98,110,102,46,56,105,52,53,101,51,50,103,43,60
1,118,24,94,49,12,37,59,12,47,52,14,38,66,10,56
4,122,62,60,63,32,31,59,30,29,75,43,32,47,19,28
2,102,42,60,51,20,31,51,22,29,47,19,28,55,23,32
0,112,48,64,56,24,32,56,24,32,70,34,36,42,14,28
1,108,26,82,53,14,39,52,12,40,42,14,28,66,12,54
2,162,48,114,83,24,59,79,24,55,65,23,42,97,25,72
0,114,50,64,56,24,32,58,26,32,63,27,36,51,23,28
3,260,116,144,133,60,73,126,56,70,157,75,82,103,41,62
0,100,44,56,50,22,28,50,22,28,56,28,28,44,16,28
1,120,28,92,56,14,42,60,14,46,52,16,36,66,10,56
2,188,80,108,75,34,41,112,46,66,85,37,48,102,42,60
2,130,46,84,61,22,39,69,24,45,55,21,34,74,24,50
3,92,34,58,44,16,28,48,18,30,54,24,30,38,10,28
0,110,50,60,51,24,27,59,26,33,56,28,28,54,22,32
4,124,48,76,65,24,41,58,24,34,57,23,34,66,24,42
2,220,130,90,108,62,46,112,68,44,119,73,46,98,54,44
0,108,50,58,52,24,28,56,26,30,65,35,30,43,15,28
0,130,62,68,62,30,32,68,32,36,80,40,40,48,20,28
4,116,50,66,61,26,35,54,24,30,66,32,34,50,18,32
4,104,42,62,48,20,28,56,22,34,47,19,28,57,23,34
0,104,48,56,50,22,28,54,26,28,61,33,28,43,15,28
3,102,44,58,51,22,29,51,22,29,53,23,30,49,21,28
3,88,32,56,42,14,28,46,18,28,47,19,28,41,13,28
3,104,40,64,53,20,33,51,20,31,57,21,36,46,18,28
2,150,46,104,72,22,50,78,24,54,54,22,32,95,23,72
4,122,44,78,61,22,39,61,22,39,52,22,30,70,22,48
4,106,42,64,55,22,33,51,20,31,46,18,28,60,24,36
3,104,34,70,54,18,36,47,16,31,59,21,38,45,13,32
0,102,46,56,50,22,28,52,24,28,51,23,28,51,23,28
3,88,30,58,43,14,29,45,16,29,47,17,30,41,13,28
0,118,54,64,59,26,33,59,28,31,55,25,30,63,29,34
4,140,64,76,71,34,37,68,30,38,58,28,30,81,35,46
0,104,48,56,52,24,28,52,24,28,56,28,28,48,20,28
1,76,20,56,38,10,28,38,10,28,38,10,28,37,9,28
1,106,22,84,38,10,28,54,12,42,41,13,28,64,8,56
1,98,30,68,47,14,33,44,16,28,43,15,28,54,14,40
2,110,52,58,54,26,28,55,26,29,54,24,30,54,26,28
4,116,48,68,54,22,32,62,26,36,59,25,34,57,23,34
2,118,38,80,61,18,43,57,20,37,45,19,26,73,19,54
0,102,46,56,50,22,28,52,24,28,57,29,28,45,17,28
1,104,20,84,39,10,29,52,10,42,38,10,28,65,9,56
0,128,58,70,59,28,31,69,30,39,75,37,38,52,20,32
4,106,42,64,52,20,32,54,22,32,51,21,30,55,21,34
3,82,26,56,40,12,28,42,14,28,44,16,28,37,9,28
2,166,48,118,85,24,61,81,24,57,64,22,42,102,26,76
4,104,46,58,51,22,29,53,24,29,56,26,30,48,20,28
4,98,40,58,46,18,28,52,22,30,45,17,28,53,23,30
2,116,44,72,51,20,31,63,24,39,64,24,40,52,20,32
4,104,58,46,53,30,23,51,28,23,46,24,22,58,34,24
1,116,24,92,45,10,35,60,14,46,51,15,36,65,9,56
4,144,46,98,70,22,48,74,24,50,49,21,28,95,25,70
2,100,38,62,49,18,31,51,20,31,49,19,30,51,19,32
4,128,44,84,58,20,38,70,24,46,48,20,28,80,24,56
0,104,48,56,50,22,28,54,26,28,61,33,28,43,15,28
2,110,40,70,50,20,30,60,20,40,46,20,26,64,20,44
3,234,102,132,109,50,59,106,52,54,117,49,68,113,49,64
1,122,28,94,44,12,32,68,16,52,51,13,38,70,14,56
2,120,50,70,59,24,35,61,26,35,52,22,30,67,27,40
1,86,24,62,38,12,26,48,12,36,42,14,28,44,10,34
2,118,44,74,60,22,38,58,22,36,48,20,28,70,24,46
3,80,24,56,38,10,28,42,14,28,43,15,28,37,9,28
2,106,48,58,52,24,28,54,24,30,51,23,28,55,25,30
1,126,32,94,55,16,39,63,16,47,52,14,38,74,18,56
1,126,32,94,60,16,44,63,16,47,55,17,38,71,15,56
0,102,44,58,51,22,29,51,22,29,60,30,30,42,14,28
0,124,62,62,60,30,30,64,32,32,65,33,32,54,24,30
1,122,30,92,50,14,36,65,16,49,52,16,36,70,14,56
3,90,30,60,43,14,29,47,16,31,44,14,30,46,16,30
0,122,64,58,60,32,28,62,32,30,54,28,26,67,35,32
0,104,46,58,54,24,30,50,22,28,59,29,30,45,17,28
0,116,58,58,62,32,30,54,26,28,69,39,30,47,19,28
0,116,54,62,57,26,31,58,28,30,70,36,34,46,18,28
0,96,38,58,49,20,29,47,18,29,47,17,30,49,21,28
0,102,46,56,54,24,30,48,22,26,54,26,28,48,20,28
3,92,34,58,43,14,29,49,20,29,45,15,30,47,19,28
2,130,44,86,66,22,44,64,22,42,50,22,28,80,22,58
1,116,24,92,52,10,42,60,14,46,50,14,36,65,9,56
3,96,32,64,48,16,32,47,16,31,45,15,30,51,17,34
4,108,48,60,54,24,30,53,24,29,62,30,32,46,18,28
0,182,86,96,100,50,50,76,36,40,102,52,50,73,27,46
1,116,24,92,38,10,28,60,14,46,50,14,36,66,10,56
2,128,42,86,62,22,40,66,20,46,46,18,28,82,24,58
1,104,20,84,52,10,42,51,10,41,38,10,28,65,9,56
2,104,42,62,51,20,31,53,22,31,49,21,28,55,21,34
2,146,50,96,81,26,55,65,24,41,52,22,30,94,28,66
0,108,50,58,54,26,28,53,24,29,61,31,30,46,18,28
4,136,38,98,64,18,46,72,20,52,47,19,28,89,19,70
1,114,20,94,39,10,29,57,10,47,49,11,38,65,9,56
2,110,40,70,55,20,35,55,20,35,48,20,28,62,20,42
1,118,24,94,61,14,47,50,10,40,51,13,38,67,11,56
1,108,20,88,54,10,44,54,10,44,44,12,32,64,8,56
2,112,46,66,55,22,33,57,24,33,59,25,34,53,21,32
0,132,52,80,66,26,40,66,26,40,81,29,52,51,23,28
3,120,38,82,60,18,42,60,20,40,63,19,44,55,17,38
3,78,22,56,38,10,28,40,12,28,40,12,28,37,9,28
4,118,46,72,60,24,36,58,22,36,52,20,32,66,26,40
4,106,48,58,53,24,29,53,24,29,59,29,30,47,19,28
2,116,52,64,62,28,34,53,24,29,66,30,36,50,22,28
4,114,54,60,53,26,27,61,28,33,48,22,26,66,32,34
0,96,34,62,47,16,31,48,18,30,50,16,34,46,18,28
0,86,30,56,42,14,28,44,16,28,42,14,28,44,16,28
1,116,22,94,38,10,28,59,12,47,52,14,38,64,8,56
4,106,46,60,52,22,30,54,24,30,53,23,30,52,22,30
4,112,44,68,57,22,35,55,22,33,47,19,28,65,25,40
1,118,30,88,38,10,28,73,20,53,46,14,32,70,14,56
0,98,40,58,48,18,30,50,22,28,50,22,28,47,17,30
0,102,48,54,51,24,27,51,24,27,51,25,26,43,15,28
2,112,40,72,59,20,39,53,20,33,50,20,30,62,20,42
4,146,76,70,90,44,46,56,32,24,78,46,32,68,30,38
2,146,46,100,76,22,54,70,24,46,52,22,30,94,24,70
1,118,26,92,51,12,39,60,14,46,50,14,36,68,12,56
4,112,46,66,54,22,32,57,24,33,45,19,26,67,27,40
1,114,30,84,43,14,29,58,16,42,41,13,28,72,16,56
4,122,64,58,59,30,29,63,34,29,73,43,30,47,19,28
4,114,44,70,56,22,34,58,22,36,50,20,30,64,24,40
1,100,22,78,38,10,28,51,12,39,39,11,28,61,11,50
3,138,56,82,70,32,38,66,24,42,63,27,36,75,29,46
4,106,46,60,52,22,30,54,24,30,49,21,28,57,25,32
0,104,48,56,52,24,28,52,24,28,57,29,28,46,18,28
2,142,58,84,68,26,42,73,32,41,57,25,32,85,33,52
1,106,18,88,36,8,28,54,10,44,42,10,32,64,8,56
0,98,42,56,48,20,28,50,22,28,57,29,28,41,13,28
4,106,50,56,54,26,28,52,24,28,62,34,28,44,16,28
4,90,30,60,44,14,30,45,16,29,45,13,32,45,17,28
0,134,54,80,49,20,29,80,34,46,93,41,52,41,13,28
1,108,30,78,43,12,31,58,18,40,45,15,30,63,15,48
2,102,44,58,51,22,29,51,22,29,50,22,28,52,22,30
1,124,28,96,53,12,41,64,16,48,53,13,40,71,15,56
1,112,22,90,44,10,34,57,12,45,46,12,34,66,10,56
4,130,44,86,65,22,43,65,22,43,54,22,32,76,22,54
1,118,22,96,52,10,42,60,12,48,53,13,40,64,8,56
0,108,48,60,54,24,30,54,24,30,62,30,32,46,18,28
2,174,98,76,86,48,38,88,50,38,116,76,40,58,22,36
3,98,42,56,48,20,28,50,22,28,46,18,28,52,24,28
0,100,48,52,50,24,26,50,24,26,57,31,26,43,17,26
2,120,46,74,62,22,40,57,24,33,59,25,34,61,21,40
1,120,28,92,55,16,39,58,12,46,50,14,36,70,14,56
3,90,30,60,43,14,29,46,16,30,43,13,30,47,17,30
1,122,30,92,60,14,46,56,16,40,54,18,36,68,12,56
3,92,36,56,46,18,28,46,18,28,42,14,28,49,21,28
4,118,40,78,60,20,40,58,20,38,47,19,28,71,21,50
4,114,42,72,58,20,38,56,22,34,49,21,28,65,21,44
4,90,32,58,45,16,29,45,16,29,46,16,30,44,16,28
1,124,28,96,59,16,43,60,12,48,56,16,40,68,12,56
4,112,54,58,55,26,29,57,28,29,53,23,30,59,31,28
1,106,26,80,40,12,28,54,14,40,41,13,28,65,13,52
0,134,58,76,74,30,44,60,28,32,56,24,32,78,34,44
1,122,28,94,59,14,45,61,14,47,55,17,38,67,11,56
0,124,60,64,58,26,32,65,34,31,82,46,36,42,14,28
0,124,64,60,61,32,29,63,32,31,49,23,26,74,40,34
0,108,50,58,55,26,29,53,24,29,60,30,30,48,20,28
4,102,40,62,52,20,32,50,20,30,47,19,28,55,21,34
0,116,52,64,56,24,32,60,28,32,73,37,36,43,15,28
0,112,60,52,58,30,28,54,30,24,52,28,24,60,32,28
0,100,44,56,48,20,28,52,24,28,57,29,28,43,15,28
4,132,50,82,50,20,30,80,30,50,55,21,34,75,27,48
1,88,24,64,38,10,28,46,14,32,41,13,28,47,11,36
2,104,46,58,50,22,28,54,24,30,50,22,28,54,24,30
4,104,42,62,51,20,31,53,22,31,48,20,28,56,22,34
2,120,56,64,58,26,32,62,30,32,56,26,30,63,29,34
0,192,96,96,93,46,47,97,50,47,145,77,68,47,19,28
3,90,24,66,46,12,34,44,12,32,45,11,34,45,13,32
1,124,30,94,60,16,44,61,14,47,56,18,38,68,12,56
2,140,42,98,76,22,54,64,20,44,48,20,28,91,21,70
4,122,40,82,62,20,42,60,20,40,47,19,28,74,20,54
2,102,38,64,49,18,31,53,20,33,49,19,30,53,19,34
3,84,26,58,40,12,28,44,14,30,46,16,30,38,10,28
2,92,34,58,45,16,29,47,18,29,44,16,28,47,17,30
4,120,58,62,58,28,30,61,30,31,55,25,30,64,32,32
1,102,28,74,51,14,37,47,14,33,52,16,36,50,12,38
2,106,42,64,52,20,32,54,22,32,49,21,28,57,21,36
1,122,28,94,60,14,46,61,14,47,54,16,38,67,11,56
0,94,36,58,52,18,34,42,18,24,54,24,30,40,12,28
4,100,40,60,50,20,30,50,20,30,46,18,28,54,22,32
0,108,52,56,52,24,28,56,28,28,62,34,28,46,18,28
0,108,52,56,54,26,28,54,26,28,60,32,28,48,20,28
2,116,42,74,59,20,39,57,22,35,48,20,28,68,22,46
4,118,50,68,49,24,25,69,26,43,52,22,30,66,28,38
0,120,60,60,59,30,29,61,30,31,70,38,32,50,22,28
4,98,40,58,50,22,28,47,18,29,50,20,30,48,20,28
1,120,26,94,60,14,46,59,12,47,52,14,38,68,12,56
2,114,44,70,58,22,36,56,22,34,48,20,28,66,24,42
4,104,44,60,52,22,30,52,22,30,49,21,28,55,23,32
0,104,48,56,52,24,28,52,24,28,58,30,28,46,18,28
3,84,26,58,41,12,29,43,14,29,43,13,30,41,13,28
4,102,38,64,51,18,33,49,20,29,51,21,30,51,17,34
4,192,90,102,81,38,43,110,52,58,108,52,56,81,35,46
3,114,34,80,56,18,38,58,16,42,65,19,46,49,15,34
0,188,76,112,95,40,55,92,36,56,93,39,54,93,35,58
4,328,158,170,134,66,68,190,92,98,143,67,76,182,88,94
0,92,36,56,46,18,28,46,18,28,44,16,28,48,20,28
4,104,40,64,50,20,30,53,20,33,46,18,28,58,22,36
2,108,40,68,50,20,30,58,20,38,50,20,30,58,20,38
4,106,50,56,54,26,28,52,24,28,52,24,28,54,26,28
3,100,34,66,49,16,33,50,18,32,47,17,30,53,17,36
2,112,48,64,53,22,31,59,26,33,53,23,30,58,24,34
4,232,80,152,105,34,71,126,46,80,99,43,56,131,35,96
3,90,32,58,45,16,29,45,16,29,40,10,30,49,21,28
4,126,52,74,59,24,35,65,28,37,58,24,34,68,28,40
3,78,20,58,39,10,29,39,10,29,38,8,30,40,12,28
3,92,28,64,46,14,32,46,14,32,50,14,36,42,14,28
1,112,26,86,57,14,43,54,12,42,41,11,30,70,14,56
0,114,52,62,57,26,31,57,26,31,65,31,34,43,15,28
1,108,24,84,54,12,42,54,12,42,40,12,28,66,10,56
3,120,36,84,58,14,44,62,22,40,77,21,56,43,15,28
0,110,50,60,56,26,30,54,24,30,65,33,32,45,17,28
3,90,32,58,46,16,30,44,16,28,46,16,30,44,16,28
0,106,50,56,52,24,28,54,26,28,60,32,28,41,13,28
4,112,52,60,56,26,30,56,26,30,66,34,32,46,18,28
1,120,22,98,45,10,35,61,12,49,56,14,42,64,8,56
1,112,24,88,56,12,44,54,12,42,45,13,32,67,11,56
1,128,34,94,61,16,45,65,18,47,57,19,38,70,14,56
1,112,28,84,56,14,42,45,14,31,43,15,28,67,11,56
0,128,52,76,66,26,40,62,26,36,68,24,44,60,28,32
3,106,38,68,53,20,33,52,18,34,52,14,38,54,24,30
4,106,40,66,52,20,32,54,20,34,46,18,28,60,22,38
2,128,52,76,61,24,37,67,28,39,59,29,30,69,23,46
0,92,34,58,47,18,29,45,16,29,45,15,30,47,19,28
2,144,48,96,69,22,47,75,26,49,50,22,28,93,25,68
2,118,52,66,59,26,33,59,26,33,50,22,28,68,30,38
3,86,24,62,39,10,29,46,14,32,42,12,30,44,12,32
0,104,48,56,54,26,28,50,22,28,59,31,28,44,16,28
2,128,46,82,63,22,41,65,24,41,62,22,40,63,21,42
3,122,56,66,57,28,29,65,28,37,64,26,38,57,29,28
1,94,24,70,38,10,28,49,14,35,44,12,32,50,12,38
0,122,48,74,59,22,37,63,26,37,72,26,46,50,22,28
3,82,26,56,40,12,28,42,14,28,41,13,28,41,13,28
1,120,32,88,53,16,37,60,16,44,48,14,34,72,18,54
1,92,28,64,46,14,32,43,14,29,39,11,28,52,16,36
0,104,48,56,50,22,28,54,26,28,60,32,28,44,16,28
4,100,42,58,49,20,29,51,22,29,48,18,30,50,22,28
3,76,18,58,36,8,28,39,10,29,41,11,30,35,7,28
0,260,112,148,125,60,65,132,52,80,159,87,72,101,25,76
2,152,54,98,62,24,38,90,30,60,65,27,38,87,27,60
1,122,28,94,61,14,47,46,14,32,53,15,38,69,13,56
3,94,36,58,47,18,29,47,18,29,52,22,30,41,13,28
4,104,48,56,52,24,28,52,24,28,58,30,28,45,17,28
2,114,50,64,56,24,32,58,26,32,53,23,30,60,26,34
1,124,30,94,61,16,45,61,14,47,55,17,38,67,11,56
2,114,56,58,56,28,28,58,28,30,53,25,28,61,31,30
0,98,42,56,48,20,28,50,22,28,57,29,28,41,13,28
4,96,40,56,48,20,28,48,20,28,56,28,28,40,12,28
4,140,48,92,72,24,48,68,24,44,58,24,34,82,24,58
1,118,22,96,50,10,40,60,12,48,54,14,40,64,8,56
0,104,48,56,51,24,27,53,24,29,56,28,28,48,20,28
1,82,24,58,39,12,27,42,12,30,40,12,28,41,11,30
1,110,28,82,53,14,39,55,14,41,40,12,28,70,16,54
3,114,48,66,51,20,31,61,28,33,61,27,34,51,19,32
1,110,26,84,52,14,38,51,12,39,40,12,28,69,13,56
3,86,30,56,42,14,28,44,16,28,45,17,28,41,13,28
1,90,24,66,44,12,32,44,12,32,50,14,36,40,10,30
1,120,22,98,43,12,31,59,10,49,55,13,42,65,9,56
1,110,24,86,41,12,29,55,12,43,44,14,30,66,10,56
2,154,46,108,79,22,57,75,24,51,64,22,42,90,24,66
2,134,42,92,65,20,45,69,22,47,47,19,28,87,23,64
0,106,48,58,53,24,29,53,24,29,60,30,30,45,17,28
1,118,28,90,61,16,45,53,12,41,48,14,34,70,14,56
3,88,30,58,43,14,29,45,16,29,51,21,30,37,9,28
2,102,44,58,51,22,29,51,22,29,50,22,28,52,22,30
4,156,74,82,72,36,36,84,38,46,83,39,44,69,31,38
0,118,58,60,57,28,29,61,30,31,66,36,30,51,21,30
0,102,44,58,51,22,29,51,22,29,60,30,30,42,14,28
0,266,136,130,152,78,74,111,58,53,174,90,84,91,45,46
2,136,64,72,66,30,36,69,34,35,85,41,44,51,23,28
3,82,22,60,39,10,29,42,12,30,39,9,30,43,13,30
4,142,46,96,70,22,48,72,24,48,49,21,28,93,25,68
4,100,42,58,49,20,29,51,22,29,45,19,26,55,23,32
2,110,40,70,59,20,39,51,20,31,48,20,28,62,20,42
0,118,56,62,54,26,28,64,30,34,73,39,34,44,16,28
3,82,24,58,39,10,29,43,14,29,41,11,30,41,13,28
3,100,30,70,49,16,33,48,14,34,62,20,42,38,10,28
1,126,32,94,61,16,45,63,16,47,55,17,38,71,15,56
1,110,24,86,54,12,42,55,12,43,43,13,30,66,10,56
2,100,38,62,51,18,33,49,20,29,45,19,26,55,19,36
1,116,22,94,44,10,34,59,12,47,52,14,38,64,8,56
1,124,30,94,54,14,40,65,16,49,55,17,38,68,12,56
3,86,28,58,43,14,29,43,14,29,46,16,30,40,12,28
2,106,44,62,54,22,32,52,22,30,50,22,28,56,22,34
1,120,26,94,52,12,40,61,14,47,52,14,38,66,10,56
0,90,30,60,44,14,30,46,16,30,45,15,30,45,15,30
3,114,36,78,57,18,39,57,18,39,62,20,42,52,16,36
3,104,46,58,53,24,29,51,22,29,56,26,30,47,19,28
4,202,86,116,109,48,61,91,38,53,92,36,56,109,49,60
1,104,20,84,50,10,40,52,10,42,39,11,28,63,7,56
4,420,204,216,240,114,126,174,90,84,245,113,132,167,83,84
3,90,34,56,44,16,28,45,18,27,43,17,26,47,17,30
0,118,56,62,59,28,31,59,28,31,56,26,30,62,30,32
0,118,52,66,54,24,30,64,28,36,65,31,34,52,20,32
1,118,30,88,60,16,44,56,14,42,50,18,32,67,11,56
2,112,48,64,56,24,32,56,24,32,52,24,28,60,24,36
0,98,36,62,47,18,29,49,18,31,50,22,28,48,14,34
2,116,50,66,61,28,33,54,22,32,46,20,26,70,30,40
2,102,38,64,49,18,31,52,20,32,49,19,30,53,19,34
1,120,24,96,48,12,36,60,12,48,54,14,40,66,10,56
3,112,34,78,53,16,37,59,18,41,65,19,46,47,15,32
1,78,22,56,38,10,28,40,12,28,39,11,28,39,11,28
1,120,28,92,52,14,38,59,14,45,53,17,36,67,11,56
0,94,36,58,47,18,29,46,18,28,47,17,30,47,19,28
0,108,52,56,52,24,28,56,28,28,64,36,28,44,16,28
0,112,50,62,52,22,30,59,28,31,64,32,32,48,18,30
2,126,56,70,63,28,35,62,28,34,70,30,40,54,24,30
3,80,24,56,40,12,28,40,12,28,43,15,28,37,9,28
3,92,28,64,45,14,31,46,14,32,47,13,34,45,15,30
3,72,14,58,35,6,29,37,8,29,37,7,30,35,7,28
3,98,42,56,48,20,28,50,22,28,55,27,28,43,15,28
4,288,108,180,158,56,102,128,52,76,135,55,80,153,53,100
0,104,46,58,50,22,28,54,24,30,60,30,30,44,16,28
4,100,44,56,50,22,28,50,22,28,53,25,28,46,18,28
0,116,60,56,57,30,27,58,30,28,65,37,28,49,21,28
3,94,32,62,47,16,31,47,16,31,46,12,34,48,20,28
3,88,30,58,46,16,30,42,14,28,47,17,30,40,12,28
0,88,28,60,44,14,30,43,14,29,43,13,30,45,15,30
2,114,42,72,57,22,35,57,20,37,50,20,30,64,22,42
4,98,42,56,48,20,28,50,22,28,47,19,28,51,23,28
3,212,84,128,87,40,47,121,44,77,137,57,80,73,25,48
0,150,72,78,58,24,34,87,48,39,107,57,50,43,15,28
0,98,42,56,48,20,28,50,22,28,56,28,28,42,14,28
0,104,46,58,52,22,30,52,24,28,62,32,30,42,14,28
4,94,38,56,48,20,28,46,18,28,47,19,28,46,18,28
4,182,58,124,100,30,70,81,28,53,73,29,44,109,29,80
3,94,34,60,47,16,31,47,18,29,55,23,32,39,11,28
0,102,48,54,53,26,27,49,22,27,50,24,26,52,24,28
3,114,44,70,54,20,34,60,24,36,65,23,42,49,21,28
1,112,28,84,50,14,36,53,14,39,47,13,34,63,13,50
0,106,50,56,52,24,28,54,26,28,63,35,28,43,15,28
2,106,38,68,52,18,34,54,20,34,47,19,28,59,19,40
1,120,28,92,38,10,28,64,18,46,50,14,36,69,13,56
1,110,22,88,47,10,37,56,12,44,46,14,32,63,7,56
1,112,20,92,54,10,44,57,10,47,52,14,38,60,6,54
4,116,54,62,61,28,33,55,26,29,52,22,30,63,31,32
2,150,62,88,74,30,44,75,32,43,75,37,38,73,23,50
1,118,22,96,49,10,39,60,12,48,54,14,40,64,8,56
1,116,38,78,50,18,32,59,20,39,47,19,28,69,19,50
2,148,80,68,76,38,38,72,42,30,92,54,38,56,26,30
2,92,34,58,45,16,29,47,18,29,45,17,28,47,17,30
2,110,42,68,54,20,34,56,22,34,52,22,30,58,20,38
0,106,50,56,52,24,28,54,26,28,61,33,28,45,17,28
4,120,44,76,61,22,39,59,22,37,47,19,28,72,24,48
4,108,50,58,53,24,29,55,26,29,64,34,30,44,16,28
0,96,38,58,49,20,29,47,18,29,48,18,30,47,19,28
2,110,38,72,51,18,33,59,20,39,45,17,28,65,21,44
4,120,44,76,65,22,43,55,22,33,49,21,28,71,23,48
4,112,50,62,54,24,30,58,26,32,49,21,28,62,28,34
1,108,22,86,42,10,32,55,12,43,42,12,30,65,9,56
0,104,48,56,47,20,27,57,28,29,63,33,30,41,15,26
4,144,74,70,73,38,35,69,36,33,86,44,42,58,30,28
1,86,30,56,42,14,28,44,16,28,42,14,28,44,16,28
2,126,44,82,64,22,42,62,22,40,53,21,32,72,22,50
0,222,112,110,78,36,42,141,76,65,154,78,76,68,34,34
2,104,42,62,51,20,31,53,22,31,49,21,28,55,21,34
3,98,36,62,48,16,32,50,20,30,53,19,34,45,17,28
4,128,62,66,65,30,35,63,32,31,57,27,30,70,34,36
0,150,84,66,66,36,30,83,48,35,55,25,30,95,59,36
1,122,28,94,60,14,46,61,14,47,52,14,38,69,13,56
3,88,28,60,43,14,29,44,14,30,46,14,32,42,14,28
1,118,24,94,38,10,28,61,14,47,52,14,38,66,10,56
1,106,28,78,52,14,38,52,14,38,40,12,28,66,16,50
1,104,20,84,36,8,28,54,12,42,42,10,32,62,10,52
4,134,62,72,66,32,34,68,30,38,48,24,24,86,38,48
4,92,34,58,45,16,29,47,18,29,47,17,30,45,17,28
2,128,42,86,61,22,39,67,20,47,48,20,28,79,21,58
1,102,24,78,38,10,28,53,14,39,43,13,30,58,10,48
2,100,40,60,51,20,31,49,20,29,48,20,28,52,20,32
0,110,50,60,54,24,30,56,26,30,63,31,32,47,19,28
2,128,48,80,65,24,41,63,24,39,48,20,28,78,26,52
0,240,116,124,142,54,88,91,62,29,156,82,74,74,24,50
0,110,50,60,53,24,29,55,26,29,69,37,32,41,13,28
2,126,64,62,63,32,31,63,32,31,52,24,28,72,38,34
4,106,42,64,52,20,32,54,22,32,47,19,28,59,23,36
2,96,38,58,47,18,29,49,20,29,49,19,30,47,19,28
1,124,30,94,48,14,34,66,16,50,54,16,38,70,14,56
0,88,30,58,43,14,29,45,16,29,45,15,30,43,15,28
2,108,44,64,53,22,31,55,22,33,49,21,28,58,22,36
2,108,42,66,56,20,36,52,22,30,47,21,26,61,21,40
1,124,24,100,55,10,45,64,14,50,59,15,44,65,9,56
2,104,40,64,52,20,32,52,20,32,46,18,28,56,20,36
1,94,22,72,38,10,28,48,12,36,40,12,28,54,10,44
2,120,44,76,61,22,39,59,22,37,48,20,28,72,24,48
3,76,16,60,36,6,30,39,10,29,41,9,32,35,7,28
3,70,12,58,34,6,28,35,6,29,34,6,28,36,6,30
3,110,36,74,58,20,38,51,16,35,67,21,46,42,14,28
4,138,50,88,73,26,47,65,24,41,56,22,34,82,28,54
0,108,50,58,53,24,29,55,26,29,63,33,30,45,17,28
0,112,54,58,58,28,30,54,26,28,64,34,30,46,18,28
4,108,48,60,56,26,30,52,22,30,50,22,28,57,25,32
4,142,38,104,70,18,52,72,20,52,47,19,28,95,19,76
2,96,36,60,49,18,31,47,18,29,46,18,28,50,18,32
4,104,48,56,52,24,28,52,24,28,59,31,28,45,17,28
3,106,32,74,43,14,29,63,18,45,59,17,42,47,15,32
3,92,34,58,47,18,29,44,16,28,44,14,30,48,20,28
1,122,28,94,48,10,38,65,18,47,50,12,38,72,16,56
0,104,48,56,52,24,28,52,24,28,61,33,28,43,15,28
3,96,40,56,46,18,28,50,22,28,47,19,28,49,21,28
3,106,40,66,53,20,33,53,20,33,58,20,38,47,19,28
3,100,42,58,51,22,29,49,20,29,53,23,30,45,17,28
2,128,48,80,70,24,46,58,24,34,50,22,28,78,26,52
3,102,46,56,49,22,27,53,24,29,58,30,28,43,15,28
3,84,28,56,42,14,28,42,14,28,42,14,28,42,14,28
4,118,44,74,64,22,42,54,22,32,50,22,28,68,22,46
1,108,20,88,39,10,29,54,10,44,45,13,32,63,7,56
0,110,54,56,54,26,28,56,28,28,63,35,28,47,19,28
2,106,44,62,49,20,29,57,24,33,53,23,30,53,21,32
1,118,28,90,59,14,45,58,14,44,49,15,34,68,12,56
4,100,44,56,48,20,28,52,24,28,58,30,28,42,14,28
4,98,42,56,50,22,28,48,20,28,55,27,28,43,15,28
1,160,62,98,80,32,48,77,30,47,77,33,44,80,26,54
2,98,40,58,49,20,29,49,20,29,49,21,28,49,19,30
4,96,42,54,47,20,27,49,22,27,47,19,28,49,23,26
4,192,78,114,103,42,61,88,36,52,56,26,30,136,52,84
2,156,44,112,75,22,53,81,22,59,65,23,42,91,21,70
0,102,46,56,50,22,28,52,24,28,60,32,28,42,14,28
2,118,46,72,57,22,35,61,24,37,59,25,34,58,20,38
0,122,52,70,58,26,32,62,26,36,75,35,40,47,17,30
0,102,44,58,49,20,29,53,24,29,59,29,30,43,15,28
2,102,38,64,50,18,32,52,20,32,47,19,28,55,19,36
3,98,32,66,50,16,34,48,16,32,49,13,36,49,19,30
1,110,32,78,41,14,27,58,18,40,43,15,28,67,17,50
3,76,16,60,37,8,29,38,8,30,41,9,32,35,7,28
4,110,52,58,55,26,29,55,26,29,61,31,30,47,19,28
0,112,50,62,51,22,29,60,28,32,62,32,30,50,18,32
0,120,48,72,62,24,38,58,24,34,50,20,30,70,28,42
1,118,22,96,42,10,32,60,12,48,54,14,40,64,8,56
2,98,40,58,49,20,29,49,20,29,48,20,28,50,20,30
0,124,48,76,49,22,27,74,26,48,65,25,40,59,23,36
2,144,58,86,70,28,42,74,30,44,85,37,48,58,20,38
2,236,72,164,101,30,71,134,42,92,142,50,92,94,22,72
1,112,22,90,38,10,28,58,12,46,48,14,34,64,8,56
4,132,64,68,64,30,34,67,34,33,63,29,34,69,35,34
0,120,58,62,59,28,31,61,30,31,74,40,34,45,17,28
1,112,32,80,56,16,40,50,16,34,44,16,28,68,16,52
1,108,24,84,38,10,28,56,14,42,53,13,40,54,10,44
0,108,52,56,52,24,28,56,28,28,63,35,28,45,17,28
0,128,52,76,63,26,37,65,26,39,60,24,36,68,28,40
4,106,50,56,54,26,28,52,24,28,61,33,28,44,16,28
4,166,76,90,74,34,40,92,42,50,90,42,48,75,33,42
4,126,52,74,62,26,36,64,26,38,50,22,28,76,30,46
4,98,58,40,49,30,19,48,28,20,42,22,20,55,35,20
4,114,56,58,59,30,29,55,26,29,56,26,30,58,30,28
2,190,66,124,97,34,63,91,32,59,92,38,54,95,25,70
3,94,38,56,45,18,27,49,20,29,53,25,28,41,13,28
2,130,48,82,70,24,46,60,24,36,51,21,30,79,27,52
0,114,54,60,59,28,31,55,26,29,64,32,32,50,22,28
1,108,24,84,54,12,42,54,12,42,40,12,28,66,10,56
0,96,42,54,49,22,27,47,20,27,54,28,26,42,14,28
3,130,46,84,60,22,38,70,24,46,71,25,46,59,21,38
3,112,34,78,56,16,40,56,18,38,56,18,38,56,16,40
0,108,52,56,54,26,28,54,26,28,64,36,28,43,15,28
0,118,60,58,60,30,30,58,30,28,54,26,28,64,34,30
3,76,20,56,38,10,28,38,10,28,40,12,28,36,8,28
3,120,38,82,58,18,40,62,20,42,67,19,48,53,19,34
2,110,44,66,58,24,34,52,20,32,52,22,30,58,22,36
4,100,40,60,50,20,30,49,20,29,52,20,32,48,20,28
1,122,42,80,62,22,40,59,20,39,49,21,28,73,21,52
3,120,50,70,61,26,35,57,24,33,77,35,42,42,14,28
0,102,44,58,51,22,29,51,22,29,57,27,30,44,16,28
3,90,28,62,45,14,31,45,14,31,48,14,34,42,14,28
2,98,36,62,49,18,31,49,18,31,46,18,28,52,18,34
4,104,44,60,52,22,30,52,22,30,55,23,32,49,21,28
4,116,46,70,56,22,34,59,24,35,58,24,34,57,21,36
4,104,42,62,52,20,32,52,22,30,49,21,28,55,21,34
1,118,24,94,39,10,29,61,14,47,51,13,38,66,10,56
0,96,40,56,48,20,28,48,20,28,54,26,28,42,14,28
0,106,50,56,52,24,28,54,26,28,62,34,28,44,16,28
3,116,56,60,57,26,31,59,30,29,54,22,32,61,33,28
0,106,48,58,54,24,30,52,24,28,51,23,28,55,25,30
1,116,22,94,38,10,28,59,12,47,52,14,38,64,8,56
2,178,62,116,79,28,51,99,34,65,85,37,48,92,24,68
0,116,56,60,54,26,28,62,30,32,73,41,32,42,14,28
4,106,46,60,55,24,31,51,22,29,51,21,30,54,24,30
1,108,22,86,38,10,28,55,12,43,43,13,30,65,9,56
0,166,82,84,78,40,38,86,42,44,93,49,44,72,32,40
2,140,48,92,66,22,44,74,26,48,53,21,32,83,23,60
2,102,40,62,51,20,31,51,20,31,48,20,28,54,20,34
3,86,28,58,43,14,29,43,14,29,44,14,30,42,14,28
0,106,46,60,52,22,30,54,24,30,64,32,32,42,14,28
4,94,36,58,46,18,28,47,18,29,47,17,30,46,18,28
4,108,42,66,54,20,34,54,22,32,49,21,28,59,21,38
1,76,20,56,38,10,28,38,10,28,40,12,28,36,8,28
0,110,54,56,52,24,28,58,30,28,63,35,28,47,19,28
0,102,46,56,50,22,28,52,24,28,58,30,28,44,16,28
0,116,42,74,60,24,36,56,18,38,67,23,44,49,19,30
3,146,64,82,75,34,41,69,30,39,66,26,40,79,37,42
3,90,34,56,44,16,28,46,18,28,44,16,28,46,18,28
2,156,44,112,78,22,56,78,22,56,55,23,32,101,21,80
2,136,56,80,66,26,40,69,30,39,70,34,36,66,22,44
3,124,50,74,62,24,38,62,26,36,71,25,46,52,24,28
3,98,38,60,48,18,30,50,20,30,57,25,32,41,13,28
1,116,26,90,59,14,45,57,12,45,48,14,34,68,12,56
3,86,28,58,43,14,29,43,14,29,48,18,30,38,10,28
1,116,24,92,49,12,37,58,12,46,50,14,36,66,10,56
0,106,50,56,52,24,28,54,26,28,58,30,28,44,16,28
0,90,32,58,45,16,29,45,16,29,45,15,30,45,17,28
3,166,86,80,82,44,38,83,42,41,56,22,34,107,61,46
3,120,40,80,54,18,36,65,22,43,78,28,50,42,12,30
3,86,30,56,42,14,28,44,16,28,43,15,28,43,15,28
0,102,46,56,50,22,28,52,24,28,57,29,28,44,16,28
4,116,44,72,52,20,32,64,24,40,48,20,28,68,24,44
2,116,48,68,54,22,32,61,26,35,63,27,36,53,21,32
2,206,66,140,86,30,56,119,36,83,121,43,78,85,23,62
4,110,46,64,51,22,29,59,24,35,50,22,28,60,24,36
4,160,52,108,82,26,56,78,26,52,50,20,30,109,31,78
0,100,44,56,50,22,28,50,22,28,58,30,28,42,14,28
3,172,62,110,70,22,48,101,40,61,80,34,46,91,27,64
4,164,48,116,82,24,58,82,24,58,58,26,32,105,21,84
2,148,50,98,76,24,52,72,26,46,55,23,32,92,26,66
0,110,52,58,55,26,29,55,26,29,66,36,30,44,16,28
1,120,28,92,53,14,39,60,14,46,52,16,36,68,12,56
2,120,44,76,57,20,37,62,24,38,54,22,32,66,22,44
0,166,88,78,82,44,38,82,44,38,106,60,46,57,25,32
0,132,46,86,61,20,41,71,26,45,79,25,54,53,21,32
4,108,44,64,53,20,33,55,24,31,47,19,28,61,25,36
3,90,28,62,44,14,30,45,14,31,46,14,32,44,14,30
3,92,34,58,45,16,29,47,18,29,47,17,30,44,16,28
3,90,32,58,45,16,29,45,16,29,52,22,30,38,10,28
0,108,44,64,51,20,31,57,24,33,59,23,36,49,21,28
2,148,50,98,79,24,55,69,26,43,60,24,36,88,26,62
2,152,48,104,72,24,48,80,24,56,56,22,34,94,24,70
0,130,52,78,62,24,38,68,28,40,81,31,50,49,21,28
3,86,28,58,43,14,29,42,14,28,42,14,28,44,14,30
3,110,46,64,51,22,29,59,24,35,58,22,36,46,18,28
3,98,44,54,49,22,27,49,22,27,48,20,28,50,24,26
1,112,20,92,38,10,28,56,10,46,46,10,36,66,10,56
1,122,28,94,55,14,41,61,14,47,54,16,38,68,12,56
3,90,34,56,44,16,28,46,18,28,44,16,28,46,18,28
2,108,40,68,53,20,33,54,20,34,51,19,32,57,21,36
3,98,40,58,47,18,29,51,22,29,51,21,30,47,19,28
3,86,28,58,43,14,29,43,14,29,46,16,30,40,12,28
1,110,20,90,55,10,45,49,10,39,47,13,34,63,7,56
1,118,20,98,59,10,49,53,10,43,54,12,42,62,6,56
0,160,78,82,75,36,39,83,42,41,116,62,54,44,16,28
2,106,36,70,53,18,35,53,18,35,46,18,28,60,18,42
0,94,38,56,46,18,28,48,20,28,51,23,28,42,14,28
2,148,46,102,75,24,51,73,22,51,51,21,30,95,23,72
1,118,26,92,54,14,40,58,12,46,50,14,36,67,11,56
1,134,44,90,65,22,43,68,22,46,50,14,36,84,30,54
4,146,42,104,74,20,54,72,22,50,48,20,28,98,22,76
2,164,58,106,85,30,55,79,28,51,64,26,38,99,31,68
0,122,60,62,61,30,31,61,30,31,70,36,34,51,23,28
2,114,44,70,57,22,35,57,22,35,52,22,30,62,22,40
0,98,44,54,49,22,27,49,22,27,54,28,26,44,16,28
1,114,22,92,47,10,37,58,12,46,48,12,36,66,10,56
1,106,22,84,38,10,28,54,12,42,41,13,28,64,8,56
2,100,36,64,50,18,32,50,18,32,50,18,32,50,18,32
4,108,44,64,54,22,32,53,22,31,55,23,32,53,21,32
4,108,50,58,53,24,29,55,26,29,64,34,30,44,16,28
2,124,54,70,63,28,35,60,26,34,67,33,34,57,21,36
3,78,22,56,38,10,28,40,12,28,41,13,28,37,9,28
3,112,46,66,53,22,31,59,24,35,59,21,38,53,25,28
1,118,28,90,42,12,30,66,16,50,48,12,36,70,16,54
3,162,64,98,66,26,40,94,38,56,112,48,64,50,16,34
3,120,42,78,64,20,44,56,22,34,61,19,42,57,21,36
0,284,86,198,117,40,77,152,46,106,151,63,88,132,22,110
0,136,66,70,77,38,39,57,28,29,69,35,34,63,27,36
3,92,28,64,44,12,32,48,16,32,50,14,36,42,14,28
1,122,26,96,47,12,35,64,14,50,53,13,40,69,13,56
1,102,22,80,39,10,29,52,12,40,41,13,28,60,8,52
1,96,26,70,38,10,28,51,16,35,41,13,28,55,13,42
4,106,42,64,54,20,34,52,22,30,49,21,28,57,21,36
0,116,50,66,49,20,29,67,30,37,71,33,38,45,17,28
3,92,34,58,46,16,30,46,18,28,44,16,28,48,18,30
2,112,44,68,55,22,33,57,22,35,46,18,28,64,24,40
0,104,48,56,52,24,28,52,24,28,57,29,28,47,19,28
2,154,46,108,77,22,55,77,24,53,58,22,36,96,24,72
4,100,44,56,50,22,28,50,22,28,58,30,28,42,14,28
3,120,56,64,61,28,33,59,28,31,73,39,34,47,17,30
3,84,28,56,42,14,28,42,14,28,46,18,28,38,10,28
2,124,40,84,61,20,41,62,20,42,50,20,30,74,20,54
2,130,48,82,62,22,40,68,26,42,51,23,28,79,25,54
3,102,40,62,50,20,30,51,20,31,54,20,34,47,19,28
4,120,42,78,62,20,42,58,22,36,47,19,28,73,23,50
4,112,46,66,58,24,34,54,22,32,49,21,28,63,25,38
1,112,24,88,39,10,29,58,14,44,48,14,34,64,10,54
3,122,54,68,59,26,33,62,28,34,62,26,36,59,27,32
2,102,42,60,50,20,30,52,22,30,50,20,30,52,22,30
3,86,28,58,41,12,29,45,16,29,42,12,30,43,15,28
1,86,28,58,43,14,29,42,14,28,42,14,28,44,14,30
1,106,22,84,38,10,28,54,12,42,42,14,28,63,7,56
0,154,56,98,74,28,46,80,28,52,70,26,44,81,27,54
0,100,44,56,50,22,28,50,22,28,58,30,28,42,14,28
3,80,20,60,36,8,28,42,12,30,41,9,32,38,10,28
3,106,44,62,50,20,30,55,24,31,47,17,30,57,25,32
1,108,22,86,48,10,38,55,12,43,44,14,30,63,7,56
1,114,22,92,38,10,28,58,12,46,49,13,36,65,9,56
0,112,54,58,55,26,29,57,28,29,63,33,30,49,21,28
1,120,24,96,50,12,38,60,12,48,53,13,40,67,11,56
0,102,46,56,50,22,28,52,24,28,55,27,28,47,19,28
2,96,38,58,47,18,29,49,20,29,47,19,28,49,19,30
3,80,22,58,39,10,29,41,12,29,39,9,30,40,12,28
2,128,52,76,65,24,41,63,28,35,62,28,34,64,22,42
4,106,42,64,53,22,31,53,20,33,48,20,28,58,22,36
3,134,40,94,66,20,46,68,20,48,77,23,54,54,14,40
0,110,52,58,55,26,29,55,26,29,64,34,30,45,17,28
0,120,52,68,60,26,34,60,26,34,72,32,40,48,20,28
3,90,34,56,44,16,28,46,18,28,49,21,28,39,11,28
1,114,22,92,58,12,46,51,10,41,51,15,36,63,7,56
2,146,56,90,74,28,46,72,28,44,62,24,38,81,29,52
4,92,34,58,44,16,28,48,18,30,43,15,28,49,19,30
3,98,40,58,50,20,30,48,20,28,57,27,30,39,11,28
0,102,44,58,51,22,29,51,22,29,58,28,30,44,16,28
0,110,52,58,56,26,30,54,26,28,62,32,30,48,20,28
0,128,52,76,65,28,37,61,24,37,81,33,48,47,19,28
3,76,20,56,38,10,28,38,10,28,40,12,28,36,8,28
3,90,32,58,43,14,29,47,18,29,45,15,30,44,16,28
1,118,22,96,38,10,28,60,12,48,54,14,40,64,8,56
1,124,26,98,52,12,40,63,14,49,56,14,42,68,12,56
1,126,32,94,60,18,42,61,14,47,56,18,38,70,14,56
3,104,46,58,50,22,28,54,24,30,52,24,28,52,22,30
2,162,46,116,79,24,55,82,22,60,68,22,46,94,24,70
2,114,38,76,56,18,38,58,20,38,47,19,28,67,19,48
2,120,46,74,59,20,39,61,26,35,53,23,30,67,23,44
4,132,66,66,59,28,31,73,38,35,75,37,38,56,28,28
4,144,64,80,73,34,39,69,30,39,83,41,42,61,23,38
3,94,38,56,46,18,28,48,20,28,45,17,28,49,21,28
4,112,54,58,56,26,30,56,28,28,58,28,30,51,23,28
4,238,102,136,106,48,58,131,54,77,130,60,70,107,41,66
4,106,48,58,54,24,30,52,24,28,60,30,30,46,18,28
1,98,24,74,40,10,30,51,14,37,42,14,28,55,9,46
2,158,44,114,78,22,56,80,22,58,58,24,34,100,20,80
3,104,44,60,52,22,30,52,22,30,64,32,32,40,12,28
3,104,48,56,50,22,28,54,26,28,55,27,28,49,21,28
3,84,28,56,42,14,28,42,14,28,41,13,28,43,15,28
0,136,56,80,69,30,39,66,26,40,87,35,52,49,21,28
0,96,40,56,48,20,28,48,20,28,54,26,28,42,14,28
3,92,34,58,44,16,28,48,18,30,47,17,30,45,17,28
3,84,26,58,37,12,25,46,14,32,40,12,28,43,13,30
2,150,68,82,74,34,40,76,34,42,62,30,32,87,37,50
1,102,26,76,52,14,38,45,12,33,42,14,28,60,12,48
2,170,64,106,85,32,53,85,32,53,76,28,48,94,36,58
2,106,50,56,52,24,28,54,26,28,51,23,28,55,27,28
1,110,24,86,55,12,43,54,12,42,41,11,30,68,12,56
2,136,44,92,68,22,46,68,22,46,52,18,34,78,20,58
2,150,74,76,76,34,42,74,40,34,82,50,32,68,24,44
2,108,42,66,53,20,33,55,22,33,51,21,30,57,21,36
2,118,42,76,59,20,39,59,22,37,48,20,28,70,22,48
3,110,48,62,60,28,32,50,20,30,47,19,28,62,28,34
1,128,30,98,52,12,40,67,18,49,58,16,42,70,14,56
3,104,40,64,47,16,31,56,24,32,58,26,32,46,14,32
3,98,36,62,47,18,29,49,18,31,51,17,34,47,19,28
0,98,30,68,50,16,34,47,14,33,54,14,40,44,16,28
1,78,20,58,39,10,29,39,10,29,40,12,28,38,8,30
2,262,108,154,143,58,85,119,50,69,122,58,64,139,49,90
3,86,30,56,42,14,28,44,16,28,44,16,28,42,14,28
2,114,48,66,59,24,35,54,24,30,61,27,34,53,21,32
0,110,52,58,52,24,28,58,28,30,68,38,30,42,14,28
4,112,46,66,52,20,32,60,26,34,51,21,30,61,25,36
0,96,36,60,46,16,30,50,20,30,51,19,32,45,17,28
4,102,46,56,50,22,28,52,24,28,61,33,28,41,13,28
4,98,40,58,48,20,28,49,20,29,56,26,30,42,14,28
3,142,64,78,72,32,40,68,32,36,77,33,44,64,30,34
3,94,32,62,47,16,31,47,16,31,56,22,34,38,10,28
0,104,48,56,50,22,28,54,26,28,60,32,28,44,16,28
1,80,24,56,40,12,28,40,12,28,42,14,28,37,9,28
0,112,52,60,58,26,32,54,26,28,69,37,32,43,15,28
0,112,56,56,56,28,28,56,28,28,64,36,28,48,20,28
3,86,30,56,41,14,27,44,16,28,42,14,28,44,16,28
4,102,46,56,52,24,28,50,22,28,50,22,28,52,24,28
4,100,40,60,51,20,31,49,20,29,48,20,28,52,20,32
0,114,54,60,53,26,27,60,28,32,65,33,32,49,21,28
4,98,42,56,48,20,28,50,22,28,51,23,28,47,19,28
1,100,24,76,38,10,28,52,14,38,42,14,28,58,10,48
3,124,50,74,63,24,39,60,26,34,76,32,44,48,18,30
0,116,52,64,57,26,31,57,26,31,55,25,30,61,27,34
4,106,50,56,54,26,28,52,24,28,51,23,28,54,26,28
2,132,48,84,65,24,41,67,24,43,76,28,48,56,20,36
4,158,48,110,76,22,54,82,26,56,49,21,28,108,26,82
4,128,56,72,54,24,30,72,32,40,59,25,34,68,30,38
2,132,52,80,67,24,43,65,28,37,52,22,30,79,29,50
0,274,170,104,131,78,53,139,92,47,161,103,58,113,67,46
3,108,38,70,53,18,35,55,20,35,60,20,40,48,18,30
1,108,22,86,38,10,28,55,12,43,44,14,30,64,8,56
3,86,30,56,42,14,28,44,16,28,42,14,28,44,16,28
0,106,50,56,50,22,28,56,28,28,61,33,28,45,17,28
0,104,48,56,52,24,28,52,24,28,61,33,28,42,14,28
0,104,48,56,52,24,28,52,24,28,56,28,28,45,17,28
3,86,24,62,43,12,31,43,12,31,44,10,34,42,14,28
4,112,46,66,56,22,34,56,24,32,51,21,30,61,25,36
4,112,42,70,58,20,38,54,22,32,47,19,28,64,22,42
4,122,48,74,55,22,33,66,26,40,49,21,28,73,27,46
0,102,46,56,50,22,28,52,24,28,59,31,28,43,15,28
2,130,44,86,68,22,46,62,22,40,48,20,28,82,24,58
2,104,44,60,51,22,29,53,22,31,50,22,28,54,22,32
4,102,38,64,50,18,32,52,20,32,47,19,28,55,19,36
1,112,20,92,56,10,46,56,10,46,49,13,36,63,7,56
1,110,24,86,53,12,41,55,12,43,44,14,30,65,9,56
2,110,44,66,55,22,33,55,22,33,51,23,28,59,21,38
4,114,50,64,53,24,29,60,26,34,52,22,30,62,28,34
3,100,36,64,48,18,30,52,18,34,56,20,36,44,16,28
1,112,20,92,56,10,46,50,10,40,49,13,36,63,7,56
3,102,38,64,52,20,32,50,18,32,54,20,34,46,16,30
3,84,24,60,39,10,29,45,14,31,44,12,32,39,11,28
0,144,76,68,64,32,32,78,44,34,65,35,30,79,41,38
4,120,62,58,62,32,30,58,30,28,63,31,32,56,30,26
0,106,50,56,52,24,28,54,26,28,63,35,28,43,15,28
3,96,34,62,48,16,32,48,18,30,53,19,34,43,15,28
3,98,40,58,49,20,29,49,20,29,51,21,30,47,19,28
0,100,44,56,48,20,28,52,24,28,57,29,28,43,15,28
2,108,42,66,53,20,33,55,22,33,52,22,30,56,20,36
3,140,56,84,70,28,42,70,28,42,78,30,48,60,24,36
1,100,26,74,39,10,29,53,16,37,47,13,34,53,13,40
3,118,44,74,60,22,38,58,22,36,72,26,46,45,17,28
0,92,34,58,45,16,29,47,18,29,48,18,30,44,16,28
3,110,36,74,54,18,36,56,18,38,54,18,36,53,15,38
3,88,32,56,44,16,28,44,16,28,48,20,28,40,12,28
4,130,44,86,64,22,42,66,22,44,48,20,28,82,24,58
2,138,46,92,72,24,48,66,22,44,61,25,36,76,20,56
2,170,52,118,84,26,58,86,26,60,65,23,42,104,28,76
2,162,68,94,75,32,43,87,36,51,76,34,42,83,31,52
2,118,44,74,62,22,40,56,22,34,49,19,30,68,24,44
2,106,52,54,53,26,27,53,26,27,52,24,28,52,26,26
1,124,26,98,45,12,33,63,14,49,56,14,42,68,12,56
4,104,42,62,49,20,29,54,22,32,48,20,28,55,21,34
3,84,28,56,42,14,28,42,14,28,46,18,28,38,10,28
3,126,48,78,67,26,41,59,22,37,62,24,38,64,24,40
3,134,44,90,65,22,43,69,22,47,82,22,60,51,21,30
2,102,38,64,55,20,35,47,18,29,46,18,28,56,20,36
4,104,44,60,50,20,30,54,24,30,63,31,32,41,13,28
2,128,40,88,64,20,44,64,20,44,48,20,28,80,20,60
3,92,32,60,41,14,27,50,18,32,51,19,32,41,13,28
0,106,48,58,52,24,28,54,24,30,62,32,30,44,16,28
2,118,46,72,62,24,38,55,22,33,50,22,28,68,24,44
4,160,56,104,60,24,36,100,32,68,68,26,42,90,28,62
1,112,28,84,55,16,39,53,12,41,46,16,30,66,12,54
3,104,42,62,49,20,29,53,22,31,65,31,34,39,11,28
4,110,44,66,57,22,35,53,22,31,50,22,28,60,22,38
4,130,42,88,70,22,48,60,20,40,47,19,28,82,22,60
4,118,50,68,58,24,34,60,26,34,49,21,28,69,29,40
1,122,32,90,49,14,35,65,18,47,55,17,38,67,15,52
2,112,42,70,55,20,35,57,22,35,49,21,28,63,21,42
2,248,120,128,124,64,60,121,56,65,109,55,54,132,58,74
2,134,48,86,65,24,41,69,24,45,54,22,32,78,24,54
2,104,42,62,53,22,31,51,20,31,49,21,28,55,21,34
4,100,44,56,50,22,28,50,22,28,57,29,28,41,13,28
1,116,22,94,38,10,28,59,12,47,51,13,38,64,8,56
4,132,66,66,66,32,34,66,34,32,68,32,36,64,34,30
3,102,40,62,51,20,31,51,20,31,51,17,34,50,22,28
4,108,48,60,54,24,30,54,24,30,63,31,32,45,17,28
1,126,48,78,63,24,39,63,24,39,51,23,28,74,24,50
0,104,48,56,52,24,28,52,24,28,61,33,28,43,15,28
2,98,38,60,48,18,30,50,20,30,47,19,28,51,19,32
0,98,30,68,51,16,35,47,14,33,54,14,40,44,16,28
4,172,84,88,94,46,48,78,38,40,95,47,48,77,37,40
0,108,52,56,54,26,28,54,26,28,54,26,28,50,22,28
3,100,40,60,50,20,30,50,20,30,55,23,32,44,16,28
3,112,40,72,55,20,35,57,20,37,64,20,44,48,20,28
3,92,34,58,45,16,29,47,18,29,48,18,30,44,16,28
3,84,26,58,41,12,29,43,14,29,45,15,30,38,10,28
4,98,44,54,49,22,27,49,22,27,48,20,28,50,24,26
2,114,46,68,56,22,34,58,24,34,52,22,30,61,23,38
0,100,44,56,50,22,28,50,22,28,56,28,28,44,16,28
3,96,28,68,45,12,33,50,16,34,57,17,40,39,11,28
3,100,40,60,50,20,30,50,20,30,49,21,28,51,19,32
0,112,36,76,56,18,38,55,18,37,68,20,48,44,16,28
3,190,92,98,86,40,46,100,52,48,117,55,62,68,32,36
0,104,48,56,50,22,28,54,26,28,60,32,28,44,16,28
2,106,38,68,51,18,33,55,20,35,47,19,28,59,19,40
0,140,68,72,66,32,34,72,36,36,96,52,44,44,16,28
2,170,56,114,82,26,56,88,30,58,63,27,36,107,29,78
0,96,38,58,46,18,28,49,20,29,55,25,30,41,13,28
0,110,52,58,55,26,29,55,26,29,64,34,30,42,14,28
2,146,58,88,72,30,42,74,28,46,65,33,32,81,25,56
1,116,26,90,48,12,36,59,14,45,54,14,40,62,12,50
2,106,42,64,52,20,32,54,22,32,49,21,28,57,21,36
0,108,52,56,52,24,28,56,28,28,63,35,28,44,16,28
2,102,40,62,51,20,31,51,20,31,48,20,28,54,20,34
1,122,28,94,51,14,37,61,14,47,54,16,38,68,12,56
1,114,26,88,49,14,35,56,12,44,46,14,32,67,11,56
2,106,40,66,53,20,33,53,20,33,46,20,26,60,20,40
1,112,22,90,44,12,32,54,10,44,42,10,32,70,12,58
2,354,176,178,186,96,90,164,80,84,165,79,86,185,93,92
0,202,104,98,126,66,60,71,38,33,72,38,34,127,63,64
0,94,36,58,44,16,28,50,20,30,49,19,30,45,17,28
3,108,50,58,52,24,28,55,26,29,53,23,30,54,26,28
1,116,22,94,38,10,28,59,12,47,50,12,38,66,10,56
4,114,52,62,57,26,31,57,26,31,68,34,34,46,18,28
3,112,48,64,51,22,29,59,26,33,64,30,34,48,18,30
1,120,26,94,60,14,46,59,12,47,52,14,38,67,11,56
2,110,44,66,52,22,30,58,22,36,50,22,28,60,22,38
1,84,22,62,38,10,28,43,12,31,40,12,28,44,10,34
3,106,40,66,52,20,32,53,20,33,56,18,38,48,20,28
0,110,50,60,54,24,30,56,26,30,65,33,32,45,17,28
0,110,52,58,55,26,29,55,26,29,61,31,30,49,21,28
1,116,24,92,58,12,46,56,12,44,50,14,36,66,10,56
1,112,22,90,38,10,28,57,12,45,46,12,34,65,9,56
4,102,40,62,51,20,31,51,20,31,46,20,26,56,20,36
1,114,22,92,46,10,36,58,12,46,48,12,36,66,10,56
4,130,44,86,71,22,49,59,22,37,49,21,28,81,23,58
0,184,76,108,85,36,49,94,40,54,115,49,66,66,24,42
3,90,34,56,46,18,28,44,16,28,50,22,28,40,12,28
4,96,40,56,46,18,28,50,22,28,52,24,28,44,16,28
4,152,46,106,76,22,54,76,24,52,47,19,28,104,26,78
1,124,28,96,59,14,45,62,14,48,57,17,40,67,11,56
0,100,42,58,49,20,29,51,22,29,55,25,30,42,14,28
0,112,52,60,51,22,29,59,30,29,62,32,30,50,20,30
3,108,40,68,57,22,35,51,18,33,60,20,40,43,15,28
3,88,30,58,43,14,29,44,16,28,45,17,28,43,13,30
2,112,40,72,55,20,35,57,20,37,46,18,28,65,21,44
4,104,40,64,52,20,32,52,20,32,47,19,28,56,20,36
1,170,38,132,96,20,76,74,18,56,72,20,52,96,16,80
4,140,46,94,66,22,44,74,24,50,56,22,34,82,22,60
1,118,24,94,47,10,37,61,14,47,52,14,38,66,10,56
4,100,40,60,52,20,32,48,20,28,47,19,28,53,21,32
4,106,50,56,52,24,28,54,26,28,59,31,28,45,17,28
3,108,28,80,55,12,43,53,16,37,66,16,50,42,12,30
2,142,64,78,61,26,35,80,38,42,74,34,40,66,28,38
1,200,90,110,116,54,62,82,36,46,88,42,46,110,46,64
2,110,44,66,52,20,32,58,24,34,49,21,28,61,23,38
1,94,30,64,40,12,28,50,18,32,39,11,28,55,19,36
0,104,48,56,52,24,28,52,24,28,62,34,28,42,14,28
3,100,40,60,50,20,30,49,20,29,56,26,30,44,14,30
4,108,42,66,52,20,32,56,22,34,47,19,28,60,22,38
2,108,42,66,54,20,34,54,22,32,56,22,34,51,19,32
1,120,26,94,54,12,42,61,14,47,51,13,38,66,10,56
0,126,60,66,62,30,32,63,30,33,78,40,38,48,20,28
2,104,40,64,52,20,32,52,20,32,46,18,28,58,22,36
4,228,106,122,95,44,51,127,62,65,111,51,60,114,52,62
2,106,40,66,54,20,34,52,20,32,51,21,30,55,19,36
3,94,36,58,45,16,29,49,20,29,52,22,30,41,13,28
1,116,22,94,49,10,39,59,12,47,52,14,38,64,8,56
4,114,48,66,58,24,34,56,24,32,51,21,30,62,26,36
4,118,54,64,56,26,30,61,28,33,52,22,30,66,32,34
0,134,48,86,65,22,43,69,26,43,63,23,40,71,25,46
1,112,22,90,38,10,28,57,12,45,48,14,34,64,8,56
3,88,30,58,43,14,29,45,16,29,49,19,30,39,11,28
3,100,42,58,50,22,28,49,20,29,46,18,28,54,24,30
4,128,44,84,65,22,43,62,22,40,49,21,28,79,23,56
0,138,66,72,63,30,33,75,36,39,74,40,34,64,26,38
0,104,48,56,52,24,28,52,24,28,62,34,28,42,14,28
4,100,40,60,50,20,30,50,20,30,48,20,28,52,20,32
4,104,48,56,52,24,28,52,24,28,59,31,28,45,17,28
4,100,48,52,50,24,26,50,24,26,54,28,26,46,20,26
1,88,20,68,44,10,34,38,10,28,38,10,28,50,10,40
1,78,22,56,38,10,28,40,12,28,41,13,28,37,9,28
1,118,22,96,38,10,28,60,12,48,54,14,40,64,8,56
2,120,40,80,59,20,39,61,20,41,46,20,26,74,20,54
4,142,54,88,65,24,41,77,30,47,59,25,34,82,28,54
2,120,42,78,60,20,40,60,22,38,49,21,28,71,21,50
1,126,42,84,62,20,42,64,22,42,49,21,28,74,18,56
3,114,48,66,57,24,33,55,24,31,64,26,38,49,21,28
1,108,22,86,42,12,30,53,10,43,42,12,30,66,10,56
3,84,26,58,39,10,29,45,16,29,43,13,30,41,13,28
3,98,30,68,44,14,30,52,16,36,49,15,34,47,13,34
2,108,42,66,55,22,33,53,20,33,49,21,28,59,21,38
0,104,48,56,52,24,28,52,24,28,58,30,28,46,18,28
4,110,42,68,55,20,35,55,22,33,48,20,28,62,22,40
1,110,26,84,44,12,32,57,14,43,49,13,36,60,12,48
0,246,116,130,120,58,62,122,58,64,117,51,66,120,56,64
0,108,42,66,52,20,32,55,22,33,57,19,38,49,21,28
3,100,44,56,50,22,28,50,22,28,47,19,28,53,25,28
2,166,44,122,85,22,63,81,22,59,71,23,48,94,20,74
3,88,34,54,43,16,27,45,18,27,51,25,26,37,9,28
3,84,26,58,41,12,29,43,14,29,40,10,30,44,16,28
1,126,32,94,54,16,38,64,16,48,54,16,38,72,16,56
2,122,50,72,58,22,36,64,28,36,65,25,40,57,25,32
4,110,46,64,47,18,29,63,28,35,49,19,30,60,26,34
2,118,44,74,59,22,37,59,22,37,46,18,28,71,25,46
3,78,22,56,40,12,28,38,10,28,38,10,28,38,10,28
2,98,40,58,49,20,29,49,20,29,48,20,28,50,20,30
2,110,48,62,59,26,33,51,22,29,46,20,26,63,27,36
2,112,46,66,55,22,33,57,24,33,54,24,30,58,22,36
1,108,24,84,51,12,39,54,12,42,40,12,28,66,10,56
4,106,38,68,52,18,34,54,20,34,58,18,40,48,20,28
2,134,42,92,64,20,44,70,22,48,50,20,30,83,21,62
0,112,54,58,52,24,28,60,30,30,62,34,28,49,19,30
0,104,48,56,52,24,28,52,24,28,62,34,28,42,14,28
4,114,50,64,56,24,32,58,26,32,68,32,36,46,18,28
0,102,46,56,50,22,28,52,24,28,61,33,28,41,13,28
3,90,28,62,45,14,31,45,14,31,47,13,34,43,15,28
4,102,38,64,50,18,32,52,20,32,47,15,32,54,22,32
3,86,28,58,43,14,29,43,14,29,48,18,30,38,10,28
4,106,46,60,52,22,30,54,24,30,63,31,32,43,15,28
3,118,52,66,57,24,33,58,28,30,66,32,34,52,20,32
2,104,44,60,51,22,29,53,22,31,50,22,28,54,22,32
1,108,22,86,39,10,29,55,12,43,42,12,30,65,9,56
3,94,38,56,46,18,28,48,20,28,52,24,28,41,13,28
2,102,40,62,53,20,33,49,20,29,47,19,28,55,21,34
2,106,50,56,50,22,28,56,28,28,50,22,28,55,27,28
0,104,40,64,54,22,32,50,18,32,51,19,32,53,21,32
2,112,42,70,56,20,36,56,22,34,50,20,30,62,22,40
3,84,26,58,43,14,29,41,12,29,42,12,30,42,14,28
1,124,28,96,57,12,45,64,16,48,56,16,40,68,12,56
1,116,22,94,39,10,29,58,12,46,53,15,38,63,7,56
1,116,24,92,41,12,29,58,12,46,51,15,36,65,9,56
0,104,48,56,52,24,28,52,24,28,61,33,28,43,15,28
2,114,48,66,56,24,32,58,24,34,57,25,32,56,22,34
3,74,18,56,36,8,28,38,10,28,39,11,28,35,7,28
0,138,66,72,59,28,31,77,38,39,95,51,44,43,15,28
0,196,98,98,74,34,40,121,64,57,116,54,62,76,40,36
4,114,54,60,52,24,28,60,30,30,59,27,32,55,27,28
4,158,54,104,70,24,46,88,30,58,56,24,32,102,30,72
0,134,62,72,66,30,36,68,32,36,59,27,32,74,34,40
3,94,30,64,47,16,31,44,14,30,54,18,36,40,12,28
4,100,44,56,50,22,28,50,22,28,60,32,28,40,12,28
4,124,60,64,62,30,32,59,30,29,70,34,36,53,25,28
3,90,28,62,45,14,31,44,14,30,45,13,32,44,14,30
2,104,42,62,54,22,32,50,20,30,46,20,26,58,22,36
0,100,44,56,51,22,29,49,22,27,57,29,28,43,15,28
3,88,30,58,42,14,28,46,16,30,44,16,28,43,13,30
1,120,28,92,58,12,46,60,16,44,52,16,36,67,11,56
2,124,58,66,62,28,34,62,30,32,66,32,34,58,26,32
2,106,46,60,54,24,30,51,22,29,54,24,30,52,22,30
3,98,38,60,50,20,30,48,18,30,49,17,32,49,21,28
3,98,40,58,48,20,28,50,20,30,47,19,28,51,21,30
0,102,48,54,51,24,27,51,24,27,59,33,26,43,15,28
3,92,34,58,46,16,30,46,18,28,44,16,28,48,18,30
4,112,44,68,56,22,34,56,22,34,48,20,28,63,23,40
1,110,22,88,47,10,37,56,12,44,45,13,32,65,9,56
3,84,18,66,40,8,32,43,10,33,47,9,38,37,9,28
2,106,46,60,52,22,30,54,24,30,51,23,28,55,23,32
0,126,62,64,71,36,35,53,26,27,79,43,36,44,16,28
2,116,46,70,54,20,34,61,26,35,64,28,36,52,18,34
0,82,26,56,39,12,27,42,14,28,39,11,28,43,15,28
2,118,48,70,59,24,35,58,24,34,52,22,30,66,26,40
4,114,54,60,55,26,29,58,28,30,58,26,32,54,26,28
3,92,36,56,46,18,28,46,18,28,44,16,28,44,16,28
0,142,56,86,65,26,39,76,30,46,61,25,36,81,31,50
0,126,58,68,61,28,33,65,30,35,81,41,40,44,16,28
0,108,50,58,53,24,29,55,26,29,65,35,30,43,15,28
1,118,24,94,44,12,32,59,12,47,50,12,38,68,12,56
1,88,20,68,36,8,28,46,12,34,38,10,28,50,10,40
2,216,100,116,99,48,51,109,52,57,106,52,54,110,48,62
4,368,144,224,189,68,121,178,76,102,182,84,98,181,55,126
3,96,36,60,48,18,30,48,18,30,46,16,30,50,20,30
0,166,82,84,82,42,40,80,40,40,94,46,48,71,35,36
0,162,64,98,80,30,50,82,34,48,76,38,38,85,25,60
1,114,24,90,44,12,32,57,12,45,48,14,34,66,10,56
3,106,38,68,54,20,34,50,18,32,54,20,34,52,18,34
0,114,54,60,56,26,30,58,28,30,51,23,28,61,29,32
2,108,46,62,53,22,31,55,24,31,49,21,28,58,24,34
1,120,30,90,63,18,45,52,12,40,48,14,34,71,15,56
2,152,68,84,71,30,41,81,38,43,57,25,32,95,43,52
4,118,48,70,56,22,34,62,26,36,51,21,30,66,26,40
4,220,106,114,109,54,55,107,52,55,122,60,62,98,46,52
2,94,36,58,45,16,29,49,20,29,50,20,30,44,16,28
4,94,38,56,46,18,28,48,20,28,46,18,28,47,19,28
3,116,60,56,58,30,28,58,30,28,55,27,28,61,33,28
0,86,56,30,44,28,16,42,28,14,45,29,16,36,22,14
1,108,26,82,42,12,30,55,14,41,42,14,28,66,12,54
2,112,46,66,60,24,36,52,22,30,55,23,32,57,23,34
0,120,58,62,60,28,32,60,30,30,67,35,32,52,22,30
0,282,142,140,112,64,48,168,78,90,195,109,86,87,33,54
1,82,22,60,42,12,30,38,10,28,41,13,28,41,9,32
3,104,34,70,54,18,36,50,16,34,64,22,42,40,12,28
1,100,20,80,50,10,40,38,10,28,40,12,28,60,8,52
4,94,36,58,46,18,28,48,18,30,48,18,30,46,18,28
4,100,44,56,48,20,28,52,24,28,57,29,28,43,15,28
4,162,60,102,71,28,43,83,32,51,97,41,56,64,18,46
2,114,42,72,57,20,37,57,22,35,49,19,30,65,23,42
2,120,44,76,60,22,38,60,22,38,49,21,28,70,22,48
2,116,38,78,41,18,23,75,20,55,46,18,28,69,19,50
3,86,24,62,41,12,29,43,12,31,46,12,34,39,11,28
4,106,50,56,52,24,28,54,26,28,51,23,28,55,27,28
2,142,46,96,74,24,50,68,22,46,70,22,48,71,23,48
1,96,24,72,41,12,29,48,12,36,40,12,28,55,11,44
1,114,28,86,41,12,29,59,16,43,44,14,30,70,14,56
0,102,44,58,51,22,29,51,22,29,56,26,30,46,18,28
0,108,52,56,54,26,28,54,26,28,61,33,28,47,19,28
3,76,16,60,38,8,30,38,8,30,40,8,32,36,8,28
2,134,46,88,73,22,51,61,24,37,49,21,28,85,25,60
0,144,72,72,74,36,38,70,36,34,95,51,44,49,21,28
3,126,46,80,62,22,40,63,24,39,71,23,48,53,21,32
2,120,48,72,59,24,35,61,24,37,52,22,30,66,24,42
2,116,42,74,57,20,37,59,22,37,51,21,30,65,21,44
3,110,42,68,55,22,33,54,20,34,62,24,38,48,18,30
3,184,82,102,81,34,47,102,48,54,79,35,44,103,45,58
4,110,44,66,56,22,34,54,22,32,50,20,30,60,24,36
4,150,64,86,78,32,46,66,32,34,78,32,46,68,28,40
0,108,50,58,53,24,29,55,26,29,63,33,30,45,17,28
1,102,20,82,51,10,41,39,10,29,38,10,28,64,10,54
2,110,44,66,55,22,33,55,22,33,49,21,28,60,22,38
3,94,28,66,45,14,31,45,14,31,53,15,38,41,13,28
1,112,22,90,38,10,28,57,12,45,48,14,34,64,8,56
1,114,22,92,49,10,39,58,12,46,49,13,36,65,9,56
1,96,22,74,39,10,29,49,12,37,39,11,28,57,11,46
4,118,46,72,62,24,38,56,22,34,48,20,28,70,26,44
2,114,44,70,57,22,35,56,22,34,49,21,28,65,23,42
4,160,52,108,77,24,53,83,28,55,65,23,42,94,28,66
0,112,54,58,55,26,29,57,28,29,58,28,30,53,25,28
0,118,54,64,50,22,28,67,32,35,76,40,36,42,14,28
4,114,54,60,56,26,30,58,28,30,55,27,28,59,27,32
2,134,60,74,63,28,35,69,32,37,73,33,40,61,27,34
3,96,38,58,47,18,29,49,20,29,52,22,30,43,15,28
4,124,56,68,67,30,37,57,26,31,77,37,40,46,18,28
3,96,38,58,47,18,29,49,20,29,51,21,30,43,15,28
2,114,42,72,54,20,34,60,22,38,49,21,28,65,21,44
3,102,44,58,49,20,29,53,24,29,52,24,28,48,18,30
0,100,44,56,48,20,28,52,24,28,57,29,28,43,15,28
0,110,52,58,55,26,29,55,26,29,54,24,30,56,28,28
4,116,60,56,59,30,29,57,30,27,65,35,30,44,18,26
0,104,48,56,52,24,28,52,24,28,58,30,28,46,18,28
3,124,50,74,61,24,37,63,26,37,81,35,46,42,14,28
4,116,46,70,55,24,31,60,22,38,52,22,30,64,24,40
4,98,42,56,48,20,28,50,22,28,51,21,30,47,21,26
3,98,42,56,48,20,28,50,22,28,55,27,28,43,15,28
1,122,28,94,54,14,40,62,14,48,52,14,38,70,14,56
2,106,46,60,52,22,30,54,24,30,50,22,28,56,24,32
0,104,34,70,51,16,35,53,18,35,59,17,42,45,17,28
4,112,54,58,55,26,29,57,28,29,57,27,30,52,24,28
2,136,48,88,71,24,47,65,24,41,50,22,28,86,26,60
3,78,20,58,36,8,28,41,12,29,38,10,28,40,10,30
4,110,44,66,56,22,34,54,22,32,50,22,28,60,22,38
3,88,30,58,43,14,29,45,16,29,45,15,30,43,15,28
2,122,42,80,67,20,47,55,22,33,48,20,28,74,22,52
2,106,40,66,53,20,33,53,20,33,47,19,28,58,20,38
0,206,64,142,98,28,70,108,36,72,111,35,76,95,29,66
4,106,38,68,53,20,33,52,18,34,64,24,40,42,14,28
1,112,38,74,64,20,44,48,18,30,51,21,30,61,17,44
4,136,64,72,70,32,38,66,32,34,62,28,34,72,34,38
2,124,44,80,62,22,40,62,22,40,48,20,28,75,23,52
3,114,42,72,56,20,36,58,22,36,64,20,44,49,21,28
0,106,50,56,52,24,28,54,26,28,62,34,28,44,16,28
0,106,50,56,52,24,28,54,26,28,61,33,28,45,17,28
1,110,20,90,54,10,44,55,10,45,46,12,34,64,8,56
2,94,36,58,47,18,29,47,18,29,46,18,28,48,18,30
1,118,22,96,55,10,45,60,12,48,54,14,40,64,8,56
0,106,50,56,52,24,28,54,26,28,59,31,28,47,19,28
2,134,48,86,67,24,43,67,24,43,71,25,46,62,22,40
0,100,44,56,50,22,28,50,22,28,58,30,28,42,14,28
4,106,42,64,52,20,32,54,22,32,48,20,28,58,22,36
0,82,26,56,40,12,28,42,14,28,41,13,28,41,13,28
1,86,26,60,38,10,28,46,16,30,38,12,26,48,14,34
2,134,50,84,68,24,44,66,26,40,50,22,28,84,28,56
2,210,88,122,80,34,46,130,54,76,109,53,56,101,35,66
1,114,24,90,49,12,37,57,12,45,46,12,34,67,11,56
1,78,22,56,38,10,28,40,12,28,41,13,28,37,9,28
4,104,44,60,51,22,29,53,22,31,48,20,28,56,24,32
2,126,56,70,64,28,36,61,28,33,48,20,28,77,35,42
1,84,22,62,41,10,31,43,12,31,47,13,34,37,9,28
0,210,148,62,108,76,32,102,72,30,100,62,38,108,84,24
4,110,56,54,55,28,27,55,28,27,50,24,26,58,30,28
3,96,40,56,48,20,28,48,20,28,50,22,28,45,17,28
1,104,28,76,49,14,35,52,14,38,48,14,34,56,14,42
0,108,54,54,56,28,28,52,26,26,48,22,26,60,32,28
4,108,52,56,54,26,28,54,26,28,61,33,28,47,19,28
3,88,32,56,46,18,28,42,14,28,47,19,28,41,13,28
0,110,54,56,54,26,28,56,28,28,63,35,28,47,19,28
2,124,46,78,64,22,42,60,24,36,52,22,30,72,24,48
0,106,50,56,50,22,28,56,28,28,63,35,28,43,15,28
4,104,40,64,52,20,32,52,20,32,47,19,28,56,20,36
2,102,40,62,51,20,31,51,20,31,46,18,28,55,21,34
4,116,54,62,57,26,31,59,28,31,67,35,32,49,19,30
0,106,48,58,51,22,29,55,26,29,51,21,30,55,27,28
2,102,40,62,51,20,31,51,20,31,48,18,30,53,21,32
2,112,46,66,54,22,32,58,24,34,52,22,30,59,23,36
1,114,22,92,39,10,29,58,12,46,49,13,36,65,9,56
4,220,98,122,98,46,52,122,52,70,125,63,62,94,34,60
3,88,28,60,42,12,30,45,16,29,42,12,30,46,16,30
1,112,30,82,55,14,41,56,16,40,42,14,28,70,16,54
1,114,24,90,41,12,29,57,12,45,49,15,34,65,9,56
2,130,56,74,63,26,37,67,30,37,71,35,36,59,21,38
3,106,46,60,48,20,28,56,26,30,49,19,30,54,24,30
4,140,42,98,66,20,46,74,22,52,47,19,28,92,22,70
0,112,42,70,55,20,35,57,22,35,64,22,42,48,20,28
0,108,52,56,52,24,28,56,28,28,65,37,28,43,15,28
4,98,42,56,48,20,28,50,22,28,54,26,28,44,16,28
2,106,44,62,53,22,31,53,22,31,50,22,28,56,22,34
3,128,50,78,61,22,39,67,28,39,86,36,50,42,14,28
1,110,24,86,38,10,28,57,14,43,43,13,30,67,11,56
3,216,78,138,76,28,48,128,50,78,101,35,66,113,41,72
4,108,48,60,52,24,28,56,24,32,49,21,28,58,26,32
4,184,94,90,76,36,40,108,58,50,72,34,38,106,54,52
2,130,42,88,69,22,47,61,20,41,49,19,30,80,22,58
4,106,42,64,52,20,32,54,22,32,49,21,28,57,21,36
1,108,20,88,54,10,44,38,10,28,44,12,32,64,8,56
4,118,60,58,61,30,31,57,30,27,53,27,26,64,32,32
4,104,40,64,51,20,31,52,20,32,50,20,30,54,20,34
0,150,70,80,96,44,52,54,26,28,90,48,42,60,22,38
2,120,42,78,48,18,30,72,24,48,50,20,30,70,22,48
3,170,70,100,84,36,48,79,34,45,72,30,42,94,36,58
0,202,134,68,92,60,32,110,74,36,141,103,38,61,31,30
3,88,32,56,42,14,28,46,18,28,47,19,28,40,12,28
3,116,42,74,60,22,38,56,20,36,65,19,46,50,22,28
3,94,38,56,48,20,28,46,18,28,52,24,28,42,14,28
2,98,42,56,48,20,28,50,22,28,49,21,28,49,21,28
4,104,44,60,52,22,30,52,22,30,51,23,28,53,21,32
0,104,48,56,50,22,28,54,26,28,59,31,28,45,17,28
1,112,32,80,54,16,38,56,16,40,44,16,28,68,16,52
4,94,38,56,48,20,28,46,18,28,45,17,28,49,21,28
4,118,50,68,60,24,36,58,26,32,49,21,28,68,28,40
4,206,76,130,62,22,40,139,54,85,83,35,48,120,38,82
3,92,34,58,45,16,29,47,18,29,47,19,28,45,15,30
0,108,48,60,50,22,28,58,26,32,66,34,32,42,14,28
0,98,44,54,49,22,27,49,22,27,56,30,26,42,14,28
0,110,52,58,55,26,29,55,26,29,65,35,30,44,16,28
1,100,18,82,36,8,28,51,10,41,38,10,28,61,7,54
2,110,42,68,54,20,34,56,22,34,47,19,28,63,23,40
1,124,26,98,60,12,48,60,14,46,60,18,42,64,8,56
0,112,52,60,58,28,30,54,24,30,68,36,32,43,15,28
0,134,70,64,59,28,31,74,42,32,85,49,36,48,20,28
2,114,42,72,51,20,31,63,22,41,49,19,30,65,23,42
1,112,28,84,55,16,39,54,12,42,40,12,28,71,15,56
4,126,52,74,71,28,43,55,24,31,49,21,28,77,31,46
3,112,46,66,56,22,34,56,24,32,48,20,28,64,26,38
4,96,34,62,48,16,32,48,18,30,47,15,32,49,19,30
4,156,54,102,70,26,44,86,28,58,60,24,36,95,29,66
4,112,56,56,56,28,28,56,28,28,66,38,28,46,18,28
4,116,58,58,57,28,29,59,30,29,57,27,30,49,21,28
0,100,44,56,50,22,28,50,22,28,58,30,28,42,14,28
0,94,36,58,49,20,29,45,16,29,48,18,30,45,17,28
1,120,24,96,46,12,34,60,12,48,53,13,40,66,10,56
2,136,50,86,61,24,37,74,26,48,60,22,38,75,27,48
3,84,24,60,42,12,30,42,12,30,42,12,30,42,12,30
0,108,48,60,53,24,29,55,24,31,64,32,32,44,16,28
0,86,30,56,42,14,28,44,16,28,44,16,28,42,14,28
1,114,22,92,46,10,36,58,12,46,50,14,36,64,8,56
0,110,52,58,52,24,28,58,28,30,63,33,30,47,19,28
4,142,48,94,70,24,46,72,24,48,62,22,40,80,26,54
2,158,80,78,77,40,37,80,40,40,68,28,40,90,52,38
3,84,28,56,42,14,28,42,14,28,45,17,28,38,10,28
3,108,44,64,47,18,29,61,26,35,58,26,32,50,18,32
1,122,28,94,60,14,46,61,14,47,52,14,38,70,14,56
1,88,30,58,43,14,29,44,16,28,42,14,28,46,16,30
2,90,32,58,42,14,28,48,18,30,43,15,28,47,17,30
1,90,24,66,50,12,38,40,12,28,41,13,28,49,11,38
0,130,60,70,89,36,53,41,24,17,90,48,42,37,9,28
3,94,30,64,45,14,31,48,16,32,53,17,36,40,12,28
1,112,20,92,56,10,46,51,10,41,49,13,36,63,7,56
1,112,22,90,47,10,37,57,12,45,47,13,34,65,9,56
2,124,40,84,62,20,42,62,20,42,50,20,30,74,20,54
1,102,22,80,40,10,30,52,12,40,39,11,28,63,11,52
2,114,42,72,54,20,34,60,22,38,47,19,28,66,22,44
4,120,40,80,60,20,40,60,20,40,48,20,28,72,20,52
4,98,42,56,48,20,28,50,22,28,49,21,28,49,21,28
1,112,24,88,56,12,44,49,12,37,47,15,32,65,9,56
0,164,70,94,79,36,43,81,34,47,82,30,52,81,39,42
3,124,64,60,60,32,28,63,32,31,56,26,30,67,37,30
4,98,42,56,48,20,28,50,22,28,57,29,28,41,13,28
3,108,34,74,52,16,36,56,18,38,65,19,46,43,15,28
1,96,24,72,38,10,28,50,14,36,40,12,28,55,11,44
3,124,50,74,56,22,34,66,28,38,73,31,42,49,17,32
3,100,32,68,41,14,27,58,18,40,57,17,40,40,12,28
3,86,28,58,43,14,29,43,14,29,44,14,30,42,14,28
4,130,48,82,58,26,32,72,22,50,56,24,32,73,23,50
4,114,46,68,60,22,38,54,24,30,45,19,26,69,27,42
1,122,28,94,57,16,41,59,12,47,53,15,38,68,12,56
0,102,46,56,50,22,28,52,24,28,58,30,28,44,16,28
4,102,44,58,52,22,30,50,22,28,56,26,30,45,17,28
1,116,24,92,39,10,29,60,14,46,48,12,36,68,12,56
0,110,52,58,56,26,30,54,26,28,61,31,30,48,20,28
3,92,30,62,43,14,29,49,16,33,51,17,34,37,9,28
2,130,44,86,66,22,44,64,22,42,61,21,40,69,23,46
0,80,26,54,39,12,27,41,14,27,39,13,26,41,13,28
4,112,44,68,58,22,36,54,22,32,48,20,28,64,24,40
3,96,38,58,46,18,28,50,20,30,50,20,30,46,18,28
1,116,26,90,51,12,39,59,14,45,48,14,34,67,11,56
4,106,44,62,50,20,30,55,24,31,54,24,30,52,20,32
1,120,28,92,49,12,37,62,16,46,52,16,36,68,12,56
1,120,26,94,57,12,45,61,14,47,54,16,38,66,10,56
1,112,22,90,39,10,29,57,12,45,46,12,34,66,10,56
2,160,52,108,80,24,56,80,28,52,51,23,28,108,28,80
1,118,32,86,55,16,39,58,16,42,51,15,36,67,17,50
2,112,44,68,57,22,35,55,22,33,49,21,28,62,22,40
4,144,42,102,62,18,44,82,24,58,56,20,36,88,22,66
4,106,50,56,52,24,28,54,26,28,61,33,28,45,17,28
1,114,22,92,38,10,28,58,12,46,49,13,36,64,8,56
2,102,42,60,49,20,29,53,22,31,49,21,28,53,21,32
2,106,44,62,54,22,32,52,22,30,50,22,28,56,22,34
4,104,46,58,50,22,28,53,24,29,52,22,30,52,24,28
1,114,28,86,56,14,42,57,14,43,47,17,30,66,10,56
4,98,40,58,49,20,29,49,20,29,48,18,30,50,22,28
1,120,26,94,47,12,35,61,14,47,52,14,38,68,12,56
2,130,40,90,61,18,43,69,22,47,50,20,30,80,20,60
3,102,42,60,49,20,29,52,22,30,58,26,32,43,15,28
0,106,50,56,52,24,28,54,26,28,61,33,28,45,17,28
4,210,70,140,82,28,54,128,42,86,85,33,52,123,35,88
2,94,36,58,45,16,29,49,20,29,46,18,28,48,18,30
4,146,44,102,76,20,56,70,24,46,52,22,30,94,22,72
1,114,26,88,38,10,28,65,16,49,48,12,36,65,13,52
0,146,58,88,76,30,46,69,28,41,95,37,58,50,20,30
3,90,30,60,44,14,30,46,16,30,46,14,32,44,16,28
3,84,28,56,42,14,28,42,14,28,42,14,28,42,14,28
0,102,44,58,50,22,28,51,22,29,60,30,30,42,14,28
2,162,48,114,80,24,56,82,24,58,59,23,36,103,25,78
0,146,68,78,59,28,31,86,40,46,96,46,50,48,20,28
3,136,52,84,68,24,44,58,28,30,71,35,36,64,16,48
0,110,48,62,55,24,31,55,24,31,68,34,34,42,14,28
4,102,44,58,51,22,29,51,22,29,56,26,30,46,18,28
3,88,32,56,44,16,28,44,16,28,50,22,28,38,10,28
2,104,44,60,53,22,31,51,22,29,49,21,28,54,22,32
0,98,42,56,48,20,28,50,22,28,57,29,28,41,13,28
2,94,36,58,47,18,29,47,18,29,46,18,28,48,18,30
3,94,28,66,41,12,29,50,16,34,48,12,36,46,16,30
1,112,36,76,56,18,38,56,18,38,46,18,28,66,18,48
4,120,54,66,59,26,33,60,28,32,78,40,38,42,14,28
3,96,38,58,47,18,29,49,20,29,57,27,30,39,11,28
2,106,40,66,52,20,32,54,20,34,50,20,30,56,20,36
1,110,24,86,55,12,43,51,12,39,45,15,30,65,9,56
3,90,24,66,42,10,32,47,14,33,50,12,38,39,11,28
1,204,68,136,99,34,65,99,34,65,111,35,76,93,33,60
2,146,46,100,69,22,47,77,24,53,49,21,28,97,25,72
1,100,20,80,36,8,28,52,12,40,38,10,28,62,10,52
0,92,34,58,45,16,29,47,18,29,46,16,30,46,18,28
3,96,40,56,48,20,28,48,20,28,46,18,28,50,22,28
2,130,44,86,64,22,42,66,22,44,50,22,28,80,22,58
0,108,48,60,51,22,29,57,26,31,46,18,28,62,30,32
4,102,40,62,50,20,30,52,20,32,46,18,28,54,20,34
0,104,48,56,52,24,28,52,24,28,62,34,28,42,14,28
3,122,52,70,60,26,34,62,26,36,64,24,40,58,28,30
1,104,20,84,52,10,42,40,10,30,40,12,28,63,7,56
4,128,48,80,65,26,39,63,22,41,48,20,28,78,26,52
3,88,30,58,43,14,29,45,16,29,51,21,30,37,9,28
2,112,46,66,52,20,32,60,26,34,58,24,34,54,22,32
3,106,34,72,47,16,31,58,18,40,46,16,30,60,18,42
0,110,54,56,54,26,28,56,28,28,62,34,28,47,19,28
1,236,68,168,115,34,81,117,34,83,116,34,82,120,34,86
0,110,50,60,50,22,28,60,28,32,67,35,32,43,15,28
3,102,44,58,52,22,30,50,22,28,49,21,28,53,23,30
2,164,66,98,77,30,47,83,36,47,83,41,42,80,24,56
0,104,46,58,51,22,29,53,24,29,62,32,30,42,14,28
2,106,44,62,54,22,32,52,22,30,48,20,28,58,24,34
0,98,42,56,48,20,28,50,22,28,57,29,28,41,13,28
4,110,54,56,54,26,28,56,28,28,63,35,28,47,19,28
2,116,52,64,53,22,31,62,30,32,57,25,32,59,27,32
2,106,42,64,51,20,31,54,22,32,51,21,30,55,21,34
1,120,26,94,55,14,41,59,12,47,52,14,38,68,12,56
4,100,42,58,49,20,29,51,22,29,47,19,28,53,23,30
0,162,64,98,82,30,52,80,34,46,65,27,38,96,36,60
4,110,50,60,54,24,30,56,26,30,53,23,30,57,27,30
0,96,42,54,47,20,27,49,22,27,57,29,28,39,13,26
4,112,50,62,59,26,33,53,24,29,54,22,32,57,27,30
2,98,40,58,49,20,29,49,20,29,48,20,28,50,20,30
0,102,46,56,50,22,28,52,24,28,59,31,28,43,15,28
0,104,44,60,51,22,29,53,22,31,58,26,32,46,18,28
3,86,28,58,43,14,29,43,14,29,41,11,30,45,17,28
2,120,46,74,57,22,35,62,24,38,51,21,30,69,25,44
3,76,18,58,36,8,28,39,10,29,38,8,30,38,10,28
1,108,22,86,42,10,32,55,12,43,42,12,30,66,10,56
0,112,52,60,52,24,28,59,28,31,63,31,32,49,21,28
0,108,48,60,50,22,28,58,26,32,66,34,32,42,14,28
3,96,40,56,46,18,28,50,22,28,45,17,28,51,23,28
4,116,44,72,58,22,36,58,22,36,48,20,28,68,24,44
3,96,26,70,45,12,33,48,14,34,56,16,40,40,10,30
0,104,46,58,47,20,27,57,26,31,61,31,30,43,15,28
2,134,48,86,67,24,43,67,24,43,60,22,38,74,26,48
1,110,22,88,39,10,29,56,12,44,46,14,32,64,8,56
3,94,36,58,46,18,28,47,18,29,52,22,30,42,14,28
0,120,56,64,56,26,30,64,30,34,77,41,36,43,15,28
3,120,50,70,59,24,35,61,26,35,66,28,38,48,16,32
1,100,32,68,50,16,34,48,16,32,41,13,28,58,18,40
2,130,52,78,55,24,31,75,28,47,54,24,30,76,28,48
4,132,50,82,62,22,40,70,28,42,47,19,28,85,31,54
0,98,38,60,48,18,30,50,20,30,53,21,32,44,16,28
2,108,42,66,53,20,33,55,22,33,48,20,28,59,21,38
1,122,30,92,58,16,42,62,14,48,50,14,36,70,14,56
3,96,40,56,48,20,28,48,20,28,48,20,28,48,20,28
3,80,20,60,37,8,29,43,12,31,42,12,30,38,8,30
1,122,26,96,51,12,39,62,14,48,54,14,40,68,12,56
3,116,50,66,57,24,33,58,26,32,56,22,34,58,26,32
1,120,32,88,60,16,44,55,16,39,50,18,32,70,14,56
2,242,76,166,92,30,62,144,46,98,106,36,70,134,38,96
2,146,52,94,68,24,44,78,28,50,67,25,42,77,25,52
3,122,44,78,61,22,39,61,22,39,82,34,48,39,9,30
4,104,42,62,52,20,32,52,22,30,48,20,28,55,21,34
4,110,42,68,53,22,31,57,20,37,48,20,28,62,22,40
1,92,22,70,38,10,28,47,12,35,41,13,28,51,9,42
1,112,22,90,57,12,45,50,10,40,46,12,34,66,10,56
1,76,20,56,36,8,28,40,12,28,40,12,28,36,8,28
1,122,28,94,54,14,40,61,14,47,52,14,38,70,14,56
1,124,30,94,51,14,37,64,16,48,55,17,38,69,13,56
2,168,56,112,87,28,59,81,28,53,72,24,48,93,29,64
4,114,56,58,59,28,31,55,28,27,47,21,26,66,34,32
3,88,32,56,42,14,28,46,18,28,48,20,28,40,12,28
2,144,50,94,71,26,45,72,24,48,68,24,44,73,23,50
0,104,46,58,51,22,29,53,24,29,61,31,30,43,15,28
1,90,28,62,43,14,29,45,14,31,45,13,32,45,15,30
4,156,42,114,76,20,56,80,22,58,50,20,30,104,20,84
1,118,26,92,54,14,40,58,12,46,50,14,36,68,12,56
3,90,32,58,45,16,29,45,16,29,49,19,30,41,13,28
2,110,44,66,52,20,32,58,24,34,52,20,32,58,24,34
0,110,48,62,51,22,29,59,26,33,55,23,32,55,25,30
4,126,56,70,63,28,35,63,28,35,56,28,28,70,28,42
1,116,24,92,43,12,31,58,12,46,49,13,36,67,11,56
4,104,44,60,52,22,30,52,22,30,48,20,28,56,24,32
2,116,42,74,54,20,34,62,22,40,52,20,32,63,21,42
0,104,46,58,51,22,29,53,24,29,59,29,30,45,17,28
4,108,44,64,55,22,33,53,22,31,45,19,26,62,24,38
4,114,48,66,56,24,32,58,24,34,48,20,28,66,28,38
2,132,54,78,59,24,35,73,30,43,67,29,38,65,25,40
2,120,48,72,60,24,36,60,24,36,50,20,30,69,27,42
4,110,54,56,56,28,28,54,26,28,63,35,28,47,19,28
4,126,46,80,62,22,40,63,24,39,52,22,30,73,23,50
0,106,44,62,57,24,33,48,20,28,61,29,32,44,14,30
1,112,22,90,45,10,35,57,12,45,47,13,34,64,8,56
4,406,192,214,192,86,106,204,106,98,200,92,108,201,95,106
2,96,40,56,48,20,28,48,20,28,46,18,28,50,22,28
3,88,30,58,41,14,27,47,16,31,50,20,30,38,10,28
1,122,28,94,53,10,43,65,18,47,51,13,38,71,15,56
3,90,34,56,43,16,27,47,18,29,48,20,28,42,14,28
3,158,98,60,82,50,32,76,48,28,90,58,32,68,40,28
1,106,20,86,53,10,43,44,10,34,43,13,30,63,7,56
3,116,46,70,58,22,36,58,24,34,52,24,28,64,22,42
1,118,24,94,51,12,39,59,12,47,51,13,38,67,11,56
1,104,20,84,52,10,42,38,10,28,40,12,28,64,8,56
2,124,40,84,63,20,43,61,20,41,51,21,30,73,19,54
3,98,38,60,48,18,30,49,20,29,49,19,30,49,19,30
4,130,58,72,62,30,32,67,28,39,59,27,32,71,31,40
2,112,48,64,50,20,30,62,28,34,49,21,28,62,26,36
3,112,48,64,55,24,31,56,24,32,74,38,36,38,10,28
1,108,24,84,41,12,29,54,12,42,42,14,28,65,9,56
1,112,22,90,55,10,45,55,12,43,47,13,34,65,9,56
4,122,56,66,62,28,34,59,28,31,61,25,36,61,31,30
2,112,42,70,54,20,34,57,22,35,51,21,30,61,21,40
2,144,50,94,70,24,46,74,26,48,64,24,40,80,26,54
1,110,18,92,46,8,38,56,10,46,46,10,36,64,8,56
1,110,30,80,46,14,32,56,16,40,41,13,28,69,17,52
0,82,26,56,40,12,28,42,14,28,39,11,28,43,15,28
2,98,42,56,48,20,28,50,22,28,47,21,26,51,21,30
3,126,48,78,59,22,37,66,26,40,71,23,48,55,25,30
0,98,44,54,49,22,27,49,22,27,58,32,26,40,12,28
4,132,58,74,79,34,45,53,24,29,72,30,42,57,25,32
2,122,48,74,65,22,43,57,26,31,49,21,28,72,26,46
1,112,22,90,49,10,39,57,12,45,46,12,34,66,10,56
3,96,34,62,47,16,31,49,18,31,59,25,34,37,9,28
2,92,34,58,45,16,29,47,18,29,45,17,28,47,17,30
0,110,52,58,55,26,29,55,26,29,62,32,30,48,20,28
1,104,20,84,52,10,42,50,10,40,38,10,28,65,9,56
4,100,44,56,50,22,28,50,22,28,57,29,28,42,14,28
2,96,40,56,49,20,29,47,20,27,47,19,28,49,21,28
2,122,40,82,63,20,43,59,20,39,48,20,28,74,20,54
3,94,34,60,46,16,30,47,18,29,46,16,30,47,17,30
4,88,32,56,44,16,28,44,16,28,42,14,28,46,18,28
1,106,20,86,36,8,28,55,12,43,41,11,30,64,8,56
1,120,22,98,54,10,44,61,12,49,55,13,42,64,8,56
1,114,22,92,48,10,38,58,12,46,50,14,36,64,8,56
2,140,52,88,74,24,50,66,28,38,50,22,28,89,29,60
2,108,46,62,53,22,31,55,24,31,52,22,30,56,24,32
0,104,48,56,52,24,28,52,24,28,62,34,28,42,14,28
0,112,54,58,54,26,28,58,28,30,65,35,30,47,19,28
2,134,46,88,70,22,48,64,24,40,49,21,28,84,24,60
1,112,22,90,36,8,28,59,14,45,45,11,34,66,10,56
4,106,48,58,52,24,28,54,24,30,62,32,30,44,16,28
3,96,36,60,48,18,30,48,18,30,50,18,32,46,18,28
1,114,22,92,39,10,29,58,12,46,50,14,36,64,8,56
4,248,118,130,113,60,53,134,58,76,163,79,84,82,36,46
1,120,24,96,56,12,44,60,12,48,56,16,40,64,8,56
2,144,54,90,74,26,48,70,28,42,57,23,34,85,29,56
2,106,42,64,52,20,32,54,22,32,49,21,28,56,20,36
0,106,48,58,53,24,29,53,24,29,62,32,30,44,16,28
4,122,52,70,50,20,30,71,32,39,52,22,30,68,28,40
0,106,44,62,54,22,32,52,22,30,56,26,30,50,18,32
4,106,42,64,52,20,32,54,22,32,49,19,30,55,21,34
4,208,90,118,110,46,64,98,44,54,116,54,62,92,36,56
1,100,24,76,50,12,38,46,12,34,40,12,28,60,12,48
4,106,40,66,50,20,30,56,20,36,47,19,28,59,21,38
3,120,44,76,59,20,39,61,24,37,66,20,46,48,18,30
4,118,54,64,56,26,30,61,28,33,62,30,32,51,19,32
1,126,32,94,63,16,47,61,16,45,47,17,30,79,15,64
1,110,24,86,39,10,29,57,14,43,42,12,30,68,12,56
4,104,44,60,52,22,30,52,22,30,54,26,28,49,17,32
0,108,52,56,52,24,28,56,28,28,64,36,28,44,16,28
0,106,50,56,52,24,28,54,26,28,59,31,28,47,19,28
0,102,46,56,50,22,28,52,24,28,58,30,28,44,16,28
1,116,28,88,44,12,32,64,16,48,48,12,36,67,15,52
3,92,36,56,46,18,28,46,18,28,50,22,28,42,14,28
1,122,28,94,61,16,45,59,12,47,52,14,38,70,14,56
2,136,46,90,63,22,41,73,24,49,49,21,28,87,25,62
3,120,36,84,58,18,40,62,18,44,70,20,50,50,16,34
1,110,28,82,55,14,41,54,14,40,40,14,26,69,13,56
1,106,20,86,38,10,28,53,10,43,40,10,30,66,10,56
2,100,42,58,49,20,29,51,22,29,49,21,28,51,21,30
2,148,48,100,67,22,45,81,26,55,56,22,34,92,26,66
3,124,62,62,65,36,29,58,26,32,60,28,32,57,27,30
0,98,42,56,48,20,28,50,22,28,56,28,28,42,14,28
0,112,52,60,56,26,30,55,26,29,67,35,32,45,17,28
3,96,38,58,47,18,29,49,20,29,53,23,30,43,15,28
2,168,64,104,82,32,50,83,32,51,88,34,54,77,27,50
3,82,24,58,38,10,28,43,14,29,38,10,28,44,14,30
2,112,42,70,54,20,34,58,22,36,47,19,28,65,23,42
1,122,32,90,48,14,34,63,18,45,48,14,34,73,17,56
2,134,48,86,68,24,44,66,24,42,49,21,28,85,27,58
2,206,104,102,99,52,47,106,52,54,91,49,42,112,52,60
1,76,20,56,38,10,28,38,10,28,38,10,28,38,10,28
4,94,36,58,47,18,29,47,18,29,48,18,30,46,18,28
1,118,24,94,52,12,40,59,12,47,51,13,38,66,10,56
1,98,20,78,36,8,28,51,12,39,37,9,28,60,10,50
3,128,60,68,63,30,33,65,30,35,68,34,34,60,26,34
0,102,46,56,47,20,27,55,26,29,59,31,28,43,15,28
2,110,44,66,54,22,32,55,22,33,48,20,28,62,24,38
1,116,22,94,38,10,28,59,12,47,50,12,38,66,10,56
0,106,50,56,54,26,28,52,24,28,59,31,28,47,19,28
2,188,66,122,91,34,57,94,32,62,98,46,52,90,20,70
1,124,30,94,63,16,47,58,14,44,54,16,38,68,12,56
1,118,34,84,50,16,34,58,18,40,47,15,32,70,18,52
1,80,18,62,36,8,28,41,10,31,37,9,28,43,9,34
2,104,42,62,50,20,30,54,22,32,48,20,28,56,22,34
0,106,50,56,52,24,28,54,26,28,59,31,28,47,19,28
3,144,58,86,71,28,43,70,30,40,70,20,50,74,38,36
2,122,48,74,62,24,38,60,24,36,49,21,28,72,26,46
3,80,24,56,44,12,32,34,12,22,39,11,28,41,13,28
3,98,42,56,48,20,28,50,22,28,52,24,28,46,18,28
1,120,30,90,61,16,45,57,14,43,50,16,34,70,14,56
1,112,22,90,40,10,30,57,12,45,48,14,34,64,8,56
4,100,40,60,50,20,30,50,20,30,46,18,28,54,22,32
4,246,116,130,120,58,62,123,58,65,116,52,64,123,57,66
3,90,34,56,44,16,28,46,18,28,45,17,28,45,17,28
2,110,44,66,55,22,33,55,22,33,49,21,28,61,23,38
4,138,48,90,66,22,44,72,26,46,47,19,28,91,29,62
0,134,68,66,64,34,30,69,34,35,54,30,24,80,38,42
1,90,30,60,46,16,30,43,14,29,43,15,28,47,15,32
0,104,48,56,52,24,28,52,24,28,62,34,28,42,14,28
2,104,44,60,52,22,30,52,22,30,50,22,28,54,22,32
1,116,24,92,48,10,38,60,14,46,48,12,36,67,11,56
1,114,24,90,48,12,36,57,12,45,47,13,34,67,11,56
4,122,60,62,58,28,30,64,32,32,69,35,34,50,22,28
2,130,52,78,66,28,38,64,24,40,55,23,32,74,28,46
4,104,42,62,49,18,31,54,24,30,55,23,32,49,19,30
3,88,28,60,42,12,30,46,16,30,44,12,32,41,13,28
3,106,48,58,51,22,29,55,26,29,59,29,30,47,19,28
1,114,26,88,55,12,43,53,14,39,46,14,32,68,12,56
3,104,38,66,47,16,31,57,22,35,55,19,36,46,16,30
0,96,40,56,48,20,28,48,20,28,56,28,28,40,12,28
2,110,46,64,54,22,32,56,24,32,51,21,30,59,25,34
3,88,30,58,43,14,29,45,16,29,48,18,30,40,12,28
4,112,46,66,54,22,32,58,24,34,54,24,30,58,22,36
4,94,38,56,46,18,28,48,20,28,47,19,28,47,19,28
2,168,64,104,87,32,55,81,32,49,104,40,64,64,24,40
4,140,66,74,66,32,34,73,34,39,68,30,38,64,28,36
1,112,24,88,56,12,44,56,12,44,46,14,32,66,10,56
3,90,34,56,44,16,28,46,18,28,49,21,28,41,13,28
3,100,42,58,49,20,29,51,22,29,53,23,30,47,19,28
2,182,86,96,95,46,49,83,40,43,122,66,56,60,20,40
2,156,48,108,73,22,51,83,26,57,55,23,32,101,25,76
1,110,20,90,55,10,45,52,10,42,46,12,34,62,6,56
0,92,34,58,44,16,28,48,18,30,49,19,30,42,14,28
2,148,44,104,79,22,57,69,22,47,62,22,40,85,21,64
3,124,36,88,61,16,45,63,20,43,61,19,42,62,16,46
2,208,100,108,104,50,54,104,50,54,106,62,44,99,35,64
4,154,46,108,73,22,51,81,24,57,48,20,28,105,25,80
0,166,84,82,82,42,40,83,42,41,95,51,44,69,31,38
4,126,60,66,66,30,36,60,30,30,48,22,26,78,38,40
1,112,24,88,54,12,42,56,12,44,47,15,32,64,8,56
1,116,24,92,60,14,46,56,10,46,48,12,36,68,12,56
3,78,22,56,38,10,28,40,12,28,41,13,28,37,9,28
0,254,112,142,70,34,36,173,78,95,133,61,72,117,47,70
2,142,46,96,68,22,46,74,24,50,49,21,28,93,25,68
4,142,42,100,66,20,46,76,22,54,48,20,28,94,22,72
1,122,26,96,49,12,37,62,14,48,54,14,40,68,12,56
4,110,52,58,55,26,29,55,26,29,62,32,30,48,20,28
3,106,50,56,52,24,28,54,26,28,54,26,28,52,24,28
1,112,20,92,56,10,46,56,10,46,48,12,36,64,8,56
1,118,26,92,50,12,38,60,14,46,48,12,36,69,13,56
3,138,50,88,62,22,40,73,28,45,97,37,60,40,12,28
3,80,24,56,38,10,28,42,14,28,40,12,28,39,11,28
4,112,40,72,56,20,36,56,20,36,47,19,28,65,21,44
4,118,42,76,58,20,38,60,22,38,49,21,28,69,21,48
0,104,46,58,51,22,29,53,24,29,61,31,30,43,15,28
0,98,44,54,49,22,27,49,22,27,58,30,28,40,14,26
2,104,46,58,51,22,29,53,24,29,51,21,30,53,25,28
4,214,78,136,79,30,49,135,48,87,102,44,58,111,33,78
1,106,20,86,53,10,43,52,10,42,43,13,30,62,6,56
0,102,44,58,51,22,29,51,22,29,60,30,30,42,14,28
4,122,44,78,52,22,30,69,22,47,47,19,28,75,25,50
3,120,46,74,54,20,34,64,26,38,55,21,34,65,25,40
3,82,26,56,40,12,28,42,14,28,45,17,28,37,9,28
0,116,60,56,58,30,28,58,30,28,66,38,28,50,22,28
0,120,56,64,55,26,29,65,30,35,72,38,34,47,17,30
0,116,54,62,59,28,31,56,26,30,60,32,28,56,22,34
2,100,42,58,50,20,30,50,22,28,49,21,28,51,21,30
1,112,20,92,37,8,29,58,12,46,46,10,36,65,9,56
3,104,42,62,58,26,32,45,16,29,63,29,34,40,12,28
3,114,42,72,60,20,40,54,22,32,44,16,28,69,25,44
4,112,46,66,60,24,36,52,22,30,48,20,28,63,25,38
4,112,52,60,53,24,29,59,28,31,53,23,30,59,29,30
1,116,24,92,46,12,34,58,12,46,49,13,36,66,10,56
1,78,22,56,38,10,28,40,12,28,39,11,28,39,11,28
0,108,52,56,54,26,28,54,26,28,63,35,28,45,17,28
4,102,46,56,50,22,28,52,24,28,49,21,28,52,24,28
1,114,24,90,54,12,42,57,12,45,47,13,34,66,10,56
2,168,66,102,71,26,45,97,40,57,95,37,58,72,28,44
3,94,32,62,43,14,29,51,18,33,51,17,34,43,15,28
4,128,52,76,68,26,42,60,26,34,52,24,28,75,27,48
4,110,52,58,55,26,29,55,26,29,57,27,30,49,21,28
0,104,48,56,52,24,28,52,24,28,62,34,28,42,14,28
2,156,48,108,74,22,52,82,26,56,53,23,30,102,24,78
4,104,46,58,53,24,29,51,22,29,55,25,30,49,21,28
4,104,38,66,53,20,33,49,18,31,55,21,34,49,17,32
2,144,60,84,72,30,42,72,30,42,68,36,32,76,24,52
3,90,26,64,38,10,28,52,16,36,47,13,34,40,10,30
2,108,42,66,53,20,33,55,22,33,51,21,30,57,21,36
3,98,42,56,48,20,28,50,22,28,50,22,28,48,20,28
2,96,38,58,47,18,29,49,20,29,47,19,28,49,19,30
0,174,90,84,89,48,41,83,42,41,69,41,28,103,47,56
3,80,22,58,41,12,29,38,10,28,44,14,30,36,8,28
3,92,34,58,41,14,27,51,20,31,45,17,28,46,16,30
4,108,42,66,54,20,34,54,22,32,47,19,28,61,23,38
2,120,46,74,58,22,36,62,24,38,52,22,30,68,24,44
2,156,44,112,76,22,54,79,22,57,51,21,30,103,21,82
4,90,36,54,45,18,27,45,18,27,47,21,26,43,15,28
1,114,28,86,57,14,43,43,14,29,46,16,30,68,12,56
1,124,30,94,56,16,40,61,14,47,52,14,38,72,16,56
0,158,56,102,79,28,51,79,28,51,70,26,44,88,30,58
1,114,26,88,58,14,44,55,12,43,46,14,32,68,12,56
0,100,44,56,50,22,28,50,22,28,57,29,28,42,14,28
0,132,62,70,64,30,34,68,32,36,84,42,42,48,20,28
2,110,46,64,52,22,30,55,24,31,60,26,34,50,20,30
0,242,128,114,114,60,54,124,68,56,197,111,86,45,17,28
4,108,44,64,52,22,30,56,22,34,50,22,28,58,22,36
1,118,24,94,51,12,39,59,12,47,51,13,38,67,11,56
0,100,44,56,47,20,27,53,24,29,57,29,28,43,15,28
4,142,42,100,74,22,52,68,20,48,48,20,28,94,22,72
2,126,46,80,55,20,35,70,26,44,48,20,28,77,25,52
1,122,30,92,56,16,40,61,14,47,51,15,36,70,14,56
0,104,44,60,51,22,29,53,22,31,61,29,32,42,14,28
2,118,48,70,57,22,35,61,26,35,57,25,32,61,23,38
2,122,48,74,60,22,38,61,26,35,56,24,32,65,23,42
2,110,46,64,57,24,33,52,22,30,52,22,30,58,24,34
2,162,48,114,82,24,58,80,24,56,64,24,40,98,24,74
0,110,38,72,53,18,35,57,20,37,60,18,42,50,20,30
2,166,48,118,80,22,58,86,26,60,61,23,38,104,24,80
1,128,32,96,50,14,36,67,18,49,57,17,40,71,15,56
2,114,50,64,58,26,32,54,24,30,56,24,32,58,26,32
0,98,42,56,47,20,27,51,22,29,47,21,26,44,14,30
4,96,36,60,48,18,30,48,18,30,44,14,30,52,22,30
4,164,44,120,82,22,60,82,22,60,58,22,36,105,21,84
2,92,30,62,45,14,31,47,16,31,45,15,30,47,15,32
3,104,48,56,52,24,28,52,24,28,57,29,28,46,18,28
3,88,32,56,44,16,28,44,16,28,49,21,28,38,10,28
2,118,42,76,57,20,37,61,22,39,47,19,28,71,23,48
3,96,38,58,47,18,29,49,20,29,53,23,30,43,15,28
2,138,48,90,73,24,49,65,24,41,65,25,40,73,23,50
4,124,46,78,65,22,43,59,24,35,49,21,28,75,25,50
2,148,48,100,78,24,54,70,24,46,66,24,42,82,24,58
4,140,48,92,65,22,43,74,26,48,55,23,32,85,25,60
4,90,30,60,43,14,29,47,16,31,45,13,32,45,17,28
2,122,60,62,56,26,30,65,34,31,61,31,30,61,29,32
1,106,26,80,39,12,27,54,14,40,37,11,26,69,15,54
2,102,42,60,50,20,30,52,22,30,49,21,28,53,21,32
3,116,46,70,60,24,36,56,22,34,61,21,40,54,24,30
2,118,46,72,54,22,32,64,24,40,52,22,30,66,24,42
1,120,28,92,54,14,40,60,14,46,51,15,36,68,12,56
1,84,26,58,40,12,28,43,14,29,41,13,28,42,12,30
4,110,50,60,54,24,30,56,26,30,59,29,30,47,17,30
4,102,46,56,50,22,28,52,24,28,50,22,28,52,24,28
4,118,60,58,60,30,30,58,30,28,69,39,30,49,21,28
4,104,42,62,54,22,32,50,20,30,48,20,28,56,22,34
4,104,48,56,52,24,28,52,24,28,50,22,28,54,26,28
0,106,50,56,54,26,28,52,24,28,61,33,28,45,17,28
2,146,46,100,79,22,57,67,24,43,65,23,42,81,23,58
0,102,44,58,49,20,29,52,24,28,59,29,30,43,15,28
3,98,36,62,50,20,30,47,16,31,43,13,30,55,23,32
1,82,22,60,38,10,28,42,12,30,41,13,28,40,8,32
2,102,40,62,51,20,31,51,20,31,46,18,28,56,22,34
0,108,50,58,52,24,28,56,26,30,63,33,30,45,17,28
2,112,48,64,56,24,32,56,24,32,60,26,34,52,22,30
0,100,44,56,50,22,28,50,22,28,58,30,28,42,14,28
3,116,42,74,53,20,33,63,22,41,64,20,44,51,21,30
0,108,50,58,53,24,29,55,26,29,65,35,30,43,15,28
1,112,22,90,38,10,28,57,12,45,48,14,34,64,8,56
0,104,46,58,51,22,29,53,24,29,58,28,30,42,14,28
4,108,50,58,52,24,28,56,26,30,53,23,30,55,27,28
3,102,44,58,49,20,29,53,24,29,54,24,30,48,20,28
3,86,28,58,41,12,29,45,16,29,43,13,30,39,11,28
2,124,50,74,62,24,38,62,26,36,51,21,30,72,28,44
2,100,38,62,49,18,31,51,20,31,47,19,28,53,19,34
0,112,52,60,57,26,31,55,26,29,64,32,32,48,20,28
3,88,32,56,44,16,28,44,16,28,48,20,28,38,10,28
4,164,74,90,85,40,45,79,34,45,89,43,46,75,31,44
0,94,36,58,45,16,29,49,20,29,47,17,30,46,18,28
3,98,36,62,48,18,30,48,18,30,46,16,30,51,19,32
1,122,48,74,60,24,36,60,24,36,65,35,30,56,12,44
0,108,50,58,54,26,28,53,24,29,59,29,30,49,21,28
4,116,52,64,57,26,31,59,26,33,50,22,28,65,29,36
1,114,22,92,56,10,46,55,12,43,50,14,36,64,8,56
4,126,44,82,68,22,46,58,22,36,48,20,28,77,23,54
1,124,30,94,50,12,38,65,18,47,54,16,38,70,14,56
1,124,34,90,46,16,30,64,18,46,50,16,34,74,18,56
2,110,42,68,54,20,34,56,22,34,49,19,30,61,23,38
0,112,56,56,56,28,28,56,28,28,66,38,28,46,18,28
1,108,24,84,54,12,42,48,12,36,42,14,28,65,9,56
4,94,36,58,47,18,29,46,18,28,48,18,30,45,17,28
1,114,24,90,42,12,30,57,12,45,48,14,34,65,9,56
1,128,32,96,54,14,40,66,18,48,56,16,40,71,15,56
3,86,26,60,42,12,30,44,14,30,39,11,28,47,15,32
1,108,22,86,38,10,28,55,12,43,42,12,30,65,9,56
2,106,40,66,52,20,32,54,20,34,46,18,28,60,22,38
2,100,44,56,50,22,28,50,22,28,49,21,28,51,23,28
0,106,50,56,54,26,28,52,24,28,58,30,28,46,18,28
1,114,32,82,46,14,32,64,18,46,43,15,28,69,15,54
2,116,46,70,61,22,39,55,24,31,47,19,28,68,26,42
1,120,26,94,61,14,47,58,12,46,52,14,38,67,11,56
0,108,42,66,56,22,34,47,20,27,53,23,30,55,19,36
1,124,32,92,48,14,34,65,18,47,51,15,36,73,17,56
0,120,54,66,60,28,32,59,26,33,73,35,38,47,19,28
2,122,48,74,62,22,40,60,26,34,53,25,28,69,23,46
4,106,48,58,51,22,29,55,26,29,51,21,30,54,26,28
4,122,46,76,62,22,40,60,24,36,49,21,28,73,25,48
0,210,74,136,93,34,59,110,40,70,74,30,44,133,41,92
2,110,44,66,55,22,33,55,22,33,49,21,28,61,23,38
0,114,54,60,56,26,30,57,28,29,70,38,32,44,16,28
1,92,22,70,38,10,28,47,12,35,40,12,28,51,9,42
1,112,20,92,56,10,46,51,10,41,47,11,36,65,9,56
2,126,46,80,62,22,40,64,24,40,65,23,42,60,22,38
0,98,44,54,49,22,27,49,22,27,53,27,26,45,17,28
3,120,38,82,60,18,42,60,20,40,71,21,50,49,17,32
2,170,50,120,85,24,61,85,26,59,72,26,46,98,24,74
3,74,18,56,36,8,28,38,10,28,37,9,28,37,9,28
0,110,52,58,52,24,28,58,28,30,68,38,30,42,14,28
4,106,48,58,53,24,29,53,24,29,49,21,28,57,27,30
0,158,80,78,54,26,28,103,54,49,79,45,34,77,33,44
3,78,22,56,38,10,28,40,12,28,39,11,28,39,11,28
4,284,110,174,130,60,70,144,50,94,132,50,82,148,56,92
3,148,64,84,72,32,40,72,32,40,68,26,42,78,36,42
4,110,42,68,58,22,36,52,20,32,48,20,28,62,22,40
1,120,28,92,60,14,46,60,14,46,51,15,36,69,13,56
3,92,36,56,46,18,28,46,18,28,46,18,28,45,17,28
3,96,26,70,47,12,35,49,14,35,55,15,40,41,11,30
4,92,36,56,46,18,28,46,18,28,46,18,28,46,18,28
3,102,44,58,49,20,29,53,24,29,54,24,30,47,19,28
4,96,32,64,48,16,32,48,16,32,52,16,36,44,16,28
4,116,50,66,59,26,33,57,24,33,57,27,30,58,22,36
3,88,32,56,40,16,24,48,16,32,49,21,28,39,11,28
2,160,46,114,80,22,58,80,24,56,66,24,42,93,21,72
0,88,30,58,45,16,29,43,14,29,46,16,30,42,14,28
0,102,46,56,50,22,28,52,24,28,60,32,28,42,14,28
2,124,62,62,57,28,29,67,34,33,62,30,32,62,32,30
1,116,24,92,47,12,35,58,12,46,48,12,36,67,11,56
1,118,26,92,56,14,42,58,12,46,50,14,36,68,12,56
4,124,58,66,60,28,32,64,30,34,62,28,34,61,29,32
0,108,50,58,53,24,29,55,26,29,63,33,30,43,15,28
4,108,40,68,54,20,34,54,20,34,48,20,28,60,20,40
1,88,20,68,43,10,33,44,10,34,48,12,36,40,8,32
4,122,42,80,60,20,40,62,22,40,49,21,28,73,21,52
0,98,42,56,48,20,28,50,22,28,55,27,28,43,15,28
1,126,30,96,55,16,39,64,14,50,54,14,40,72,16,56
4,104,44,60,51,22,29,52,22,30,59,27,32,44,16,28
4,148,74,74,80,40,40,65,34,31,94,50,44,52,22,30
2,136,42,94,74,20,54,62,22,40,51,19,32,84,22,62
2,134,62,72,63,28,35,70,34,36,66,28,38,67,33,34
3,104,42,62,49,18,31,55,24,31,53,23,30,51,19,32
0,102,44,58,51,22,29,51,22,29,58,28,30,44,16,28
4,94,38,56,46,18,28,48,20,28,47,19,28,47,19,28
1,118,24,94,45,12,33,59,12,47,51,13,38,66,10,56
2,184,72,112,91,34,57,93,38,55,77,43,34,105,27,78
0,132,68,64,73,36,37,59,32,27,82,46,36,49,21,28
1,106,24,82,49,12,37,53,12,41,40,12,28,66,12,54
0,104,46,58,51,22,29,53,24,29,61,31,30,43,15,28
0,116,54,62,57,26,31,58,28,30,70,36,34,46,18,28
2,138,46,92,69,22,47,69,24,45,60,22,38,77,23,54
1,116,22,94,46,12,34,57,10,47,48,10,38,68,12,56
2,104,44,60,49,20,29,55,24,31,48,20,28,56,24,32
2,96,40,56,48,20,28,48,20,28,47,19,28,49,21,28
4,170,70,100,81,32,49,89,38,51,113,43,70,57,27,30
1,114,24,90,51,12,39,57,12,45,47,13,34,67,11,56
4,152,44,108,75,22,53,77,22,55,48,20,28,103,23,80
0,126,52,74,64,26,38,62,26,36,48,20,28,78,32,46
3,92,36,56,46,18,28,46,18,28,50,22,28,42,14,28
0,112,54,58,54,26,28,57,28,29,64,34,30,48,20,28
0,102,46,56,50,22,28,52,24,28,57,29,28,44,16,28
0,102,46,56,50,22,28,52,24,28,60,32,28,42,14,28
0,104,48,56,50,22,28,54,26,28,57,29,28,47,19,28
3,82,28,54,41,14,27,41,14,27,46,20,26,36,8,28
2,120,40,80,62,20,42,58,20,38,47,19,28,73,21,52
4,112,42,70,56,20,36,56,22,34,48,20,28,63,21,42
4,108,50,58,55,26,29,53,24,29,61,31,30,46,18,28
1,116,22,94,38,10,28,59,12,47,52,14,38,64,8,56
2,96,38,58,49,20,29,47,18,29,47,19,28,49,19,30
2,136,60,76,60,26,34,75,34,41,70,32,38,64,26,38
3,90,34,56,46,18,28,44,16,28,50,22,28,40,12,28
1,122,26,96,41,12,29,62,14,48,54,14,40,68,12,56
3,116,38,78,58,18,40,58,20,38,56,18,38,58,18,40
0,106,50,56,52,24,28,54,26,28,61,33,28,45,17,28
1,116,22,94,52,10,42,59,12,47,51,13,38,64,8,56
2,144,64,80,67,30,37,74,34,40,83,39,44,61,25,36
0,106,50,56,52,24,28,54,26,28,61,33,28,45,17,28
3,124,36,88,52,20,32,70,16,54,43,13,30,79,21,58
2,154,66,88,82,32,50,72,34,38,75,43,32,79,23,56
1,126,34,92,60,16,44,64,18,46,55,19,36,70,14,56
1,84,24,60,40,12,28,42,12,30,42,14,28,42,10,32
3,104,44,60,52,22,30,52,22,30,56,28,28,48,16,32
3,98,40,58,49,20,29,48,20,28,45,15,30,53,25,28
4,168,74,94,86,42,44,82,32,50,72,32,40,88,34,54
1,112,18,94,48,8,40,57,10,47,48,10,38,63,7,56
0,100,44,56,50,22,28,50,22,28,58,30,28,42,14,28
0,104,44,60,51,22,29,53,22,31,63,31,32,41,13,28
1,112,22,90,39,10,29,57,12,45,48,14,34,64,8,56
2,118,46,72,58,22,36,60,24,36,53,23,30,65,23,42
0,112,50,62,56,24,32,56,26,30,68,34,34,44,16,28
2,176,52,124,87,26,61,89,26,63,75,25,50,100,26,74
3,102,38,64,51,20,31,50,18,32,59,25,34,43,13,30
3,82,26,56,42,14,28,40,12,28,45,17,28,37,9,28
1,120,28,92,61,16,45,53,12,41,50,14,36,69,13,56
3,96,38,58,47,18,29,49,20,29,54,24,30,42,14,28
4,100,40,60,49,20,29,51,20,31,46,18,28,53,21,32
1,118,26,92,50,14,36,58,12,46,51,15,36,67,11,56
3,94,24,70,46,12,34,47,12,35,55,13,42,39,11,28
0,104,48,56,52,24,28,52,24,28,62,34,28,42,14,28
3,84,26,58,41,12,29,43,14,29,43,13,30,41,13,28
0,104,48,56,50,22,28,54,26,28,60,32,28,44,16,28
3,90,34,56,42,16,26,48,18,30,45,17,28,45,17,28
0,338,160,178,177,84,93,159,76,83,250,122,128,85,35,50
0,136,52,84,65,26,39,67,26,41,91,35,56,45,17,28
2,140,48,92,66,22,44,74,26,48,64,22,42,75,25,50
4,224,98,126,118,52,66,105,46,59,150,64,86,72,32,40
1,120,24,96,41,12,29,60,12,48,54,14,40,66,10,56
4,202,74,128,102,40,62,97,34,63,111,35,76,89,37,52
1,120,24,96,38,10,28,62,14,48,54,14,40,66,10,56
3,94,32,62,46,16,30,48,16,32,45,13,32,49,19,30
2,122,40,82,61,20,41,61,20,41,46,20,26,76,20,56
3,108,46,62,50,20,30,57,26,31,61,27,34,47,19,28
2,160,76,84,78,38,40,81,38,43,73,35,38,86,40,46
3,90,28,62,46,14,32,44,14,30,44,14,30,46,14,32
3,102,46,56,52,24,28,50,22,28,57,29,28,44,16,28
0,108,46,62,53,22,31,55,24,31,59,25,34,44,16,28
0,108,50,58,50,22,28,57,28,29,65,35,30,43,15,28
0,94,36,58,44,16,28,50,20,30,47,17,30,47,19,28
3,80,24,56,40,12,28,40,12,28,38,10,28,42,14,28
3,86,28,58,42,14,28,43,14,29,46,16,30,40,12,28
2,106,40,66,53,20,33,53,20,33,50,20,30,56,20,36
3,104,44,60,54,22,32,50,22,28,51,19,32,53,25,28
4,152,48,104,74,24,50,78,24,54,50,22,28,101,25,76
1,122,26,96,51,12,39,62,14,48,54,14,40,68,12,56
2,140,58,82,63,28,35,77,30,47,53,23,30,87,35,52
4,98,40,58,49,20,29,49,20,29,51,21,30,47,19,28
3,136,48,88,66,22,44,69,26,43,86,30,56,46,14,32
4,104,42,62,51,20,31,53,22,31,49,21,28,55,21,34
2,116,46,70,64,24,40,52,22,30,47,21,26,68,24,44
3,82,20,62,41,10,31,41,10,31,45,11,34,37,9,28
4,110,46,64,53,22,31,56,24,32,59,23,36,50,22,28
4,154,52,102,75,24,51,79,28,51,59,27,32,94,24,70
2,112,44,68,51,20,31,61,24,37,48,20,28,64,24,40
4,130,54,76,64,26,38,66,28,38,49,21,28,80,32,48
0,116,58,58,57,28,29,59,30,29,67,37,30,48,20,28
1,94,26,68,38,10,28,50,16,34,40,12,28,53,13,40
4,112,48,64,52,22,30,60,26,34,66,34,32,46,14,32
3,90,24,66,44,12,32,45,12,33,48,10,38,42,14,28
3,90,34,56,44,16,28,46,18,28,49,21,28,41,13,28
1,122,26,96,55,12,43,62,14,48,54,14,40,68,12,56
4,96,40,56,48,20,28,48,20,28,47,19,28,49,21,28
3,104,38,66,53,20,33,51,18,33,60,24,36,44,14,30
3,100,36,64,47,16,31,53,20,33,57,21,36,43,15,28
4,118,46,72,54,22,32,64,24,40,50,20,30,67,25,42
0,116,56,60,55,26,29,60,30,30,62,34,28,51,19,32
1,106,28,78,45,14,31,53,14,39,44,16,28,62,12,50
3,150,72,78,74,36,38,75,36,39,82,38,44,66,32,34
1,92,24,68,40,12,28,46,12,34,40,12,28,52,12,40
1,116,30,86,52,14,38,60,16,44,45,15,30,70,14,56
4,94,32,62,45,14,31,49,18,31,47,17,30,47,15,32
0,102,44,58,49,20,29,53,24,29,57,27,30,45,17,28
2,164,56,108,84,28,56,80,28,52,58,26,32,105,29,76
1,114,30,84,42,14,28,58,16,42,43,15,28,70,14,56
2,104,42,62,51,20,31,53,22,31,47,19,28,57,23,34
0,106,50,56,52,24,28,54,26,28,59,31,28,44,16,28
3,86,26,60,42,12,30,44,14,30,46,14,32,40,12,28
0,86,30,56,42,14,28,44,16,28,41,13,28,45,17,28
2,106,40,66,53,20,33,53,20,33,46,18,28,60,22,38
2,156,50,106,74,24,50,81,26,55,66,28,38,90,22,68
4,408,192,216,195,98,97,205,94,111,203,89,114,199,97,102
1,128,30,98,51,18,33,61,12,49,56,14,42,72,16,56
0,110,50,60,54,24,30,55,26,29,61,29,32,49,21,28
2,104,46,58,50,22,28,53,24,29,53,23,30,51,23,28
4,102,40,62,48,20,28,54,20,34,47,19,28,55,21,34
2,122,46,76,55,22,33,67,24,43,49,21,28,73,25,48
2,132,58,74,65,28,37,67,30,37,76,36,40,56,22,34
1,116,26,90,46,12,34,62,14,48,46,12,34,68,12,56
4,140,42,98,72,22,50,68,20,48,47,19,28,92,22,70
4,108,44,64,55,22,33,53,22,31,50,20,30,58,24,34
2,108,50,58,52,24,28,56,26,30,51,23,28,56,26,30
0,104,48,56,52,24,28,52,24,28,60,32,28,44,16,28
2,154,52,102,78,26,52,76,26,50,52,24,28,102,28,74
4,106,40,66,53,20,33,53,20,33,47,19,28,58,20,38
4,112,48,64,56,24,32,56,24,32,47,19,28,64,28,36
0,214,100,114,110,54,56,100,46,54,104,50,54,106,46,60
2,112,42,70,54,20,34,57,22,35,59,21,38,53,21,32
1,116,26,90,54,12,42,59,14,45,48,14,34,67,11,56
1,112,22,90,39,10,29,57,12,45,48,14,34,64,8,56
4,114,40,74,56,20,36,58,20,38,48,20,28,66,20,46
1,116,26,90,52,12,40,59,14,45,48,14,34,68,12,56
2,106,46,60,52,22,30,54,24,30,51,23,28,55,23,32
2,112,42,70,55,20,35,57,22,35,48,20,28,63,21,42
4,102,42,60,50,20,30,52,22,30,47,19,28,55,23,32
1,106,28,78,53,14,39,47,14,33,44,14,30,62,14,48
0,118,58,60,55,26,29,62,32,30,69,37,32,48,20,28
2,120,44,76,63,22,41,57,22,35,48,20,28,72,24,48
0,104,46,58,50,22,28,54,24,30,62,32,30,42,14,28
3,94,36,58,45,16,29,49,20,29,52,22,30,42,14,28
1,114,22,92,38,10,28,58,12,46,49,13,36,65,9,56
2,232,134,98,110,62,48,121,72,49,127,71,56,105,63,42
2,150,44,106,72,22,50,78,22,56,52,22,30,97,21,76
1,104,22,82,38,10,28,53,12,41,41,13,28,63,9,54
4,108,42,66,54,20,34,54,22,32,47,19,28,61,23,38
4,108,52,56,54,26,28,54,26,28,50,22,28,57,29,28
3,382,152,230,179,70,109,203,82,121,165,67,98,216,84,132
2,106,42,64,55,22,33,50,20,30,48,20,28,58,22,36
0,100,42,58,49,20,29,51,22,29,58,28,30,42,14,28
2,110,46,64,54,22,32,56,24,32,51,23,28,59,23,36
4,122,54,68,61,26,35,61,28,33,51,21,30,71,33,38
3,150,60,90,75,30,45,75,30,45,57,25,32,91,33,58
2,106,40,66,54,20,34,52,20,32,48,20,28,58,20,38
4,142,62,80,69,30,39,70,32,38,61,27,34,78,32,46
1,128,32,96,60,12,48,62,20,42,57,17,40,71,15,56
2,122,52,70,60,26,34,61,26,35,65,29,36,57,23,34
4,148,60,88,78,32,46,70,28,42,58,26,32,90,34,56
2,112,44,68,63,24,39,49,20,29,49,21,28,63,23,40
0,110,56,54,55,28,27,55,28,27,43,23,20,66,32,34
3,84,26,58,41,12,29,43,14,29,46,16,30,38,10,28
1,128,30,98,54,12,42,67,18,49,57,15,42,71,15,56
3,92,32,60,44,14,30,48,18,30,51,19,32,41,13,28
4,96,38,58,46,18,28,50,20,30,46,18,28,49,19,30
3,114,54,60,56,26,30,58,28,30,53,21,32,59,31,28
1,96,22,74,38,10,28,49,12,37,41,13,28,55,9,46
0,108,52,56,52,24,28,56,28,28,61,33,28,47,19,28
1,108,24,84,38,10,28,56,14,42,42,12,30,66,12,54
1,120,26,94,54,14,40,59,12,47,52,14,38,68,12,56
4,120,48,72,55,22,33,64,26,38,51,21,30,68,26,42
3,90,30,60,41,14,27,49,16,33,52,20,32,38,10,28
0,182,60,122,87,28,59,95,32,63,76,26,50,105,33,72
4,118,54,64,58,26,32,60,28,32,71,35,36,47,19,28
4,98,42,56,48,20,28,50,22,28,57,29,28,41,13,28
4,104,46,58,51,22,29,53,24,29,50,22,28,54,24,30
0,116,56,60,62,30,32,54,26,28,69,37,32,47,19,28
4,144,48,96,72,24,48,72,24,48,48,20,28,96,28,68
0,110,54,56,54,26,28,56,28,28,65,37,28,45,17,28
1,116,28,88,59,16,43,55,12,43,45,13,32,70,14,56
2,110,40,70,55,20,35,55,20,35,48,20,28,62,20,42
4,228,104,124,108,54,54,111,50,61,111,49,62,112,50,62
3,82,26,56,40,12,28,42,14,28,38,10,28,43,15,28
1,88,30,58,43,14,29,44,16,28,41,13,28,47,17,30
3,160,42,118,60,16,44,84,26,58,60,16,44,100,26,74
1,118,22,96,44,12,32,58,10,48,50,10,40,67,11,56
4,108,52,56,54,26,28,54,26,28,61,33,28,46,18,28
3,112,40,72,54,20,34,58,20,38,64,20,44,47,19,28
3,96,36,60,48,18,30,48,18,30,53,21,32,42,14,28
1,82,24,58,40,12,28,41,12,29,40,12,28,42,12,30
4,106,50,56,52,24,28,54,26,28,61,33,28,45,17,28
2,112,44,68,58,22,36,54,22,32,50,22,28,62,22,40
3,94,34,60,47,16,31,46,18,28,46,18,28,48,16,32
2,106,44,62,53,22,31,53,22,31,48,20,28,58,24,34
3,100,38,62,45,18,27,54,20,34,55,21,34,45,17,28
0,106,50,56,50,22,28,56,28,28,63,35,28,43,15,28
0,106,50,56,54,26,28,52,24,28,59,31,28,47,19,28
2,122,42,80,60,22,38,62,20,42,48,20,28,74,22,52
3,94,36,58,44,16,28,50,20,30,48,18,30,46,18,28
3,108,48,60,52,22,30,56,26,30,51,23,28,57,25,32
2,128,58,70,59,26,33,68,32,36,56,26,30,71,31,40
0,126,64,62,66,34,32,59,30,29,64,32,32,58,28,30
1,104,30,74,48,16,32,51,14,37,42,14,28,60,14,46
2,112,44,68,57,24,33,55,20,35,44,18,26,68,26,42
1,124,32,92,58,14,44,64,18,46,50,14,36,74,18,56
0,168,94,74,89,48,41,77,46,31,71,39,32,91,49,42
4,124,48,76,66,24,42,58,24,34,48,20,28,75,27,48
1,112,22,90,36,8,28,59,14,45,45,11,34,66,10,56
0,106,36,70,52,18,34,53,18,35,61,19,42,45,17,28
3,92,36,56,46,18,28,46,18,28,44,16,28,48,20,28
2,104,40,64,52,20,32,52,20,32,48,20,28,56,20,36
0,112,54,58,54,26,28,58,28,30,66,36,30,46,18,28
4,114,52,62,56,26,30,56,26,30,67,35,32,47,17,30
3,110,38,72,58,20,38,52,18,34,60,18,42,48,18,30
0,104,46,58,52,22,30,52,24,28,59,31,28,45,15,30
1,114,28,86,44,12,32,62,16,46,50,12,38,63,15,48
2,146,46,100,78,22,56,68,24,44,57,21,36,89,25,64
0,114,60,54,58,30,28,55,30,25,58,34,24,52,22,30
3,124,46,78,58,22,36,61,24,37,64,22,42,59,23,36
4,104,48,56,50,22,28,54,26,28,58,30,28,46,18,28
1,118,22,96,38,10,28,60,12,48,52,12,40,66,10,56
0,104,48,56,52,24,28,52,24,28,60,32,28,44,16,28
4,144,42,102,74,22,52,70,20,50,48,20,28,96,22,74
0,100,42,58,48,20,28,51,22,29,59,29,30,41,13,28
1,116,22,94,38,10,28,59,12,47,52,14,38,64,8,56
4,122,44,78,62,22,40,60,22,38,49,21,28,73,23,50
2,146,50,96,74,26,48,72,24,48,50,22,28,94,26,68
2,144,48,96,72,22,50,72,26,46,56,26,30,88,22,66
0,104,48,56,50,22,28,54,26,28,60,32,28,44,16,28
4,186,64,122,95,32,63,91,32,59,78,28,50,108,36,72
3,98,40,58,49,20,29,49,20,29,50,20,30,48,20,28
1,108,22,86,36,8,28,59,14,45,42,12,30,66,10,56
3,96,36,60,48,18,30,47,18,29,45,17,28,51,19,32
3,118,44,74,52,20,32,66,24,42,55,21,34,62,22,40
2,164,44,120,81,22,59,83,22,61,65,21,44,99,23,76
3,74,16,58,37,8,29,37,8,29,38,8,30,36,8,28
4,146,50,96,72,24,48,73,26,47,103,35,68,43,15,28
2,114,46,68,56,22,34,58,24,34,51,23,28,63,23,40
3,94,36,58,45,16,29,49,20,29,43,13,30,50,22,28
4,162,70,92,83,36,47,76,34,42,58,24,34,102,44,58
3,96,38,58,47,18,29,49,20,29,53,23,30,42,14,28
0,100,44,56,50,22,28,50,22,28,57,29,28,43,15,28
0,104,46,58,52,22,30,52,24,28,63,33,30,41,13,28
4,102,46,56,50,22,28,52,24,28,61,33,28,41,13,28
4,104,42,62,51,20,31,53,22,31,47,19,28,55,21,34
4,100,42,58,52,22,30,48,20,28,48,16,32,52,26,26
4,146,42,104,72,20,52,74,22,52,47,19,28,98,22,76
1,106,22,84,40,10,30,54,12,42,39,11,28,66,10,56
2,232,80,152,97,34,63,132,46,86,129,53,76,102,26,76
0,134,64,70,69,34,35,64,30,34,90,48,42,44,16,28
4,104,48,56,51,24,27,52,24,28,60,30,30,44,18,26
0,100,44,56,50,22,28,50,22,28,56,28,28,44,16,28
0,162,76,86,66,30,36,93,46,47,97,51,46,63,23,40
4,132,54,78,66,26,40,66,28,38,70,26,44,62,28,34
4,174,76,98,78,36,42,90,40,50,57,25,32,117,51,66
3,84,26,58,41,12,29,43,14,29,47,17,30,37,9,28
0,110,54,56,54,26,28,56,28,28,60,32,28,45,17,28
3,106,44,62,51,20,31,55,24,31,58,28,30,48,16,32
4,96,36,60,51,20,31,44,16,28,52,20,32,44,16,28
1,112,22,90,38,10,28,57,12,45,47,13,34,64,8,56
0,120,54,66,59,24,35,61,30,31,76,38,38,41,13,28
4,130,58,72,64,30,34,65,28,37,76,32,44,53,25,28
1,118,26,92,45,14,31,57,12,45,50,14,36,68,12,56
3,104,48,56,52,24,28,52,24,28,55,27,28,48,20,28
1,76,20,56,38,10,28,38,10,28,40,12,28,36,8,28
4,164,58,106,69,28,41,95,30,65,71,27,44,92,30,62
3,106,38,68,48,16,32,53,22,31,57,21,36,49,17,32
4,112,48,64,56,24,32,56,24,32,51,21,30,61,27,34
1,124,48,76,62,24,38,62,24,38,52,24,28,72,24,48
0,100,44,56,50,22,28,50,22,28,54,26,28,46,18,28
0,100,36,64,48,16,32,52,20,32,51,15,36,49,21,28
0,104,48,56,52,24,28,52,24,28,61,33,28,43,15,28
0,132,66,66,56,26,30,75,40,35,63,35,28,68,30,38
0,106,48,58,54,24,30,52,24,28,62,32,30,44,16,28
4,160,56,104,80,28,52,80,28,52,59,25,34,100,30,70
2,162,50,112,81,24,57,81,26,55,57,23,34,104,26,78
4,104,42,62,52,20,32,52,22,30,48,20,28,56,22,34
2,106,42,64,54,22,32,52,20,32,50,22,28,56,20,36
0,100,44,56,50,22,28,50,22,28,58,30,28,41,13,28
4,222,106,116,100,48,52,118,58,60,117,55,62,103,49,54
2,146,52,94,71,24,47,75,28,47,71,29,42,75,23,52
3,102,34,68,44,16,28,52,18,34,57,19,38,45,15,30
0,110,52,58,53,24,29,57,28,29,63,33,30,47,19,28
3,90,34,56,44,16,28,46,18,28,41,13,28,47,19,28
1,116,24,92,52,12,40,58,12,46,49,13,36,66,10,56
0,104,48,56,52,24,28,52,24,28,62,34,28,42,14,28
0,112,54,58,55,26,29,57,28,29,63,33,30,49,21,28
2,156,64,92,74,28,46,80,36,44,75,35,40,81,29,52
2,130,48,82,67,24,43,63,24,39,55,21,34,73,25,48
2,138,44,94,69,22,47,68,22,46,52,22,30,86,22,64
3,118,52,66,59,26,33,59,26,33,57,23,34,60,28,32
4,232,78,154,98,34,64,125,44,81,138,50,88,94,28,66
0,144,68,76,67,32,35,77,36,41,94,48,46,47,17,30
3,106,46,60,54,24,30,51,22,29,57,25,32,48,20,28
4,112,56,56,56,28,28,56,28,28,62,34,28,46,18,28
3,86,28,58,41,12,29,45,16,29,45,15,30,41,13,28
3,92,34,58,42,14,28,50,20,30,47,17,30,45,17,28
2,144,44,100,72,22,50,72,22,50,47,19,28,94,22,72
1,108,22,86,42,10,32,55,12,43,42,12,30,66,10,56
4,110,42,68,57,22,35,53,20,33,44,18,26,65,23,42
2,92,36,56,46,18,28,46,18,28,46,18,28,46,18,28
2,118,42,76,54,20,34,64,22,42,57,21,36,60,20,40
4,104,48,56,52,24,28,52,24,28,53,25,28,46,18,28
4,100,44,56,50,22,28,50,22,28,48,20,28,52,24,28
1,106,24,82,41,12,29,53,12,41,43,13,30,62,10,52
0,100,42,58,49,20,29,51,22,29,58,28,30,42,14,28
3,100,40,60,48,18,30,52,22,30,57,25,32,43,15,28
2,106,42,64,52,20,32,54,22,32,49,21,28,57,21,36
4,134,46,88,71,22,49,63,24,39,48,20,28,85,25,60
2,106,42,64,52,20,32,54,22,32,51,21,30,55,21,34
4,110,44,66,54,22,32,56,22,34,56,24,32,54,20,34
3,104,44,60,49,20,29,54,24,30,57,27,30,47,17,30
1,120,30,90,48,16,32,59,14,45,53,19,34,67,11,56
4,98,40,58,47,18,29,51,22,29,49,19,30,49,21,28
1,114,26,88,56,14,42,53,12,41,45,13,32,69,13,56
4,118,54,64,65,30,35,53,24,29,66,32,34,51,21,30
1,76,20,56,38,10,28,38,10,28,40,12,28,35,7,28
2,182,66,116,89,34,55,92,32,60,89,35,54,92,30,62
1,124,30,94,47,12,35,65,18,47,52,14,38,72,16,56
3,100,38,62,52,20,32,47,18,29,46,18,28,54,20,34
4,296,186,110,149,94,55,140,92,48,153,91,62,134,86,48
0,108,52,56,52,24,28,56,28,28,64,36,28,43,15,28
0,98,42,56,50,22,28,48,20,28,57,29,28,41,13,28
1,122,26,96,56,14,42,60,12,48,55,15,40,67,11,56
3,94,32,62,47,16,31,47,16,31,50,16,34,43,15,28
2,162,62,100,81,30,51,81,32,49,91,35,56,70,26,44
4,110,42,68,60,20,40,50,22,28,48,20,28,61,21,40
2,98,36,62,48,18,30,49,18,31,46,18,28,52,18,34
2,114,44,70,61,24,37,53,20,33,55,21,34,58,22,36
3,100,44,56,50,22,28,50,22,28,57,29,28,43,15,28
3,204,84,120,90,40,50,104,44,60,119,51,68,85,33,52
4,120,46,74,57,22,35,62,24,38,55,23,32,65,23,42
3,98,40,58,49,20,29,49,20,29,48,18,30,50,22,28
1,120,22,98,44,10,34,61,12,49,56,14,42,64,8,56
0,104,50,54,51,24,27,53,26,27,57,31,26,47,19,28
0,124,54,70,60,24,36,64,30,34,73,31,42,51,23,28
2,100,42,58,49,20,29,51,22,29,49,21,28,51,21,30
3,80,22,58,38,10,28,41,12,29,39,9,30,41,13,28
1,124,30,94,54,14,40,63,16,47,53,15,38,71,15,56
2,102,40,62,51,20,31,51,20,31,48,20,28,54,20,34
4,114,50,64,55,24,31,58,26,32,64,32,32,50,18,32
0,106,50,56,52,24,28,54,26,28,61,33,28,44,16,28
4,100,40,60,50,20,30,50,20,30,50,18,32,50,22,28
1,102,32,70,48,16,32,48,16,32,42,14,28,60,18,42
4,100,44,56,50,22,28,50,22,28,56,28,28,44,16,28
2,106,40,66,53,20,33,53,20,33,47,19,28,58,20,38
1,106,22,84,52,10,42,50,12,38,40,12,28,65,9,56
4,138,62,76,70,30,40,68,32,36,55,29,26,78,28,50
3,98,38,60,48,18,30,50,20,30,59,27,32,39,11,28
0,286,146,140,130,66,64,149,80,69,162,84,78,122,60,62
3,98,34,64,47,16,31,51,18,33,54,22,32,44,12,32
2,146,46,100,72,22,50,74,24,50,51,21,30,95,25,70
0,106,50,56,52,24,28,54,26,28,60,32,28,45,17,28
2,112,44,68,52,20,32,60,24,36,53,23,30,59,21,38
4,90,34,56,44,16,28,46,18,28,45,17,28,45,17,28
0,122,52,70,56,24,32,66,28,38,71,31,40,51,21,30
1,122,28,94,53,14,39,61,14,47,52,14,38,70,14,56
4,102,48,54,51,24,27,51,24,27,46,20,26,56,28,28
0,90,30,60,44,14,30,46,16,30,45,13,32,45,17,28
1,114,24,90,48,12,36,57,12,45,48,14,34,66,10,56
1,118,28,90,44,12,32,61,16,45,49,13,36,68,14,54
4,112,42,70,60,22,38,52,20,32,46,20,26,66,22,44
3,86,30,56,42,14,28,44,16,28,43,15,28,43,15,28
2,92,40,52,46,20,26,46,20,26,48,22,26,38,12,26
0,116,54,62,57,26,31,59,28,31,66,32,34,46,18,28
1,126,34,92,57,16,41,64,18,46,52,16,36,73,17,56
3,84,28,56,40,12,28,44,16,28,40,12,28,43,15,28
4,118,46,72,54,20,34,64,26,38,63,27,36,55,19,36
2,160,48,112,82,24,58,78,24,54,60,24,36,100,24,76
1,108,22,86,38,10,28,55,12,43,43,13,30,64,8,56
1,116,22,94,44,10,34,59,12,47,52,14,38,64,8,56
1,116,24,92,36,8,28,63,16,47,48,12,36,67,11,56
1,112,24,88,50,12,38,56,12,44,45,13,32,67,11,56
1,116,24,92,58,12,46,53,12,41,49,13,36,67,11,56
2,104,44,60,51,22,29,53,22,31,50,22,28,54,22,32
0,114,50,64,54,24,30,58,26,32,71,35,36,43,15,28
2,106,46,60,53,22,31,53,24,29,51,23,28,55,23,32
3,78,20,58,39,10,29,39,10,29,38,8,30,40,12,28
3,104,34,70,51,16,35,52,18,34,54,18,36,50,16,34
3,100,40,60,50,20,30,50,20,30,54,26,28,45,13,32
4,112,56,56,54,26,28,58,30,28,60,32,28,49,21,28
2,182,80,102,94,42,52,85,38,47,124,54,70,58,26,32
2,128,48,80,61,24,37,67,24,43,50,20,30,77,27,50
1,112,18,94,37,8,29,57,10,47,49,11,38,63,7,56
0,106,46,60,53,24,29,52,22,30,59,27,32,43,15,28
1,118,22,96,55,10,45,60,12,48,54,14,40,64,8,56
2,184,70,114,103,36,67,80,34,46,98,40,58,84,28,56
3,102,32,70,53,16,37,49,16,33,64,22,42,38,10,28
0,140,66,74,77,36,41,63,30,33,67,29,38,71,35,36
4,262,88,174,128,44,84,133,44,89,150,48,102,107,35,72
4,114,44,70,58,22,36,56,22,34,49,21,28,65,23,42
4,136,44,92,68,20,48,68,24,44,48,20,28,88,24,64
1,88,26,62,38,10,28,47,16,31,39,11,28,49,15,34
2,104,44,60,52,22,30,52,22,30,47,21,26,56,22,34
1,114,24,90,50,14,36,55,10,45,48,14,34,66,10,56
0,110,52,58,53,24,29,57,28,29,63,33,30,47,19,28
4,152,58,94,74,28,46,77,30,47,67,29,38,85,29,56
1,128,34,94,62,16,46,65,18,47,56,18,38,71,15,56
0,104,44,60,49,20,29,55,24,31,63,31,32,41,13,28
2,116,46,70,60,24,36,56,22,34,62,26,36,54,20,34
3,92,36,56,46,18,28,46,18,28,46,18,28,46,18,28
3,100,42,58,45,18,27,55,24,31,48,18,30,52,24,28
4,110,40,70,54,20,34,56,20,36,47,19,28,62,20,42
1,112,30,82,40,12,28,59,18,41,41,13,28,71,17,54
2,104,42,62,51,20,31,53,22,31,51,21,30,53,21,32
3,106,48,58,54,24,30,52,24,28,47,19,28,59,29,30
1,112,24,88,56,12,44,56,12,44,46,14,32,66,10,56
4,134,42,92,72,22,50,62,20,42,47,19,28,86,22,64
2,196,66,130,82,28,54,114,38,76,94,42,52,102,24,78
3,114,34,80,51,16,35,59,18,41,71,23,48,43,11,32
0,162,82,80,80,42,38,80,40,40,113,61,52,48,20,28
2,130,48,82,70,22,48,60,26,34,50,22,28,80,26,54
3,86,28,58,41,14,27,45,14,31,46,16,30,39,11,28
2,102,42,60,50,20,30,52,22,30,50,20,30,52,22,30
2,216,86,130,90,40,50,126,46,80,119,57,62,96,28,68
2,100,42,58,49,20,29,51,22,29,49,21,28,51,21,30
1,118,26,92,38,10,28,62,16,46,51,15,36,67,11,56
4,284,114,170,125,52,73,150,62,88,147,49,98,135,63,72
3,92,32,60,45,16,29,47,16,31,47,17,30,45,15,30
4,112,46,66,55,22,33,56,24,32,67,29,38,45,17,28
3,88,30,58,45,16,29,42,14,28,44,16,28,44,14,30
4,98,42,56,48,20,28,50,22,28,57,29,28,41,13,28
0,120,56,64,60,28,32,59,28,31,77,41,36,43,15,28
1,108,22,86,43,12,31,53,10,43,48,12,36,60,10,50
4,102,40,62,50,20,30,51,20,31,47,19,28,54,20,34
4,118,54,64,62,28,34,56,26,30,51,21,30,66,32,34
0,104,48,56,52,24,28,52,24,28,56,28,28,48,20,28
2,142,64,78,74,36,38,61,28,33,75,33,42,65,29,36
4,338,140,198,158,70,88,179,70,109,153,69,84,181,67,114
2,154,46,108,73,22,51,81,24,57,56,22,34,98,24,74
4,168,70,98,74,32,42,89,38,51,86,40,46,82,30,52
4,116,54,62,56,26,30,60,28,32,69,35,34,46,18,28
0,136,70,66,61,30,31,75,40,35,84,48,36,51,21,30
3,82,26,56,40,12,28,42,14,28,40,12,28,42,14,28
0,120,40,80,57,18,39,62,22,40,75,23,52,45,17,28
4,94,38,56,46,18,28,48,20,28,47,19,28,47,19,28
0,112,42,70,54,20,34,58,22,36,66,24,42,46,18,28
2,102,42,60,53,22,31,49,20,29,50,22,28,52,20,32
4,110,52,58,54,26,28,55,26,29,53,23,30,56,28,28
1,130,34,96,62,16,46,67,18,49,57,19,38,72,14,58
1,112,22,90,38,10,28,57,12,45,47,13,34,65,9,56
0,104,46,58,51,22,29,52,24,28,60,30,30,44,16,28
4,130,52,78,61,26,35,68,26,42,63,23,40,66,28,38
2,160,56,104,81,28,53,79,28,51,70,26,44,88,28,60
4,116,54,62,60,28,32,55,26,29,56,24,32,60,30,30
3,146,46,100,69,20,49,77,26,51,70,22,48,73,21,52
3,88,32,56,41,14,27,47,18,29,42,14,28,45,17,28
3,96,40,56,49,20,29,47,20,27,51,23,28,45,17,28
1,90,28,62,45,14,31,44,14,30,42,14,28,48,14,34
2,114,44,70,59,22,37,55,22,33,51,21,30,63,23,40
4,98,40,58,48,20,28,50,20,30,46,18,28,51,21,30
1,118,22,96,38,10,28,60,12,48,53,13,40,64,8,56
4,158,48,110,73,22,51,85,26,59,57,23,34,101,25,76
1,112,22,90,38,10,28,57,12,45,48,14,34,64,8,56
4,112,52,60,53,24,29,59,28,31,49,23,26,63,29,34
1,108,18,90,41,8,33,55,10,45,46,12,34,62,6,56
3,224,110,114,114,60,54,98,50,48,145,69,76,79,41,38
4,228,116,112,112,60,52,112,56,56,145,75,70,75,33,42
0,100,44,56,50,22,28,50,22,28,58,30,28,42,14,28
2,102,38,64,49,18,31,53,20,33,46,18,28,56,20,36
4,162,88,74,82,44,38,80,44,36,106,56,50,55,31,24
3,94,32,62,48,16,32,46,16,30,51,17,34,42,14,28
2,110,42,68,54,20,34,56,22,34,47,19,28,63,23,40
4,132,40,92,65,20,45,66,20,46,50,20,30,82,20,62
4,142,56,86,71,28,43,71,28,43,50,22,28,92,34,58
0,108,50,58,53,24,29,55,26,29,66,36,30,42,14,28
4,98,38,60,46,18,28,52,20,32,53,21,32,45,17,28
0,106,46,60,52,22,30,54,24,30,59,27,32,43,15,28
1,104,24,80,40,10,30,54,14,40,41,11,30,63,13,50
0,106,50,56,54,26,28,52,24,28,61,33,28,45,17,28
1,120,26,94,41,12,29,68,14,54,50,12,38,69,13,56
2,132,52,80,64,24,40,68,28,40,65,29,36,67,23,44
4,140,52,88,75,30,45,65,22,43,48,20,28,90,30,60
4,106,60,46,51,30,21,55,30,25,46,26,20,60,34,26
2,128,54,74,62,26,36,66,28,38,52,24,28,76,30,46
4,120,58,62,61,30,31,58,28,30,62,28,34,57,29,28
2,126,40,86,46,18,28,80,22,58,54,20,34,70,18,52
4,114,40,74,59,20,39,55,20,35,47,19,28,66,20,46
1,118,32,86,43,14,29,61,18,43,47,17,30,70,14,56
4,186,104,82,87,48,39,97,56,41,116,70,46,70,34,36
1,120,26,94,45,12,33,63,14,49,51,13,38,69,13,56
3,98,40,58,47,18,29,51,22,29,56,26,30,42,14,28
4,82,24,58,34,10,24,47,14,33,41,11,30,41,13,28
4,222,102,120,94,42,52,124,60,64,112,52,60,109,49,60
3,148,46,102,74,22,52,74,24,50,74,22,52,72,22,50
4,144,42,102,74,22,52,70,20,50,48,20,28,96,22,74
0,108,52,56,52,24,28,56,28,28,64,36,28,43,15,28
0,110,54,56,54,26,28,56,28,28,63,35,28,46,18,28
2,240,144,96,112,68,44,128,76,52,119,73,46,109,59,50
1,108,20,88,38,10,28,54,10,44,43,11,32,65,9,56
1,84,26,58,42,12,30,42,14,28,40,12,28,44,14,30
0,138,66,72,66,34,32,66,32,34,85,43,42,51,21,30
0,108,50,58,52,24,28,56,26,30,60,30,30,48,20,28
0,88,32,56,42,14,28,46,18,28,45,17,28,43,15,28
3,88,30,58,43,14,29,45,16,29,50,20,30,38,10,28
4,106,46,60,52,22,30,54,24,30,63,31,32,43,15,28
4,108,46,62,53,22,31,55,24,31,52,22,30,56,24,32
1,114,22,92,38,10,28,58,12,46,50,14,36,64,8,56
4,108,50,58,55,26,29,52,24,28,65,35,30,43,15,28
1,116,26,90,43,12,31,59,14,45,47,13,34,69,13,56
2,128,46,82,67,22,45,61,24,37,47,21,26,81,25,56
4,110,42,68,55,20,35,55,22,33,48,20,28,61,21,40
3,120,46,74,56,22,34,64,24,40,56,20,36,62,24,38
1,114,30,84,55,14,41,52,16,36,47,17,30,67,13,54
0,102,44,58,51,22,29,51,22,29,57,27,30,45,17,28
3,102,42,60,47,18,29,55,24,31,47,17,30,52,22,30
1,114,22,92,39,10,29,58,12,46,50,14,36,64,8,56
0,102,42,60,50,20,30,52,22,30,52,20,32,50,22,28
4,292,88,204,127,36,91,159,52,107,169,49,120,118,34,84
0,110,52,58,57,28,29,53,24,29,60,30,30,49,21,28
4,122,56,66,58,26,32,63,30,33,57,23,34,65,33,32
3,98,30,68,48,14,34,50,16,34,57,17,40,41,13,28
1,116,26,90,59,14,45,57,12,45,49,15,34,67,11,56
4,124,44,80,67,22,45,57,22,35,48,20,28,75,23,52
4,142,48,94,66,22,44,76,26,50,50,22,28,91,25,66
3,100,42,58,45,16,29,55,26,29,53,23,30,47,19,28
2,112,44,68,55,22,33,57,22,35,50,22,28,62,22,40
3,88,30,58,42,14,28,46,16,30,43,15,28,45,15,30
4,100,46,54,53,26,27,47,20,27,47,21,26,50,22,28
4,90,32,58,42,14,28,48,18,30,43,15,28,47,17,30
1,80,22,58,38,10,28,41,12,29,39,11,28,41,11,30
1,110,34,76,48,16,32,55,18,37,45,17,28,65,17,48
2,164,54,110,86,26,60,78,28,50,58,24,34,105,29,76
0,102,46,56,50,22,28,52,24,28,58,30,28,44,16,28
4,130,46,84,64,22,42,66,24,42,49,21,28,81,25,56
2,136,44,92,73,24,49,63,20,43,45,19,26,90,24,66
0,108,50,58,57,28,29,51,22,29,60,30,30,47,19,28
0,104,48,56,52,24,28,52,24,28,60,32,28,44,16,28
2,268,178,90,130,82,48,138,96,42,137,85,52,116,78,38
4,120,54,66,65,28,37,55,26,29,60,28,32,60,26,34
2,110,40,70,55,20,35,55,20,35,46,18,28,64,22,42
0,110,50,60,54,24,30,56,26,30,68,36,32,42,14,28
1,128,40,88,48,18,30,66,22,44,51,15,36,77,25,52
0,104,48,56,50,22,28,54,26,28,60,32,28,44,16,28
3,132,52,80,55,24,31,74,28,46,56,28,28,75,23,52
0,110,48,62,55,24,31,55,24,31,68,34,34,42,14,28
1,98,36,62,52,18,34,46,18,28,46,18,28,52,18,34
1,112,20,92,56,10,46,50,10,40,47,11,36,65,9,56
1,76,20,56,38,10,28,38,10,28,40,12,28,36,8,28
3,100,40,60,47,18,29,52,22,30,51,19,32,41,13,28
3,108,30,78,52,14,38,56,16,40,73,23,50,35,7,28
0,114,56,58,54,26,28,59,30,29,65,35,30,45,17,28
3,82,24,58,40,12,28,42,12,30,43,15,28,39,9,30
0,76,56,20,38,28,10,38,28,10,36,26,10,40,30,10
3,94,28,66,52,14,38,42,14,28,51,15,36,43,13,30
0,134,70,64,73,38,35,61,32,29,66,36,30,63,29,34
0,106,48,58,51,22,29,55,26,29,63,33,30,43,15,28
1,100,22,78,49,10,39,45,12,33,40,12,28,60,10,50
3,94,38,56,46,18,28,48,20,28,44,16,28,44,16,28
1,112,24,88,49,10,39,58,14,44,47,15,32,65,9,56
1,120,28,92,43,12,31,65,16,49,48,12,36,71,15,56
4,132,54,78,61,24,37,71,30,41,64,28,36,67,25,42
1,118,22,96,49,10,39,60,12,48,52,12,40,66,10,56
3,76,16,60,38,8,30,38,8,30,39,7,32,37,9,28
2,142,52,90,70,26,44,72,26,46,75,27,48,66,24,42
3,80,24,56,40,12,28,40,12,28,37,9,28,43,15,28
0,100,44,56,50,22,28,50,22,28,50,22,28,50,22,28
0,122,60,62,69,36,33,52,24,28,79,45,34,43,15,28
0,100,46,54,49,22,27,51,24,27,59,31,28,41,15,26
0,106,50,56,52,24,28,54,26,28,62,34,28,43,15,28
4,152,46,106,74,22,52,78,24,54,49,21,28,103,25,78
2,122,54,68,56,24,32,63,30,33,71,33,38,51,21,30
3,136,68,68,68,34,34,66,34,32,62,30,32,74,38,36
2,376,148,228,161,60,101,212,88,124,174,66,108,200,80,120
1,116,24,92,58,12,46,57,12,45,51,15,36,65,9,56
2,134,44,90,68,22,46,66,22,44,48,20,28,86,24,62
3,152,56,96,73,24,49,79,32,47,57,23,34,94,32,62
4,114,56,58,57,28,29,57,28,29,54,24,30,59,31,28
0,106,50,56,50,22,28,56,28,28,61,33,28,44,16,28
3,98,40,58,47,18,29,51,22,29,50,20,30,46,18,28
4,180,88,92,80,38,42,99,50,49,112,52,60,67,35,32
0,88,58,30,44,30,14,44,28,16,44,30,14,44,28,16
2,156,56,100,77,26,51,79,30,49,61,23,38,95,33,62
1,102,22,80,38,10,28,52,12,40,39,11,28,62,10,52
4,100,44,56,50,22,28,50,22,28,59,31,28,41,13,28
2,110,44,66,57,22,35,53,22,31,50,20,30,58,22,36
0,106,50,56,52,24,28,54,26,28,60,32,28,45,17,28
0,106,48,58,53,24,29,53,24,29,62,32,30,44,16,28
0,110,54,56,54,26,28,56,28,28,61,33,28,49,21,28
3,98,42,56,46,18,28,52,24,28,56,28,28,42,14,28
3,90,34,56,44,16,28,46,18,28,45,17,28,45,17,28
2,118,44,74,60,22,38,58,22,36,49,21,28,69,23,46
1,124,28,96,60,14,46,62,14,48,56,16,40,67,11,56
4,106,44,62,54,22,32,52,22,30,48,20,28,58,24,34
3,112,48,64,55,24,31,57,24,33,52,24,28,59,23,36
0,112,54,58,56,26,30,56,28,28,51,23,28,61,31,30
0,118,58,60,54,26,28,63,32,31,68,36,32,47,19,28
1,112,26,86,57,14,43,53,12,41,43,13,30,69,13,56
3,104,40,64,52,20,32,52,20,32,57,21,36,46,18,28
1,120,26,94,53,14,39,59,12,47,53,15,38,67,11,56
0,104,48,56,52,24,28,52,24,28,58,30,28,46,18,28
3,86,26,60,41,12,29,44,14,30,44,14,30,42,12,30
3,120,50,70,59,24,35,58,26,32,61,25,36,59,25,34
1,116,28,88,58,14,44,53,14,39,47,15,32,69,13,56
3,94,36,58,47,18,29,46,18,28,51,23,28,43,13,30
2,120,54,66,54,24,30,66,30,36,62,28,34,58,26,32
1,108,20,88,52,10,42,54,10,44,45,13,32,62,6,56
1,116,22,94,55,10,45,59,12,47,52,14,38,64,8,56
2,148,48,100,74,24,50,74,24,50,72,24,48,76,24,52
4,204,96,108,117,56,61,84,40,44,91,41,50,111,53,58
3,108,22,86,38,10,28,56,12,44,44,10,34,64,12,52
2,134,46,88,76,22,54,58,24,34,49,21,28,85,25,60
0,106,48,58,51,22,29,55,26,29,63,33,30,43,15,28
0,144,50,94,66,22,44,73,28,45,62,30,32,82,20,62
1,144,40,104,45,16,29,79,24,55,76,26,50,68,14,54
4,276,122,154,158,66,92,110,56,54,169,81,88,106,40,66
1,104,24,80,52,12,40,47,12,35,41,13,28,63,11,52
2,118,44,74,53,20,33,64,24,40,50,20,30,67,23,44
2,116,48,68,55,22,33,60,26,34,53,23,30,63,25,38
0,104,48,56,50,22,28,54,26,28,63,35,28,41,13,28
4,154,58,96,75,28,47,79,30,49,54,26,28,100,32,68
4,122,54,68,58,24,34,64,30,34,53,23,30,69,31,38
0,106,50,56,49,22,27,56,28,28,61,33,28,45,17,28
2,146,46,100,73,22,51,73,24,49,62,22,40,83,23,60
4,110,48,62,56,24,32,54,24,30,54,26,28,55,21,34
2,140,48,92,66,24,42,74,24,50,51,23,28,89,25,64
0,112,50,62,60,26,34,52,24,28,69,35,34,43,15,28
0,104,46,58,51,22,29,53,24,29,60,30,30,44,16,28
4,92,36,56,46,18,28,46,18,28,45,17,28,47,19,28
1,96,22,74,49,12,37,38,10,28,40,12,28,56,10,46
3,94,34,60,49,18,31,45,16,29,46,16,30,48,18,30
2,102,42,60,50,20,30,52,22,30,49,21,28,53,21,32
4,124,62,62,59,30,29,65,32,33,56,26,30,67,35,32
3,84,26,58,40,12,28,43,14,29,44,16,28,40,10,30
0,126,48,78,61,22,39,63,26,37,79,29,50,47,19,28
4,104,48,56,52,24,28,52,24,28,62,34,28,42,14,28
1,118,22,96,39,10,29,60,12,48,54,14,40,64,8,56
4,98,42,56,48,20,28,50,22,28,57,29,28,40,12,28
2,114,42,72,54,20,34,60,22,38,48,20,28,66,22,44
3,94,36,58,44,16,28,50,20,30,54,24,30,39,11,28
0,106,44,62,51,20,31,54,24,30,58,24,34,48,20,28
2,114,44,70,63,22,41,51,22,29,48,20,28,66,24,42
2,146,64,82,66,30,36,78,34,44,74,32,42,72,32,40
3,94,38,56,46,18,28,48,20,28,44,16,28,49,21,28
4,102,46,56,50,22,28,52,24,28,55,27,28,43,15,28
4,112,44,68,57,22,35,55,22,33,48,20,28,63,23,40
4,96,40,56,48,20,28,48,20,28,46,18,28,50,22,28
0,112,52,60,54,24,30,58,28,30,67,35,32,45,17,28
0,108,50,58,54,24,30,54,26,28,57,27,30,47,19,28
3,86,30,56,42,14,28,44,16,28,43,15,28,43,15,28
2,106,38,68,53,18,35,53,20,33,46,18,28,60,20,40
0,92,34,58,47,18,29,45,16,29,45,15,30,47,19,28
1,126,32,94,58,16,42,63,16,47,56,18,38,70,14,56
0,114,54,60,56,26,30,58,28,30,69,37,32,45,17,28
0,104,48,56,50,22,28,54,26,28,61,33,28,43,15,28
2,110,48,62,55,24,31,54,24,30,53,23,30,56,24,32
4,114,58,56,56,28,28,58,30,28,65,37,28,49,21,28
3,82,26,56,40,12,28,42,14,28,45,17,28,37,9,28
3,92,34,58,45,16,29,47,18,29,50,20,30,42,14,28
4,116,40,76,59,20,39,57,20,37,47,19,28,69,21,48
3,110,40,70,53,18,35,57,22,35,62,20,42,48,20,28
3,112,40,72,55,20,35,57,20,37,64,20,44,48,20,28
4,178,58,120,100,30,70,78,28,50,96,36,60,80,20,60
2,120,46,74,61,22,39,59,24,35,49,21,28,71,25,46
2,118,44,74,66,22,44,52,22,30,47,21,26,71,23,48
2,140,54,86,76,28,48,64,26,38,63,25,38,77,29,48
2,118,40,78,61,20,41,57,20,37,48,20,28,70,20,50
2,106,40,66,52,20,32,54,20,34,50,20,30,56,20,36
1,348,150,198,174,84,90,163,66,97,179,75,104,163,69,94
0,122,58,64,60,28,32,62,30,32,75,37,38,47,21,26
1,106,30,76,42,14,28,54,16,38,42,14,28,64,16,48
1,118,22,96,46,10,36,60,12,48,54,14,40,64,8,56
4,100,44,56,48,20,28,52,24,28,58,30,28,41,13,28
2,152,50,102,73,24,49,79,26,53,58,24,34,93,25,68
4,118,52,66,61,26,35,57,26,31,70,34,36,47,17,30
4,98,42,56,46,20,26,52,22,30,44,18,26,54,24,30
2,102,38,64,50,18,32,52,20,32,47,19,28,55,19,36
1,114,24,90,51,12,39,57,12,45,49,15,34,65,9,56
4,130,46,84,64,22,42,66,24,42,48,20,28,82,26,56
0,100,44,56,49,20,29,51,24,27,58,30,28,42,14,28
1,118,26,92,38,10,28,65,16,49,48,12,36,69,13,56
1,118,24,94,59,12,47,52,12,40,53,15,38,65,9,56
1,100,20,80,36,8,28,52,12,40,42,12,30,57,7,50
4,114,54,60,57,26,31,57,28,29,53,23,30,61,31,30
4,122,58,64,60,28,32,62,30,32,50,22,28,72,36,36
0,104,42,62,53,22,31,50,20,30,53,21,32,51,21,30
2,150,42,108,77,20,57,73,22,51,55,19,36,93,21,72
4,142,50,92,78,26,52,64,24,40,56,24,32,86,26,60
0,118,44,74,59,22,37,59,22,37,64,18,46,54,26,28
0,116,46,70,61,26,35,54,20,34,72,30,42,44,16,28
3,92,34,58,46,18,28,46,16,30,44,16,28,48,18,30
0,110,52,58,55,26,29,54,26,28,62,32,30,48,20,28
0,110,50,60,56,26,30,54,24,30,59,31,28,51,19,32
1,136,34,102,72,18,54,64,16,48,48,18,30,88,16,72
0,116,56,60,56,26,30,60,30,30,69,37,32,47,19,28
4,126,48,78,69,24,45,57,24,33,47,19,28,78,28,50
3,94,38,56,46,18,28,48,20,28,44,16,28,50,22,28
4,100,40,60,50,20,30,50,20,30,53,21,32,47,19,28
3,100,38,62,47,18,29,51,20,31,50,16,34,49,21,28
3,98,42,56,48,20,28,50,22,28,47,19,28,51,23,28
2,114,56,58,58,28,30,56,28,28,54,26,28,60,30,30
0,108,50,58,54,24,30,54,26,28,53,25,28,46,16,30
0,116,52,64,53,24,29,63,28,35,53,23,30,62,28,34
3,116,46,70,60,24,36,54,22,32,62,22,40,54,24,30
1,116,24,92,46,12,34,58,12,46,49,13,36,67,11,56
3,102,34,68,49,16,33,53,18,35,59,19,40,39,11,28
4,144,44,100,72,22,50,72,22,50,47,19,28,96,24,72
3,110,46,64,58,24,34,51,22,29,57,21,36,51,23,28
0,112,50,62,54,24,30,58,26,32,69,35,34,43,15,28
3,120,44,76,60,22,38,56,22,34,43,13,30,75,29,46
2,96,36,60,47,18,29,49,18,31,46,18,28,50,18,32
4,104,48,56,52,24,28,52,24,28,55,27,28,44,16,28
0,112,42,70,52,20,32,58,22,36,65,23,42,47,19,28
0,110,48,62,55,24,31,55,24,31,70,36,34,40,12,28
0,118,58,60,57,28,29,60,30,30,57,25,32,59,31,28
2,152,44,108,80,22,58,72,22,50,60,22,38,92,22,70
2,274,108,166,107,48,59,165,60,105,145,61,84,127,45,82
4,98,30,68,47,14,33,51,16,35,46,16,30,52,14,38
3,86,28,58,43,14,29,43,14,29,44,14,30,41,13,28
3,100,38,62,51,20,31,49,18,31,56,22,34,44,16,28
1,88,28,60,43,14,29,44,14,30,42,14,28,46,14,32
2,104,40,64,52,20,32,52,20,32,50,20,30,54,20,34
4,98,40,58,47,20,27,50,20,30,49,19,30,49,21,28
2,140,68,72,70,34,36,69,34,35,79,43,36,61,25,36
2,104,44,60,53,22,31,51,22,29,51,21,30,53,23,30
1,112,22,90,55,12,43,47,10,37,45,11,34,67,11,56
3,106,44,62,53,22,31,53,22,31,61,27,34,44,16,28
0,114,56,58,57,28,29,57,28,29,67,37,30,47,19,28
3,98,36,62,53,18,35,45,18,27,48,16,32,50,20,30
3,98,38,60,51,20,31,47,18,29,50,18,32,48,20,28
4,120,64,56,58,30,28,62,34,28,60,32,28,57,29,28
3,86,30,56,44,16,28,42,14,28,49,21,28,37,9,28
1,114,22,92,41,10,31,58,12,46,50,14,36,64,8,56
3,100,38,62,46,18,28,54,20,34,49,17,32,48,18,30
1,120,24,96,60,12,48,60,12,48,56,16,40,64,8,56
2,164,48,116,80,22,58,84,26,58,64,24,40,100,24,76
1,116,26,90,57,12,45,58,14,44,48,14,34,68,12,56
3,86,28,58,43,14,29,43,14,29,44,14,30,42,14,28
3,112,42,70,57,22,35,53,20,33,63,25,38,49,17,32
2,118,40,78,59,20,39,59,20,39,46,18,28,70,20,50
0,102,42,60,50,20,30,52,22,30,49,21,28,53,21,32
0,100,42,58,49,20,29,51,22,29,59,29,30,41,13,28
3,94,32,62,49,18,31,44,14,30,48,14,34,46,18,28
4,104,50,54,49,22,27,55,28,27,55,29,26,48,20,28
4,114,58,56,58,30,28,56,28,28,53,25,28,60,32,28
0,114,52,62,55,24,31,58,28,30,66,34,32,48,18,30
1,110,26,84,40,12,28,56,14,42,42,14,28,67,11,56
1,112,26,86,50,12,38,57,14,43,44,14,30,68,12,56
3,128,50,78,61,26,35,67,24,43,90,40,50,38,10,28
3,78,16,62,39,8,31,37,8,29,42,8,34,36,8,28
1,112,22,90,47,10,37,57,12,45,47,13,34,64,8,56
0,138,60,78,64,28,36,70,32,38,96,46,50,42,14,28
2,136,44,92,70,22,48,66,22,44,50,22,28,86,22,64
3,120,52,68,50,22,28,70,30,40,50,20,30,67,29,38
0,100,44,56,50,22,28,50,22,28,59,31,28,41,13,28
1,78,22,56,37,10,27,40,12,28,40,14,26,38,8,30
3,104,48,56,49,22,27,54,26,28,60,30,30,44,18,26
0,100,44,56,50,22,28,50,22,28,58,30,28,42,14,28
0,112,54,58,54,26,28,57,28,29,66,36,30,46,18,28
4,108,44,64,54,22,32,54,22,32,50,22,28,58,22,36
1,116,24,92,51,12,39,58,12,46,50,14,36,66,10,56
0,102,46,56,52,24,28,50,22,28,59,31,28,42,14,28
2,160,50,110,82,24,58,78,26,52,64,24,40,94,24,70
1,124,28,96,46,12,34,68,16,52,54,14,40,70,14,56
3,106,46,60,51,22,29,55,24,31,51,21,30,54,24,30
1,108,24,84,38,10,28,56,14,42,45,13,32,63,11,52
3,100,36,64,46,16,30,54,20,34,55,21,34,45,15,30
1,120,22,98,38,10,28,61,12,49,57,15,42,63,7,56
2,118,50,68,57,24,33,60,26,34,53,23,30,65,27,38
0,106,50,56,52,24,28,54,26,28,60,32,28,46,18,28
1,110,22,88,38,10,28,56,12,44,46,14,32,64,8,56
2,116,52,64,53,24,29,63,28,35,48,20,28,67,31,36
3,102,46,56,50,22,28,52,24,28,60,32,28,41,13,28
0,106,50,56,52,24,28,54,26,28,61,33,28,44,16,28
2,122,60,62,60,30,30,62,30,32,54,24,30,68,36,32
1,116,22,94,47,10,37,59,12,47,50,12,38,66,10,56
0,106,36,70,51,16,35,55,20,35,60,18,42,46,18,28
0,212,90,122,79,36,43,131,54,77,138,64,74,69,21,48
3,166,80,86,80,40,40,83,40,43,59,23,36,104,54,50
2,126,48,78,60,24,36,66,24,42,49,21,28,77,27,50
0,172,64,108,83,30,53,89,34,55,79,31,48,92,32,60
1,124,30,94,56,16,40,61,14,47,52,14,38,71,15,56
1,114,22,92,41,10,31,58,12,46,48,12,36,66,10,56
0,98,44,54,49,22,27,49,22,27,55,29,26,43,15,28
0,102,44,58,53,24,29,48,20,28,53,23,30,48,20,28
2,104,42,62,51,20,31,53,22,31,51,21,30,53,21,32
0,126,64,62,59,30,29,67,34,33,82,48,34,43,15,28
4,224,80,144,120,36,84,104,44,60,122,46,76,102,34,68
2,138,58,80,62,26,36,76,32,44,62,28,34,76,30,46
2,100,40,60,53,22,31,47,18,29,47,19,28,52,20,32
4,234,98,136,112,48,64,122,50,72,114,52,62,118,44,74
3,72,16,56,34,6,28,38,10,28,37,9,28,35,7,28
2,168,54,114,78,24,54,90,30,60,60,22,38,106,30,76
4,100,44,56,50,22,28,50,22,28,59,31,28,41,13,28
1,116,24,92,55,12,43,58,12,46,50,14,36,66,10,56
1,118,24,94,48,12,36,59,12,47,52,14,38,66,10,56
3,92,32,60,40,14,26,46,18,28,47,19,28,45,13,32
4,120,54,66,59,26,33,61,28,33,67,29,38,53,25,28
2,110,44,66,53,20,33,57,24,33,51,23,28,59,21,38
4,102,42,60,50,20,30,52,22,30,52,22,30,50,20,30
3,94,38,56,48,20,28,46,18,28,47,19,28,46,18,28
0,96,34,62,49,18,31,47,16,31,49,15,34,47,19,28
1,118,26,92,57,14,43,58,12,46,50,14,36,68,12,56
3,92,34,58,45,16,29,47,18,29,52,22,30,40,12,28
2,104,38,66,51,18,33,53,20,33,46,18,28,57,19,38
1,106,20,86,50,10,40,53,10,43,41,11,30,65,9,56
1,104,22,82,49,12,37,51,10,41,40,12,28,64,10,54
3,104,44,60,51,22,29,53,22,31,48,18,30,55,25,30
3,86,30,56,42,14,28,44,16,28,42,14,28,44,16,28
4,98,42,56,48,20,28,50,22,28,57,29,28,41,13,28
4,112,48,64,57,24,33,55,24,31,52,22,30,60,26,34
1,124,26,98,39,10,29,65,16,49,56,14,42,68,12,56
3,86,28,58,44,14,30,42,14,28,40,12,28,46,16,30
3,102,44,58,51,22,29,51,22,29,58,30,28,44,14,30
0,98,40,58,46,18,28,51,22,29,55,25,30,43,15,28
0,106,48,58,52,24,28,53,24,29,64,34,30,42,14,28
1,118,26,92,50,14,36,58,12,46,51,15,36,67,11,56
1,114,20,94,57,10,47,56,10,46,50,12,38,64,8,56
3,90,32,58,45,16,29,44,16,28,50,20,30,40,12,28
1,110,22,88,38,10,28,56,12,44,44,12,32,65,9,56
0,104,44,60,51,20,31,53,24,29,61,29,32,43,15,28
0,104,48,56,52,24,28,52,24,28,61,33,28,42,14,28
1,122,26,96,52,14,38,60,12,48,54,14,40,67,11,56
4,106,48,58,53,24,29,52,24,28,63,33,30,42,14,28
0,110,54,56,52,24,28,58,30,28,62,34,28,48,20,28
3,80,22,58,39,10,29,41,12,29,41,11,30,38,10,28
4,94,38,56,46,18,28,48,20,28,47,19,28,47,19,28
4,116,56,60,54,26,28,62,30,32,51,23,28,63,31,32
2,110,44,66,56,22,34,53,22,31,51,21,30,59,23,36
2,96,38,58,47,18,29,49,20,29,47,19,28,49,19,30
0,106,48,58,53,24,29,53,24,29,61,31,30,45,17,28
4,104,40,64,48,18,30,55,22,33,49,19,30,55,21,34
2,118,40,78,59,20,39,58,20,38,50,20,30,68,20,48
2,146,56,90,77,28,49,69,28,41,60,28,32,86,28,58
3,96,40,56,50,22,28,45,18,27,55,27,28,41,13,28
3,84,26,58,41,12,29,43,14,29,39,9,30,43,15,28
3,76,18,58,36,8,28,40,10,30,39,11,28,37,7,30
2,134,38,96,60,18,42,74,20,54,54,20,34,80,18,62
0,130,62,68,66,30,36,64,32,32,81,41,40,49,21,28
3,98,38,60,45,16,29,53,22,31,50,18,32,48,20,28
3,172,64,108,73,32,41,90,32,58,89,27,62,82,36,46
4,150,46,104,74,22,52,76,24,52,48,20,28,102,26,76
2,122,68,54,56,32,24,65,36,29,48,26,22,71,39,32
3,78,22,56,38,10,28,40,12,28,39,11,28,39,11,28
2,136,46,90,64,22,42,72,24,48,48,20,28,87,25,62
1,112,22,90,38,10,28,57,12,45,46,12,34,66,10,56
1,122,30,92,52,12,40,65,18,47,51,17,34,71,13,58
2,184,76,108,92,38,54,91,38,53,96,38,58,83,33,50
0,118,52,66,55,24,31,62,28,34,70,32,38,48,20,28
4,94,34,60,46,16,30,48,18,30,49,17,32,45,17,28
4,124,52,72,50,22,28,74,30,44,72,28,44,48,20,28
0,110,40,70,52,18,34,57,22,35,64,22,42,46,18,28
1,114,24,90,39,10,29,59,14,45,48,14,34,66,10,56
0,114,54,60,58,28,30,55,26,29,66,34,32,47,19,28
1,120,24,96,49,12,37,60,12,48,54,14,40,66,10,56
3,94,38,56,46,18,28,48,20,28,49,21,28,43,15,28
1,126,30,96,52,14,38,64,16,48,58,18,40,68,12,56
0,108,52,56,54,26,28,54,26,28,62,34,28,46,18,28
2,150,48,102,77,24,53,73,24,49,49,21,28,100,26,74
2,98,40,58,48,20,28,50,20,30,47,19,28,51,21,30
0,110,52,58,54,26,28,56,26,30,57,29,28,46,16,30
1,114,24,90,50,12,38,57,12,45,48,14,34,65,9,56
3,88,32,56,44,16,28,44,16,28,44,16,28,44,16,28
3,116,54,62,60,28,32,55,26,29,59,25,34,57,29,28
2,116,46,70,58,24,34,58,22,36,50,20,30,66,26,40
0,106,50,56,52,24,28,54,26,28,61,33,28,45,17,28
3,94,36,58,47,18,29,47,18,29,52,22,30,42,14,28
3,96,30,66,52,16,36,44,14,30,48,16,32,48,14,34
3,96,38,58,47,18,29,49,20,29,52,22,30,44,16,28
4,102,46,56,50,22,28,52,24,28,57,29,28,45,17,28
3,94,32,62,47,16,31,47,16,31,54,20,34,40,12,28
0,102,46,56,50,22,28,52,24,28,56,28,28,46,18,28
0,106,48,58,53,24,29,53,24,29,64,34,30,42,14,28
0,102,46,56,50,22,28,52,24,28,60,32,28,42,14,28
4,114,42,72,55,20,35,58,22,36,48,20,28,65,21,44
2,106,44,62,53,22,31,53,22,31,49,21,28,57,23,34
4,192,88,104,110,48,62,81,40,41,81,39,42,108,46,62
4,122,50,72,54,24,30,68,26,42,57,25,32,65,25,40
0,126,56,70,60,26,34,61,30,31,72,36,36,53,19,34
4,90,34,56,44,16,28,46,18,28,45,15,30,45,19,26
1,122,44,78,48,20,28,63,24,39,48,20,28,74,24,50
0,100,46,54,51,24,27,49,22,27,57,31,26,43,15,28
1,82,22,60,38,10,28,42,12,30,39,11,28,42,10,32
2,106,50,56,52,24,28,54,26,28,51,23,28,55,27,28
1,120,28,92,48,14,34,60,14,46,48,12,36,72,16,56
4,118,42,76,58,20,38,60,22,38,49,21,28,69,21,48
1,120,24,96,58,12,46,60,12,48,54,14,40,65,9,56
0,172,84,88,73,36,37,98,48,50,79,35,44,90,46,44
1,116,28,88,45,12,33,64,16,48,48,12,36,67,15,52
2,110,40,70,55,20,35,55,20,35,47,19,28,63,21,42
1,112,34,78,55,16,39,56,18,38,42,16,26,70,18,52
0,146,74,72,69,34,35,74,40,34,88,48,40,55,23,32
2,140,42,98,69,20,49,71,22,49,51,21,30,89,21,68
3,92,34,58,44,16,28,47,18,29,46,16,30,46,18,28
0,92,38,54,45,18,27,47,20,27,51,25,26,41,13,28
3,74,18,56,36,8,28,38,10,28,37,9,28,37,9,28
4,102,46,56,50,22,28,52,24,28,57,29,28,45,17,28
3,94,36,58,45,16,29,49,20,29,53,23,30,40,12,28
0,100,44,56,50,22,28,50,22,28,58,30,28,42,14,28
0,86,28,58,43,14,29,43,14,29,44,14,30,42,14,28
3,196,70,126,90,34,56,96,36,60,107,37,70,87,31,56
4,114,54,60,56,26,30,58,28,30,54,24,30,59,29,30
1,122,36,86,63,20,43,56,16,40,47,17,30,75,19,56
4,148,44,104,72,22,50,75,22,53,50,20,30,98,24,74
2,98,36,62,49,18,31,49,18,31,46,18,28,52,18,34
2,108,48,60,54,24,30,54,24,30,50,22,28,58,26,32
1,102,22,80,50,12,38,50,10,40,40,12,28,62,10,52
4,108,46,62,58,24,34,50,22,28,48,20,28,60,26,34
4,104,56,48,52,28,24,52,28,24,45,21,24,58,34,24
1,100,22,78,44,10,34,51,12,39,39,11,28,61,11,50
3,88,30,58,42,14,28,46,16,30,51,21,30,37,9,28
2,112,46,66,58,24,34,54,22,32,53,23,30,59,23,36
4,158,72,86,67,32,35,91,40,51,91,39,52,64,30,34
0,108,54,54,53,26,27,55,28,27,51,25,26,55,27,28
0,104,50,54,51,24,27,53,26,27,61,35,26,43,15,28
3,138,44,94,64,22,42,74,22,52,68,22,46,68,20,48
1,112,34,78,55,16,39,54,18,36,45,17,28,66,16,50
4,112,54,58,58,28,30,54,26,28,64,34,30,48,20,28
1,110,22,88,38,10,28,56,12,44,45,13,32,65,9,56
0,106,50,56,54,26,28,52,24,28,64,36,28,42,14,28
0,112,52,60,50,22,28,61,30,31,66,34,32,46,18,28
4,106,48,58,52,24,28,53,24,29,62,32,30,44,16,28
4,118,42,76,62,20,42,56,22,34,61,21,40,56,20,36
3,78,22,56,41,12,29,37,10,27,38,10,28,40,12,28
1,118,22,96,42,10,32,60,12,48,54,14,40,64,8,56
2,104,42,62,51,20,31,53,22,31,47,19,28,56,22,34
4,98,42,56,48,20,28,50,22,28,58,30,28,40,12,28
0,90,30,60,44,14,30,46,16,30,45,13,32,45,17,28
4,94,36,58,47,18,29,47,18,29,46,18,28,48,18,30
0,106,48,58,50,22,28,55,26,29,62,32,30,44,16,28
3,104,44,60,48,20,28,56,24,32,58,26,32,46,18,28
0,200,102,98,94,48,46,102,54,48,127,73,54,71,27,44
4,114,56,58,57,28,29,57,28,29,56,30,26,58,26,32
1,120,44,76,60,22,38,59,22,37,72,26,46,48,18,30
3,82,22,60,37,8,29,44,14,30,47,15,32,35,7,28
1,120,22,98,49,10,39,61,12,49,56,14,42,64,8,56
3,96,40,56,50,22,28,46,18,28,50,22,28,46,18,28
2,146,44,102,76,22,54,70,22,48,55,21,34,90,22,68
2,172,54,118,88,26,62,84,28,56,61,25,36,111,29,82
3,94,26,68,47,12,35,47,14,33,52,14,38,42,12,30
2,124,46,78,57,22,35,67,24,43,49,21,28,75,25,50
3,92,36,56,46,18,28,46,18,28,51,23,28,41,13,28
3,92,32,60,45,16,29,47,16,31,48,20,28,44,12,32
4,126,48,78,58,26,32,67,22,45,68,26,42,57,21,36
3,88,24,64,44,12,32,43,12,31,52,16,36,36,8,28
1,124,28,96,51,14,37,64,14,50,55,15,40,69,13,56
3,82,26,56,40,12,28,42,14,28,41,13,28,41,13,28
1,112,22,90,49,10,39,57,12,45,46,12,34,66,10,56
3,118,52,66,60,26,34,58,26,32,68,30,38,49,21,28
1,124,36,88,62,18,44,62,18,44,48,16,32,76,20,56
3,120,42,78,59,20,39,61,22,39,73,23,50,47,19,28
1,88,20,68,43,10,33,44,10,34,47,11,36,41,9,32
3,112,58,54,59,30,29,52,28,24,48,22,26,63,35,28
3,94,30,64,46,14,32,48,16,32,47,17,30,47,13,34
2,122,50,72,59,24,35,62,26,36,52,22,30,70,28,42
1,96,18,78,36,8,28,49,10,39,37,9,28,59,9,50
4,104,42,62,51,20,31,53,22,31,50,20,30,53,21,32
1,118,22,96,41,10,31,60,12,48,54,14,40,64,8,56
3,84,28,56,42,14,28,42,14,28,42,14,28,38,10,28
0,94,36,58,45,16,29,49,20,29,49,19,30,45,17,28
2,110,46,64,55,22,33,55,24,31,49,21,28,60,24,36
1,114,24,90,57,12,45,57,12,45,48,14,34,66,10,56
3,96,40,56,48,20,28,48,20,28,54,26,28,42,14,28
2,140,44,96,70,22,48,70,22,48,48,20,28,92,24,68
2,118,46,72,62,22,40,56,24,32,51,21,30,67,25,42
4,148,42,106,74,20,54,74,22,52,47,19,28,101,23,78
2,110,40,70,55,20,35,55,20,35,50,20,30,60,20,40
4,106,48,58,52,24,28,54,24,30,58,28,30,48,20,28
1,98,24,74,49,12,37,41,12,29,40,12,28,58,12,46
1,104,22,82,38,10,28,53,12,41,42,14,28,62,8,54
4,104,48,56,52,24,28,52,24,28,60,32,28,44,16,28
2,144,46,98,77,24,53,67,22,45,53,21,32,91,25,66
3,96,38,58,47,18,29,48,20,28,47,17,30,49,21,28
1,108,24,84,51,12,39,54,12,42,41,13,28,65,9,56
4,122,52,70,66,28,38,56,24,32,48,20,28,73,31,42
0,154,74,80,76,38,38,78,36,42,93,47,46,60,26,34
0,122,64,58,59,30,29,63,34,29,68,38,30,50,22,28
4,114,54,60,56,26,30,57,28,29,55,25,30,59,29,30
3,104,46,58,51,22,29,53,24,29,47,19,28,55,25,30
0,156,74,82,74,36,38,81,38,43,86,46,40,69,27,42
0,112,54,58,56,26,30,56,28,28,66,36,30,46,18,28
0,102,44,58,50,22,28,51,22,29,61,31,30,41,13,28
2,98,40,58,50,20,30,48,20,28,47,19,28,51,21,30
0,100,44,56,50,22,28,50,22,28,58,30,28,42,14,28
2,120,52,68,61,26,35,58,26,32,70,30,40,50,22,28
1,102,22,80,41,10,31,52,12,40,39,11,28,63,11,52
0,104,46,58,50,22,28,54,24,30,62,32,30,42,14,28
0,110,52,58,53,24,29,57,28,29,66,36,30,43,15,28
0,108,52,56,50,22,28,58,30,28,61,33,28,46,18,28
2,130,62,68,64,28,36,66,34,32,77,41,36,53,21,32
1,122,30,92,55,12,43,64,18,46,52,16,36,70,14,56
2,136,46,90,65,22,43,71,24,47,54,22,32,82,24,58
4,118,46,72,54,22,32,64,24,40,49,21,28,69,25,44
4,104,48,56,52,24,28,52,24,28,58,30,28,45,17,28
3,90,34,56,44,16,28,46,18,28,44,16,28,46,18,28
2,106,42,64,49,20,29,56,22,34,48,20,28,58,22,36
2,102,38,64,49,18,31,52,20,32,49,19,30,53,19,34
1,118,32,86,59,16,43,59,16,43,46,16,30,71,15,56
1,120,30,90,59,16,43,59,14,45,50,16,34,70,14,56
0,148,70,78,64,30,34,83,40,43,92,48,44,54,20,34
0,104,46,58,50,22,28,54,24,30,62,32,30,42,14,28
4,152,58,94,76,30,46,76,28,48,58,24,34,94,34,60
1,124,30,94,54,14,40,63,16,47,53,15,38,70,14,56
4,114,44,70,56,22,34,58,22,36,52,22,30,62,22,40
1,102,20,82,51,10,41,39,10,29,39,11,28,63,9,54
0,94,38,56,46,18,28,48,20,28,54,26,28,40,12,28
2,86,30,56,42,14,28,44,16,28,44,16,28,42,14,28
2,102,38,64,49,18,31,53,20,33,46,18,28,56,20,36
2,114,52,62,58,26,32,56,26,30,52,24,28,62,28,34
3,94,36,58,45,16,29,49,20,29,46,16,30,48,20,28
2,120,52,68,60,26,34,60,26,34,50,22,28,69,29,40
0,106,50,56,52,24,28,54,26,28,63,35,28,43,15,28
2,154,44,110,79,22,57,75,22,53,62,22,40,92,22,70
0,114,48,66,55,22,33,59,26,33,69,31,38,45,17,28
3,106,34,72,52,16,36,54,18,36,68,24,44,38,10,28
2,142,50,92,76,26,50,66,24,42,55,21,34,86,28,58
2,170,46,124,83,22,61,87,24,63,69,23,46,101,23,78
2,168,48,120,83,22,61,85,26,59,66,24,42,102,24,78
1,108,22,86,38,10,28,55,12,43,43,13,30,64,8,56
3,84,26,58,43,14,29,41,12,29,46,16,30,38,10,28
0,270,92,178,96,34,62,169,58,111,138,62,76,132,30,102
0,254,116,138,110,46,64,144,70,74,145,69,76,109,47,62
4,124,44,80,58,22,36,66,22,44,48,20,28,76,24,52
1,116,22,94,47,10,37,59,12,47,52,14,38,64,8,56
3,108,42,66,47,18,29,60,24,36,47,15,32,59,25,34
0,100,36,64,52,18,34,48,18,30,49,15,34,51,21,30
3,114,38,76,46,18,28,67,20,47,64,20,44,50,18,32
0,168,78,90,99,46,53,68,32,36,91,47,44,74,28,46
2,120,48,72,57,22,35,63,26,37,49,21,28,70,26,44
2,158,44,114,79,22,57,78,22,56,61,21,40,96,22,74
4,98,42,56,48,20,28,50,22,28,55,27,28,43,15,28
4,114,54,60,53,24,29,61,30,31,66,34,32,47,19,28
3,90,34,56,44,16,28,46,18,28,44,16,28,45,17,28
2,138,46,92,68,24,44,70,22,48,48,20,28,90,26,64
0,180,92,88,94,48,46,85,44,41,134,76,58,46,16,30
1,84,24,60,38,10,28,45,14,31,41,13,28,43,11,32
1,126,28,98,60,12,48,62,16,46,57,15,42,68,12,56
0,120,54,66,57,26,31,63,28,35,74,38,36,46,16,30
2,114,42,72,56,20,36,58,22,36,48,20,28,66,22,44
4,98,38,60,48,18,30,50,20,30,47,19,28,51,19,32
4,100,44,56,50,22,28,49,22,27,60,30,30,40,14,26
1,120,24,96,51,12,39,60,12,48,54,14,40,66,10,56
3,132,54,78,74,28,46,58,26,32,77,31,46,55,23,32
0,108,50,58,53,24,29,55,26,29,63,33,30,45,17,28
1,108,24,84,54,12,42,50,12,38,40,12,28,67,11,56
3,102,44,58,51,22,29,51,22,29,54,24,30,48,20,28
2,116,40,76,58,20,38,58,20,38,50,20,30,66,20,46
0,124,62,62,62,32,30,62,30,32,71,37,34,46,18,28
2,134,44,90,62,20,42,71,24,47,63,23,40,71,21,50
0,112,54,58,53,24,29,59,30,29,66,36,30,46,18,28
1,120,24,96,49,10,39,62,14,48,54,14,40,66,10,56
1,118,26,92,46,12,34,60,14,46,48,12,36,69,13,56
0,110,50,60,56,26,30,54,24,30,67,35,32,43,15,28
4,112,50,62,54,24,30,58,26,32,64,30,34,47,19,28
2,150,72,78,74,34,40,75,38,37,72,34,38,71,31,40
2,138,44,94,68,22,46,70,22,48,62,22,40,76,22,54
2,100,40,60,50,20,30,50,20,30,47,19,28,53,21,32
4,124,54,70,55,24,31,68,30,38,81,39,42,43,15,28
1,88,22,66,44,12,32,43,10,33,48,12,36,40,10,30
2,116,40,76,59,20,39,57,20,37,46,18,28,70,22,48
2,102,44,58,51,22,29,51,22,29,51,23,28,51,21,30
0,102,46,56,50,22,28,52,24,28,54,26,28,48,20,28
4,144,44,100,74,22,52,70,22,48,50,22,28,94,22,72
2,104,42,62,51,20,31,53,22,31,48,20,28,56,22,34
2,106,44,62,53,22,31,53,22,31,50,22,28,56,22,34
2,102,44,58,52,22,30,50,22,28,50,22,28,52,22,30
1,84,24,60,38,10,28,44,14,30,39,11,28,43,11,32
2,136,44,92,68,22,46,68,22,46,51,21,30,84,22,62
0,126,58,68,60,28,32,66,30,36,52,26,26,73,31,42
1,118,26,92,44,12,32,68,14,54,49,13,36,69,13,56
0,170,72,98,76,30,46,94,42,52,57,27,30,113,45,68
2,114,42,72,59,22,37,55,20,35,46,20,26,67,21,46
2,110,44,66,57,22,35,53,22,31,50,22,28,60,22,38
0,212,96,116,99,44,55,112,52,60,129,57,72,82,38,44
3,100,34,66,50,18,32,50,16,34,52,18,34,48,16,32
0,104,48,56,53,24,29,51,24,27,58,32,26,46,16,30
2,126,48,78,61,22,39,65,26,39,49,21,28,77,27,50
0,102,46,56,52,24,28,50,22,28,59,31,28,43,15,28
4,104,50,54,52,24,28,52,26,26,48,22,26,56,28,28
0,132,56,76,64,26,38,68,30,38,80,32,48,51,23,28
1,114,24,90,50,12,38,57,12,45,46,12,34,68,12,56
0,106,48,58,51,22,29,55,26,29,63,33,30,43,15,28
1,112,20,92,54,10,44,56,10,46,48,12,36,64,8,56
2,98,38,60,48,18,30,50,20,30,47,19,28,51,19,32
3,84,26,58,39,10,29,45,16,29,46,16,30,37,9,28
0,106,50,56,52,24,28,54,26,28,60,30,30,46,20,26
0,100,44,56,50,22,28,50,22,28,58,30,28,42,14,28
1,106,24,82,46,12,34,54,12,42,41,13,28,65,11,54
0,106,48,58,53,24,29,53,24,29,61,31,30,45,17,28
4,132,54,78,59,22,37,72,32,40,63,27,36,69,27,42
1,108,28,80,54,14,40,49,14,35,43,13,30,65,15,50
4,110,50,60,57,26,31,52,24,28,54,22,32,56,28,28
2,120,46,74,57,22,35,63,24,39,51,21,30,68,24,44
4,106,42,64,52,20,32,54,22,32,48,20,28,57,21,36
1,112,18,94,46,8,38,57,10,47,49,11,38,63,7,56
3,84,26,58,43,14,29,41,12,29,47,17,30,37,9,28
2,108,48,60,50,22,28,58,26,32,54,24,30,54,24,30
0,102,42,60,51,22,29,51,20,31,59,27,32,43,15,28
4,116,50,66,56,24,32,60,26,34,48,20,28,68,30,38
2,98,34,64,49,16,33,49,18,31,47,17,30,51,17,34
1,122,26,96,58,14,44,60,12,48,54,14,40,67,11,56
4,118,42,76,60,20,40,58,22,36,49,21,28,69,21,48
0,142,74,68,77,40,37,65,34,31,86,46,40,48,20,28
2,114,40,74,58,20,38,56,20,36,49,19,30,64,20,44
4,140,58,82,66,28,38,74,30,44,54,24,30,85,33,52
1,104,22,82,38,10,28,53,12,41,39,11,28,65,11,54
4,92,36,56,46,18,28,46,18,28,46,18,28,46,18,28
3,92,32,60,43,14,29,48,18,30,48,18,30,42,12,30
2,116,40,76,55,20,35,61,20,41,48,20,28,68,20,48
0,104,46,58,51,22,29,53,24,29,61,31,30,43,15,28
0,122,52,70,62,26,36,60,26,34,49,21,28,72,30,42
4,130,44,86,57,20,37,73,24,49,49,21,28,81,23,58
1,110,22,88,37,10,27,56,12,44,44,12,32,66,10,56
2,106,40,66,54,20,34,52,20,32,45,19,26,61,21,40
4,160,72,88,89,40,49,71,32,39,72,32,40,86,38,48
2,148,60,88,71,30,41,76,30,46,59,23,36,89,37,52
1,110,20,90,36,8,28,57,12,45,45,11,34,65,9,56
3,102,40,62,49,18,31,53,22,31,59,27,32,43,13,30
0,86,30,56,42,14,28,44,16,28,43,15,28,43,15,28
1,246,76,170,103,36,67,130,40,90,113,39,74,131,35,96
1,134,42,92,57,22,35,68,20,48,55,17,38,79,25,54
0,118,56,62,64,30,34,54,26,28,72,38,34,46,18,28
0,102,44,58,51,22,29,51,22,29,60,30,30,42,14,28
1,106,26,80,41,12,29,54,14,40,41,13,28,65,13,52
1,126,32,94,52,14,38,65,18,47,54,16,38,72,16,56
3,118,50,68,60,26,34,58,24,34,66,30,36,52,20,32
1,120,22,98,41,10,31,61,12,49,55,13,42,65,9,56
3,110,42,68,52,20,32,58,22,36,50,20,30,56,18,38
3,86,24,62,41,10,31,45,14,31,45,11,34,40,12,28
0,108,52,56,54,26,28,54,26,28,62,34,28,46,18,28
4,128,72,56,64,36,28,64,36,28,76,44,32,52,28,24
2,102,44,58,53,22,31,49,22,27,47,21,26,55,23,32
0,102,44,58,51,22,29,51,22,29,58,28,30,44,16,28
3,86,22,64,40,10,30,45,12,33,47,13,34,39,9,30
0,86,30,56,42,14,28,44,16,28,41,13,28,45,17,28
1,108,26,82,49,14,35,53,12,41,42,14,28,66,12,54
3,108,50,58,53,24,29,55,26,29,53,23,30,53,25,28
4,100,42,58,49,20,29,51,22,29,51,21,30,49,21,28
3,106,44,62,53,22,31,53,22,31,64,30,34,42,14,28
0,94,42,52,49,22,27,45,20,25,54,28,26,40,14,26
0,104,36,68,54,20,34,50,16,34,60,20,40,44,16,28
0,106,50,56,54,26,28,52,24,28,63,35,28,43,15,28
3,114,38,76,47,18,29,67,20,47,64,22,42,50,16,34
4,110,40,70,61,20,41,49,20,29,46,20,26,64,20,44
0,128,64,64,52,24,28,74,40,34,83,47,36,45,17,28
0,110,52,58,55,26,29,55,26,29,67,37,30,43,15,28
2,108,44,64,54,22,32,54,22,32,49,21,28,59,23,36
4,104,42,62,50,20,30,54,22,32,46,18,28,58,24,34
3,92,30,62,43,14,29,46,16,30,51,17,34,40,12,28
0,84,24,60,41,12,29,43,12,31,43,13,30,41,11,30
3,130,42,88,58,24,34,68,18,50,49,17,32,78,22,56
3,100,42,58,49,20,29,51,22,29,61,31,30,38,10,28
2,132,48,84,68,24,44,63,24,39,52,22,30,80,26,54
1,108,20,88,42,10,32,54,10,44,43,11,32,65,9,56
1,108,18,90,55,10,45,36,8,28,44,10,34,64,8,56
1,106,24,82,36,8,28,60,16,44,40,12,28,66,12,54
1,118,26,92,43,12,31,67,14,53,48,12,36,68,12,56
3,132,60,72,65,28,37,66,32,34,70,30,40,60,28,32
4,122,46,76,59,22,37,63,24,39,49,21,28,73,25,48
0,122,60,62,56,26,30,66,34,32,79,45,34,42,14,28
0,106,50,56,52,24,28,54,26,28,63,35,28,43,15,28
2,126,44,82,57,22,35,69,22,47,49,21,28,77,23,54
3,88,30,58,45,16,29,42,14,28,43,15,28,44,14,30
4,126,46,80,66,24,42,60,22,38,51,21,30,74,24,50
0,112,50,62,55,24,31,57,26,31,67,31,36,45,19,26
0,104,46,58,51,22,29,53,24,29,56,26,30,47,19,28
4,102,40,62,51,20,31,51,20,31,46,18,28,55,21,34
2,124,42,82,66,20,46,58,22,36,45,19,26,78,22,56
2,174,52,122,85,26,59,89,26,63,65,25,40,109,27,82
3,108,48,60,53,24,29,54,24,30,49,19,30,58,28,30
2,132,58,74,65,28,37,67,30,37,57,25,32,74,32,42
4,110,42,68,56,20,36,54,22,32,47,19,28,63,23,40
4,130,44,86,63,22,41,67,22,45,48,20,28,82,24,58
0,138,70,68,65,34,31,72,36,36,76,44,32,61,25,36
4,108,50,58,52,22,30,56,28,28,60,30,30,48,20,28
3,88,32,56,44,16,28,44,16,28,50,22,28,38,10,28
2,158,44,114,81,22,59,77,22,55,59,21,38,98,22,76
1,98,20,78,49,10,39,47,10,37,38,10,28,60,10,50
1,112,28,84,40,12,28,58,16,42,41,13,28,70,14,56
4,126,46,80,61,22,39,65,24,41,49,19,30,74,24,50
2,100,40,60,49,20,29,51,20,31,48,20,28,52,20,32
4,102,46,56,50,22,28,52,24,28,57,29,28,45,17,28
0,96,38,58,49,20,29,47,18,29,46,16,30,50,22,28
4,106,48,58,52,22,30,54,26,28,63,33,30,43,15,28
3,92,34,58,45,16,29,47,18,29,51,21,30,41,13,28
0,104,48,56,52,24,28,52,24,28,51,23,28,44,16,28
0,114,52,62,56,26,30,57,26,31,71,37,34,42,14,28
1,118,28,90,54,16,38,57,12,45,49,15,34,69,13,56
4,100,46,54,51,24,27,49,22,27,52,26,26,43,15,28
0,136,68,68,62,30,32,73,38,35,86,46,40,50,22,28
1,126,36,90,60,18,42,62,18,44,50,16,34,75,19,56
3,94,38,56,46,18,28,48,20,28,50,22,28,43,15,28
0,106,50,56,54,26,28,52,24,28,63,35,28,42,14,28
0,98,42,56,48,20,28,50,22,28,57,29,28,41,13,28
3,92,34,58,45,16,29,47,18,29,46,16,30,46,18,28
4,88,30,58,45,16,29,43,14,29,44,14,30,44,16,28
2,102,42,60,50,20,30,52,22,30,49,19,30,53,23,30
1,110,22,88,54,10,44,53,12,41,44,12,32,66,10,56
3,82,24,58,41,12,29,41,12,29,40,10,30,42,14,28
2,94,36,58,47,18,29,47,18,29,46,18,28,48,18,30
1,84,20,64,36,8,28,44,12,32,39,11,28,45,9,36
1,114,22,92,49,10,39,58,12,46,48,12,36,66,10,56
3,86,30,56,42,14,28,44,16,28,42,14,28,44,16,28
3,98,30,68,42,14,28,56,16,40,53,15,38,45,15,30
3,86,28,58,43,14,29,43,14,29,48,18,30,38,10,28
0,106,38,68,51,18,33,55,20,35,61,21,40,45,17,28
4,108,50,58,53,24,29,55,26,29,62,32,30,46,18,28
3,230,108,122,87,44,43,136,64,72,121,57,64,107,49,58
2,100,42,58,49,20,29,51,22,29,49,21,28,51,21,30
1,118,28,90,50,12,38,61,16,45,50,16,34,68,12,56
0,120,54,66,59,26,33,61,28,33,78,40,38,42,14,28
0,188,82,106,92,40,52,92,42,50,112,48,64,72,30,42
0,104,46,58,51,22,29,53,24,29,62,32,30,42,14,28
2,194,86,108,90,38,52,103,48,55,86,36,50,107,49,58
4,108,42,66,54,20,34,54,22,32,47,19,28,61,23,38
1,104,22,82,52,12,40,47,10,37,39,11,28,65,11,54
3,92,36,56,44,16,28,48,20,28,49,21,28,41,13,28
4,114,54,60,56,26,30,58,28,30,64,32,32,50,22,28
1,110,28,82,50,16,34,53,12,41,42,14,28,68,14,54
3,122,40,82,60,20,40,61,20,41,76,24,52,41,11,30
1,106,22,84,38,10,28,54,12,42,39,11,28,66,10,56
0,106,50,56,52,24,28,54,26,28,61,33,28,45,17,28
1,108,20,88,51,10,41,54,10,44,43,11,32,65,9,56
3,120,50,70,60,24,36,60,26,34,69,29,40,50,20,30
4,120,46,74,60,24,36,60,22,38,48,20,28,71,25,46
3,232,64,168,114,32,82,116,32,84,120,36,84,109,25,84
2,102,40,62,51,20,31,51,20,31,46,18,28,56,22,34
1,126,44,82,63,22,41,61,22,39,49,21,28,77,23,54
4,114,52,62,57,26,31,57,26,31,68,34,34,46,18,28
0,98,34,64,50,18,32,48,16,32,52,16,36,46,18,28
2,98,38,60,48,18,30,50,20,30,47,19,28,51,19,32
3,92,32,60,47,16,31,45,16,29,52,22,30,40,10,30
0,166,88,78,105,60,45,59,28,31,80,42,38,84,44,40
4,100,40,60,49,20,29,51,20,31,48,20,28,52,20,32
1,120,28,92,55,14,41,60,14,46,52,16,36,68,12,56
2,134,52,82,65,24,41,69,28,41,57,27,30,77,25,52
0,112,56,56,56,28,28,56,28,28,58,30,28,49,21,28
0,124,60,64,65,32,33,58,28,30,76,42,34,47,17,30
1,112,24,88,36,8,28,60,16,44,45,13,32,67,11,56
2,116,44,72,54,22,32,62,22,40,56,22,34,59,21,38
0,114,40,74,58,20,38,56,20,36,68,22,46,46,18,28
4,100,44,56,50,22,28,50,22,28,58,30,28,42,14,28
1,122,36,86,61,18,43,61,18,43,50,20,30,72,16,56
1,128,34,94,58,14,44,67,20,47,57,19,38,71,15,56
0,194,94,100,101,50,51,86,44,42,122,62,60,70,30,40
0,102,46,56,51,22,29,51,24,27,60,32,28,42,14,28
2,98,40,58,49,20,29,49,20,29,46,20,26,52,20,32
1,124,42,82,60,20,40,63,22,41,50,22,28,74,20,54
2,112,44,68,63,24,39,49,20,29,44,18,26,66,24,42
3,92,32,60,45,16,29,47,16,31,44,14,30,48,18,30
1,118,26,92,45,14,31,58,12,46,49,13,36,68,12,56
3,80,18,62,38,8,30,41,10,31,43,9,34,37,9,28
2,116,48,68,58,24,34,58,24,34,48,20,28,68,28,40
4,114,54,60,50,24,26,62,30,32,63,33,30,51,21,30
0,126,60,66,62,30,32,64,30,34,47,25,22,78,34,44
0,102,44,58,51,22,29,51,22,29,59,29,30,43,15,28
0,196,100,96,86,44,42,107,56,51,132,72,60,63,27,36
0,114,46,68,60,26,34,53,20,33,67,27,40,47,19,28
0,94,28,66,47,14,33,47,14,33,49,11,38,45,17,28
3,82,24,58,41,12,29,41,12,29,40,10,30,42,14,28
3,110,40,70,56,20,36,54,20,34,43,15,28,67,25,42
0,100,44,56,50,22,28,50,22,28,58,30,28,42,14,28
0,108,52,56,54,26,28,54,26,28,63,35,28,45,17,28
2,114,44,70,53,20,33,61,24,37,60,24,36,54,20,34
4,108,44,64,53,22,31,55,22,33,51,21,30,57,23,34
4,114,52,62,57,26,31,57,26,31,50,22,28,64,30,34
4,120,42,78,59,20,39,61,22,39,47,19,28,73,23,50
2,162,50,112,76,24,52,86,26,60,59,25,34,103,25,78
0,98,42,56,48,20,28,50,22,28,56,28,28,42,14,28
1,96,24,72,39,10,29,50,14,36,38,10,28,58,14,44
2,134,48,86,68,24,44,66,24,42,49,21,28,84,26,58
4,150,46,104,74,22,52,76,24,52,48,20,28,102,26,76
0,144,70,74,61,28,33,83,42,41,97,51,46,47,19,28
1,74,18,56,37,8,29,37,10,27,39,11,28,35,7,28
0,96,38,58,47,18,29,49,20,29,48,18,30,48,20,28
3,86,28,58,43,14,29,43,14,29,43,13,30,43,15,28
4,126,56,70,63,28,35,63,28,35,65,27,38,59,27,32
4,98,42,56,50,22,28,48,20,28,56,28,28,42,14,28
3,96,38,58,46,18,28,49,20,29,57,27,30,39,11,28
4,116,54,62,56,26,30,59,28,31,65,31,34,50,22,28
3,92,36,56,44,16,28,48,20,28,44,16,28,47,19,28
1,124,30,94,58,16,42,60,14,46,56,18,38,68,12,56
3,114,46,68,59,22,37,54,24,30,58,20,38,55,25,30
2,108,44,64,54,22,32,54,22,32,50,22,28,58,22,36
2,108,42,66,53,20,33,55,22,33,48,20,28,60,22,38
3,96,32,64,47,16,31,48,16,32,53,19,34,42,12,30
2,160,76,84,74,36,38,85,40,45,95,47,48,58,22,36
3,110,46,64,54,24,30,55,22,33,62,28,34,48,18,30
0,106,52,54,53,26,27,53,26,27,52,26,26,52,24,28
2,112,48,64,52,22,30,60,26,34,56,24,32,56,24,32
3,94,32,62,47,16,31,47,16,31,43,13,30,51,19,32
3,90,30,60,44,14,30,46,16,30,43,11,32,47,19,28
1,116,24,92,47,10,37,60,14,46,50,14,36,66,10,56
2,110,42,68,54,20,34,56,22,34,50,20,30,60,22,38
1,114,24,90,57,12,45,54,12,42,47,13,34,65,9,56
0,226,174,52,113,88,25,113,86,27,76,48,28,134,110,24
4,114,56,58,58,28,30,56,28,28,55,27,28,58,28,30
3,94,34,60,46,16,30,48,18,30,54,22,32,39,11,28
3,104,40,64,57,22,35,47,18,29,61,25,36,42,14,28
2,114,44,70,56,22,34,58,22,36,50,22,28,64,22,42
4,108,40,68,54,20,34,54,20,34,48,20,28,60,20,40
3,102,42,60,49,20,29,52,22,30,59,29,30,43,13,30
4,118,56,62,59,28,31,59,28,31,56,26,30,62,30,32
1,118,24,94,38,10,28,67,14,53,51,13,38,67,11,56
3,96,30,66,51,18,33,43,12,31,60,22,38,36,8,28
1,80,20,60,39,10,29,40,10,30,38,10,28,41,9,32
2,120,46,74,58,22,36,62,24,38,49,21,28,70,24,46
0,104,46,58,53,24,29,51,22,29,50,20,30,53,25,28
1,116,24,92,58,12,46,41,12,29,50,14,36,66,10,56
2,128,46,82,61,20,41,66,26,40,59,25,34,69,21,48
3,90,34,56,44,16,28,46,18,28,44,16,28,46,18,28
3,112,42,70,53,20,33,59,22,37,59,21,38,51,19,32
3,92,32,60,47,16,31,45,16,29,42,12,30,50,20,30
1,112,20,92,54,10,44,56,10,46,48,12,36,64,8,56
1,118,26,92,58,12,46,58,14,44,52,16,36,66,10,56
2,140,50,90,64,22,42,76,28,48,65,25,40,74,24,50
1,104,26,78,51,12,39,48,14,34,40,12,28,64,14,50
4,118,50,68,69,28,41,49,22,27,47,21,26,70,28,42
4,118,40,78,58,20,38,60,20,40,49,19,30,69,21,48
3,104,36,68,45,16,29,59,20,39,54,18,36,48,16,32
0,184,94,90,93,48,45,86,46,40,72,38,34,108,52,56
4,116,54,62,57,26,31,59,28,31,53,23,30,63,31,32
2,136,52,84,68,26,42,68,26,42,64,28,36,72,24,48
1,118,22,96,48,10,38,61,12,49,54,14,40,64,8,56
3,132,52,80,58,24,34,73,28,45,55,27,28,76,24,52
2,134,56,78,57,26,31,77,30,47,59,25,34,75,31,44
1,106,24,82,53,12,41,52,12,40,40,12,28,66,12,54
1,108,22,86,55,12,43,50,10,40,42,12,30,65,9,56
1,90,22,68,38,10,28,46,12,34,39,11,28,51,11,40
0,86,28,58,41,14,27,43,14,29,43,13,30,43,15,28
4,250,88,162,120,42,78,129,46,83,111,37,74,133,45,88
0,104,48,56,49,22,27,55,26,29,58,30,28,46,18,28
0,106,48,58,50,22,28,55,26,29,63,33,30,43,15,28
0,104,48,56,50,22,28,54,26,28,59,31,28,45,17,28
2,108,38,70,53,18,35,55,20,35,45,19,26,63,19,44
2,120,42,78,55,20,35,65,22,43,54,22,32,66,20,46
4,104,46,58,52,24,28,51,22,29,62,32,30,42,14,28
0,114,56,58,57,28,29,57,28,29,67,37,30,47,19,28
0,106,50,56,52,24,28,54,26,28,62,34,28,44,16,28
0,112,54,58,55,26,29,57,28,29,57,27,30,55,27,28
0,102,48,54,49,22,27,53,26,27,55,29,26,47,19,28
3,92,34,58,45,16,29,47,18,29,53,23,30,39,11,28
1,122,28,94,59,14,45,61,14,47,52,14,38,68,12,56
4,132,60,72,66,30,36,65,30,35,69,31,38,61,27,34
0,192,94,98,101,48,53,89,46,43,119,65,54,72,28,44
4,106,48,58,51,22,29,55,26,29,55,25,30,51,23,28
1,116,24,92,41,12,29,58,12,46,50,14,36,65,9,56
4,116,46,70,61,24,37,55,22,33,48,20,28,68,26,42
3,112,42,70,58,22,36,54,20,34,54,22,32,56,18,38
2,104,44,60,53,22,31,51,22,29,49,21,28,55,23,32
3,92,32,60,46,16,30,46,16,30,48,16,32,44,16,28
1,120,24,96,48,12,36,60,12,48,56,16,40,64,8,56
3,92,32,60,46,16,30,45,16,29,45,15,30,47,17,30
3,92,34,58,44,16,28,48,18,30,51,23,28,41,11,30
0,104,48,56,50,22,28,54,26,28,60,32,28,43,15,28
1,104,24,80,52,12,40,52,12,40,40,12,28,64,12,52
4,118,44,74,58,22,36,60,22,38,52,22,30,66,22,44
0,110,52,58,55,26,29,55,26,29,62,32,30,48,20,28
3,148,70,78,48,20,28,95,50,45,74,38,36,72,30,42
3,80,24,56,38,10,28,42,14,28,37,9,28,42,14,28
0,116,56,60,56,26,30,60,30,30,68,38,30,48,18,30
3,92,34,58,45,16,29,47,18,29,47,17,30,45,17,28
0,108,52,56,54,26,28,54,26,28,62,34,28,46,18,28
4,96,38,58,47,18,29,49,20,29,55,25,30,41,13,28
0,100,44,56,50,22,28,50,22,28,58,30,28,42,14,28
2,180,50,130,86,22,64,93,28,65,81,25,56,99,25,74
4,118,46,72,63,24,39,55,22,33,50,20,30,68,26,42
0,100,44,56,50,22,28,50,22,28,58,30,28,42,14,28
3,102,38,64,50,16,34,52,22,30,49,17,32,53,21,32
2,110,50,60,54,24,30,56,26,30,59,27,32,51,23,28
2,132,50,82,65,22,43,67,28,39,53,23,30,79,27,52
2,150,44,106,78,20,58,72,24,48,55,19,36,94,24,70
0,104,48,56,53,24,29,51,24,27,56,28,28,48,20,28
4,336,114,222,121,36,85,212,78,134,149,59,90,181,49,132
0,126,48,78,65,26,39,61,22,39,80,30,50,46,18,28
0,102,44,58,50,22,28,51,22,29,60,30,30,42,14,28
2,112,44,68,56,22,34,56,22,34,50,22,28,62,22,40
0,128,52,76,62,26,36,65,26,39,68,24,44,56,24,32
1,110,24,86,38,10,28,57,14,43,43,13,30,66,10,56
1,110,32,78,48,14,34,57,18,39,45,13,32,65,19,46
1,112,22,90,38,10,28,57,12,45,48,14,34,64,8,56
0,112,52,60,55,24,31,57,28,29,65,33,32,47,19,28
1,112,20,92,38,10,28,56,10,46,46,10,36,66,10,56
2,120,48,72,60,24,36,60,24,36,49,21,28,71,27,44
0,106,46,60,55,24,31,51,22,29,63,31,32,43,15,28
3,100,42,58,50,20,30,50,22,28,45,15,30,54,26,28
4,110,46,64,54,22,32,56,24,32,51,21,30,58,24,34
0,142,68,74,62,30,32,78,38,40,97,51,46,45,17,28
2,144,48,96,75,24,51,69,24,45,64,22,42,80,26,54
2,104,46,58,51,22,29,53,24,29,51,23,28,53,23,30
2,144,74,70,72,36,36,71,38,33,81,35,46,58,34,24
1,224,66,158,114,30,84,108,36,72,122,46,76,101,19,82
1,112,26,86,49,14,35,54,12,42,43,13,30,68,12,56
1,116,24,92,40,12,28,58,12,46,52,16,36,64,8,56
0,108,50,58,54,24,30,54,26,28,64,34,30,44,16,28
2,104,42,62,50,20,30,54,22,32,51,21,30,53,21,32
4,114,50,64,58,26,32,56,24,32,68,32,36,46,18,28
4,104,48,56,52,24,28,52,24,28,62,34,28,42,14,28
0,106,50,56,54,26,28,52,24,28,62,34,28,44,16,28
4,96,40,56,48,20,28,48,20,28,48,20,28,48,20,28
3,90,34,56,44,16,28,46,18,28,43,15,28,47,19,28
1,114,26,88,58,14,44,56,12,44,46,14,32,68,12,56
3,124,52,72,56,24,32,67,28,39,53,19,34,69,31,38
1,122,24,98,38,10,28,63,14,49,56,14,42,66,10,56
0,114,56,58,55,26,29,59,30,29,68,38,30,46,18,28
0,118,60,58,56,28,28,61,32,29,69,39,30,48,20,28
1,120,28,92,53,14,39,60,14,46,50,14,36,69,13,56
4,100,44,56,50,22,28,50,22,28,55,27,28,45,17,28
3,82,26,56,40,12,28,42,14,28,44,16,28,38,10,28
4,132,40,92,68,20,48,64,20,44,47,19,28,85,21,64
1,76,18,58,36,8,28,39,10,29,37,9,28,39,9,30
0,114,54,60,56,26,30,57,28,29,68,36,32,46,18,28
0,132,44,88,60,18,42,70,26,44,55,17,38,77,27,50
0,350,174,176,150,76,74,193,98,95,206,104,102,143,69,74
3,92,30,62,47,16,31,45,14,31,50,16,34,42,14,28
3,82,18,64,40,8,32,42,10,32,45,9,36,37,9,28
2,156,62,94,71,26,45,84,36,48,71,31,40,80,26,54
2,124,46,78,62,22,40,62,24,38,50,22,28,73,23,50
1,130,40,90,64,20,44,65,20,45,53,19,34,77,21,56
4,132,66,66,62,34,28,66,32,34,66,32,34,66,34,32
1,114,22,92,38,10,28,58,12,46,49,13,36,65,9,56
1,114,22,92,55,12,43,56,10,46,48,12,36,66,10,56
3,82,26,56,37,10,27,45,16,29,44,16,28,38,10,28
3,112,44,68,50,20,30,61,24,37,56,20,36,54,22,32
0,112,50,62,57,26,31,55,24,31,62,30,32,50,20,30
3,84,28,56,42,14,28,42,14,28,42,14,28,42,14,28
0,102,34,68,50,16,34,52,18,34,57,17,40,45,17,28
3,80,20,60,38,8,30,42,12,30,42,10,32,38,10,28
2,102,44,58,51,22,29,51,22,29,50,20,30,52,24,28
3,86,30,56,42,14,28,44,16,28,46,18,28,40,12,28
2,108,44,64,52,20,32,56,24,32,47,19,28,61,25,36
4,116,52,64,56,24,32,60,28,32,62,30,32,53,21,32
3,88,30,58,43,14,29,45,16,29,48,18,30,40,12,28
0,100,42,58,49,20,29,51,22,29,59,29,30,41,13,28
0,102,46,56,50,22,28,52,24,28,58,30,28,44,16,28
4,102,40,62,51,20,31,51,20,31,48,20,28,54,20,34
4,130,52,78,70,28,42,60,24,36,64,26,38,64,24,40
3,86,30,56,42,14,28,44,16,28,43,15,28,43,15,28
0,102,46,56,50,22,28,52,24,28,59,31,28,42,14,28
0,134,50,84,67,24,43,67,26,41,84,28,56,50,22,28
1,122,28,94,58,14,44,60,14,46,55,17,38,67,11,56
0,136,70,66,71,36,35,65,34,31,77,39,38,53,25,28
0,102,40,62,51,20,31,51,20,31,62,28,34,40,12,28
4,126,44,82,67,22,45,59,22,37,47,19,28,79,25,54
2,126,38,88,61,18,43,65,20,45,47,19,28,79,19,60
3,80,22,58,39,10,29,41,12,29,40,10,30,40,12,28
3,106,44,62,49,20,29,56,24,32,53,19,34,52,24,28
0,108,50,58,53,24,29,55,26,29,66,36,30,42,14,28
0,100,42,58,49,20,29,51,22,29,59,29,30,41,13,28
4,120,58,62,58,28,30,62,30,32,55,27,28,63,29,34
3,94,36,58,45,16,29,49,20,29,51,23,28,43,13,30
3,122,50,72,50,18,32,70,32,38,69,29,40,52,20,32
2,120,46,74,61,22,39,59,24,35,58,22,36,62,24,38
1,114,32,82,47,16,31,57,16,41,43,15,28,71,17,54
0,108,50,58,54,24,30,54,26,28,63,33,30,45,17,28
0,230,86,144,109,48,61,114,38,76,122,46,76,107,39,68
4,90,34,56,44,16,28,46,18,28,44,16,28,45,17,28
0,116,56,60,59,28,31,57,28,29,69,37,32,47,19,28
2,136,46,90,67,22,45,68,24,44,50,20,30,86,26,60
3,92,34,58,47,18,29,45,16,29,50,20,30,42,14,28
2,104,40,64,52,20,32,52,20,32,48,20,28,56,20,36
1,114,22,92,39,10,29,58,12,46,49,13,36,64,8,56
1,120,26,94,47,14,33,59,12,47,52,14,38,66,10,56
2,120,46,74,58,24,34,62,22,40,58,22,36,62,24,38
0,112,40,72,54,18,36,58,22,36,67,23,44,45,17,28
3,100,36,64,45,16,29,55,20,35,59,23,36,40,12,28
3,100,42,58,49,20,29,51,22,29,53,23,30,47,19,28
1,98,20,78,49,10,39,38,10,28,38,12,26,60,8,52
2,88,32,56,44,16,28,44,16,28,46,18,28,42,14,28
0,104,48,56,52,24,28,52,24,28,59,31,28,45,17,28
2,104,40,64,52,20,32,52,20,32,48,20,28,56,20,36
2,102,42,60,51,20,31,51,22,29,46,20,26,56,22,34
4,110,44,66,56,22,34,54,22,32,48,20,28,61,23,38
4,100,44,56,50,22,28,50,22,28,51,23,28,49,21,28
2,166,46,120,84,22,62,82,24,58,73,23,50,93,23,70
0,110,52,58,55,26,29,55,26,29,62,34,28,48,18,30
4,108,50,58,53,24,29,55,26,29,59,29,30,48,20,28
4,120,52,68,57,24,33,63,28,35,67,27,40,53,25,28
1,102,24,78,44,12,32,51,12,39,42,14,28,60,10,50
1,122,28,94,60,16,44,59,12,47,53,15,38,69,13,56
4,102,38,64,52,20,32,50,18,32,56,20,36,46,18,28
0,112,54,58,50,22,28,61,32,29,65,35,30,47,19,28
4,132,64,68,66,32,34,66,32,34,76,40,36,56,24,32
2,100,42,58,49,20,29,51,22,29,51,21,30,49,21,28
3,94,38,56,46,18,28,48,20,28,45,17,28,47,19,28
2,156,46,110,79,22,57,77,24,53,62,22,40,93,23,70
1,108,22,86,38,10,28,55,12,43,44,14,30,64,8,56
2,124,46,78,60,22,38,64,24,40,65,23,42,58,22,36
4,120,54,66,65,30,35,55,24,31,68,30,38,52,24,28
1,110,26,84,40,12,28,56,14,42,39,11,28,70,14,56
1,124,32,92,59,16,43,62,16,46,48,12,36,76,20,56
4,114,48,66,56,24,32,58,24,34,50,22,28,64,26,38
3,90,26,64,45,14,31,44,12,32,42,10,32,48,16,32
2,142,48,94,72,24,48,70,24,46,52,22,30,88,24,64
0,100,44,56,50,22,28,50,22,28,58,30,28,42,14,28
3,92,34,58,47,18,29,45,16,29,44,14,30,48,20,28
2,102,44,58,50,22,28,52,22,30,50,22,28,52,22,30
4,218,106,112,127,64,63,87,42,45,127,57,70,88,46,42
4,138,46,92,62,22,40,76,24,52,49,21,28,88,24,64
2,114,44,70,57,22,35,57,22,35,52,22,30,62,22,40
3,82,26,56,40,12,28,42,14,28,41,13,28,41,13,28
1,108,26,82,40,12,28,55,14,41,41,13,28,67,13,54
1,114,22,92,38,10,28,58,12,46,49,13,36,64,8,56
0,102,46,56,50,22,28,52,24,28,59,31,28,43,15,28
2,120,46,74,58,22,36,62,24,38,49,21,28,71,25,46
0,106,50,56,52,24,28,54,26,28,60,32,28,46,18,28
2,162,46,116,80,22,58,82,24,58,61,23,38,101,23,78
0,120,56,64,55,26,29,63,30,33,72,36,36,48,20,28
1,116,22,94,38,10,28,59,12,47,52,14,38,64,8,56
2,114,40,74,57,20,37,57,20,37,48,20,28,66,20,46
0,104,48,56,50,22,28,54,26,28,61,33,28,43,15,28
3,114,48,66,56,22,34,58,26,32,53,21,32,61,27,34
4,106,46,60,51,22,29,54,24,30,54,22,32,51,23,28
4,104,44,60,52,22,30,52,22,30,50,22,28,54,22,32
2,100,44,56,50,22,28,50,22,28,50,22,28,50,22,28
2,94,36,58,47,18,29,47,18,29,46,18,28,48,18,30
4,124,44,80,70,24,46,54,20,34,47,19,28,77,25,52
1,104,30,74,42,14,28,53,16,37,43,15,28,59,13,46
3,92,34,58,43,14,29,49,20,29,51,21,30,41,13,28
2,104,48,56,52,24,28,52,24,28,52,24,28,52,24,28
0,172,80,92,91,42,49,81,38,43,107,51,56,64,28,36
3,94,32,62,47,16,31,47,16,31,56,22,34,38,10,28
3,90,34,56,44,16,28,46,18,28,44,16,28,46,18,28
4,174,76,98,73,32,41,98,44,54,131,63,68,43,13,30
2,112,40,72,57,20,37,55,20,35,46,18,28,66,22,44
2,130,48,82,64,24,40,66,24,42,68,28,40,62,20,42
2,128,56,72,61,28,33,67,28,39,52,24,28,76,32,44
2,152,48,104,78,24,54,74,24,50,49,21,28,101,25,76
2,112,48,64,57,24,33,54,24,30,56,24,32,55,23,32
1,88,24,64,44,12,32,43,12,31,42,14,28,46,10,36
3,228,90,138,120,48,72,108,42,66,114,38,76,112,50,62
4,98,40,58,51,22,29,47,18,29,47,17,30,51,23,28
3,100,30,70,46,14,32,54,16,38,54,18,36,46,12,34
0,102,44,58,51,22,29,51,22,29,60,30,30,42,14,28
3,88,32,56,43,16,27,45,16,29,44,16,28,44,16,28
4,110,40,70,56,20,36,54,20,34,51,19,32,58,20,38
3,104,34,70,50,16,34,53,18,35,62,20,42,42,14,28
3,128,38,90,67,20,47,61,18,43,76,22,54,52,16,36
2,108,38,70,57,18,39,50,20,30,49,19,30,59,19,40
2,102,44,58,51,22,29,51,22,29,51,21,30,51,23,28
0,104,48,56,50,22,28,54,26,28,61,33,28,43,15,28
1,120,24,96,52,12,40,60,12,48,52,12,40,68,12,56
2,152,52,100,69,24,45,83,28,55,56,24,32,96,28,68
1,104,22,82,37,10,27,53,12,41,38,12,26,65,9,56
1,114,20,94,57,10,47,38,10,28,51,13,38,63,7,56
2,138,42,96,71,22,49,67,20,47,66,22,44,72,20,52
4,134,46,88,66,22,44,68,24,44,49,21,28,85,25,60
1,112,24,88,56,12,44,56,12,44,47,15,32,64,8,56
4,124,44,80,57,20,37,64,24,40,48,20,28,76,24,52
4,100,46,54,49,22,27,51,24,27,46,20,26,54,26,28
2,126,44,82,62,22,40,64,22,42,62,22,40,62,20,42
3,120,54,66,56,24,32,64,30,34,78,40,38,41,13,28
1,122,28,94,45,12,33,68,16,52,51,13,38,71,15,56
4,132,48,84,65,24,41,67,24,43,47,19,28,84,28,56
1,110,22,88,38,10,28,56,12,44,46,14,32,64,8,56
3,74,16,58,37,8,29,37,8,29,38,8,30,36,8,28
2,108,48,60,52,22,30,56,26,30,57,27,30,51,21,30
3,96,36,60,45,16,29,51,20,31,52,22,30,44,14,30
3,100,44,56,48,20,28,52,24,28,53,25,28,45,17,28
2,100,42,58,48,20,28,52,22,30,49,21,28,51,21,30
3,104,36,68,52,18,34,52,18,34,60,20,40,44,16,28
1,110,22,88,38,10,28,56,12,44,45,13,32,64,8,56
0,288,130,158,131,56,75,154,74,80,129,53,76,153,71,82
4,100,40,60,50,20,30,50,20,30,47,19,28,52,20,32
1,108,20,88,36,8,28,56,12,44,43,11,32,65,9,56
0,120,52,68,59,24,35,61,28,33,47,21,26,73,31,42
3,84,26,58,41,12,29,43,14,29,43,13,30,41,13,28
3,76,20,56,38,10,28,38,10,28,39,11,28,37,9,28
2,138,46,92,67,22,45,71,24,47,57,23,34,81,23,58
4,150,50,100,74,24,50,76,26,50,51,23,28,99,27,72
0,184,88,96,92,44,48,92,44,48,115,55,60,68,32,36
3,80,20,60,39,10,29,40,10,30,36,8,28,44,12,32
3,92,30,62,46,14,32,45,16,29,44,14,30,47,15,32
0,124,52,72,62,26,36,62,26,36,70,26,44,54,26,28
1,118,24,94,39,10,29,61,14,47,51,13,38,66,10,56
0,102,44,58,48,20,28,54,24,30,58,28,30,44,16,28
1,92,24,68,38,10,28,48,14,34,43,15,28,49,9,40
4,104,48,56,52,24,28,52,24,28,60,32,28,44,16,28
3,72,16,56,37,8,29,35,8,27,35,7,28,36,8,28
1,96,22,74,46,10,36,43,12,31,42,12,30,54,10,44
0,108,52,56,52,24,28,56,28,28,63,35,28,44,16,28
1,116,22,94,40,10,30,59,12,47,52,14,38,64,8,56
4,104,46,58,51,22,29,53,24,29,48,18,30,49,21,28
1,120,22,98,38,10,28,61,12,49,57,15,42,62,6,56
1,116,28,88,42,12,30,64,16,48,48,12,36,68,16,52
3,96,36,60,42,14,28,54,22,32,53,23,30,43,13,30
4,88,32,56,44,16,28,44,16,28,44,16,28,44,16,28
0,98,44,54,49,22,27,49,22,27,56,28,28,42,16,26
3,108,38,70,50,18,32,58,20,38,61,19,42,46,18,28
4,106,40,66,52,20,32,54,20,34,48,20,28,58,20,38
2,98,40,58,47,18,29,51,22,29,49,21,28,49,19,30
0,102,46,56,52,24,28,50,22,28,58,30,28,44,16,28
4,92,34,58,47,18,29,45,16,29,44,14,30,48,20,28
3,82,24,58,38,10,28,43,14,29,41,11,30,40,12,28
1,76,20,56,38,10,28,38,10,28,40,12,28,34,6,28
3,92,34,58,47,18,29,44,16,28,44,16,28,48,18,30
3,100,34,66,46,16,30,54,18,36,54,18,36,46,16,30
4,114,56,58,52,24,28,61,32,29,67,37,30,47,19,28
3,124,52,72,60,26,34,63,26,37,73,29,44,47,19,28
4,104,48,56,52,24,28,52,24,28,50,22,28,54,26,28
3,98,40,58,49,20,29,49,20,29,52,22,30,44,16,28
2,112,44,68,56,22,34,56,22,34,50,22,28,62,22,40
0,102,46,56,50,22,28,52,24,28,60,32,28,42,14,28
2,152,52,100,73,24,49,79,28,51,58,22,36,93,29,64
3,92,36,56,44,16,28,48,20,28,50,22,28,42,14,28
2,216,88,128,132,48,84,84,40,44,72,36,36,141,49,92
0,106,50,56,52,24,28,54,26,28,62,34,28,44,16,28
1,122,36,86,52,18,34,61,18,43,48,18,30,74,18,56
0,116,56,60,57,26,31,59,30,29,69,37,32,47,19,28
2,100,44,56,50,22,28,50,22,28,50,22,28,50,22,28
4,104,46,58,50,22,28,54,24,30,62,32,30,41,13,28
1,118,28,90,51,14,37,60,14,46,51,15,36,67,13,54
0,162,80,82,68,34,34,93,46,47,77,43,34,85,37,48
2,114,46,68,57,24,33,57,22,35,49,21,28,65,25,40
3,92,36,56,44,16,28,48,20,28,43,15,28,43,15,28
2,184,62,122,93,32,61,91,30,61,83,39,44,101,23,78
1,112,20,92,55,10,45,56,10,46,48,12,36,64,8,56
0,106,48,58,53,24,29,53,24,29,63,33,30,43,15,28
3,96,38,58,47,18,29,49,20,29,52,22,30,44,16,28
1,110,26,84,47,12,35,56,14,42,45,13,32,64,12,52
4,122,48,74,62,24,38,60,24,36,50,22,28,72,26,46
1,126,30,96,54,14,40,64,16,48,56,16,40,70,14,56
0,106,50,56,52,24,28,54,26,28,61,33,28,45,17,28
2,108,40,68,55,20,35,53,20,33,48,20,28,60,20,40
3,108,52,56,54,26,28,54,26,28,53,25,28,55,27,28
0,116,58,58,57,28,29,59,30,29,60,30,30,49,21,28
3,96,38,58,46,18,28,50,20,30,52,22,30,44,16,28
3,92,32,60,47,16,31,45,16,29,41,11,30,50,20,30
0,110,52,58,55,26,29,55,26,29,64,34,30,46,18,28
2,114,44,70,57,22,35,57,22,35,58,22,36,56,22,34
3,92,36,56,44,16,28,48,20,28,52,24,28,39,11,28
1,76,20,56,38,10,28,38,10,28,40,12,28,36,8,28
2,98,40,58,49,20,29,49,20,29,46,18,28,52,22,30
0,104,48,56,52,24,28,52,24,28,60,32,28,44,16,28
4,118,56,62,62,28,34,56,28,28,50,22,28,68,34,34
4,98,42,56,50,22,28,48,20,28,51,23,28,43,15,28
3,102,36,66,56,20,36,46,16,30,40,12,28,61,23,38
1,110,24,86,55,12,43,54,12,42,43,13,30,66,10,56
3,98,36,62,50,18,32,48,18,30,55,21,34,43,15,28
4,98,40,58,49,20,29,49,20,29,48,18,30,50,22,28
4,138,46,92,64,20,44,74,26,48,48,20,28,90,26,64
2,114,42,72,59,22,37,55,20,35,48,20,28,66,22,44
1,120,30,90,50,16,34,59,14,45,48,14,34,72,16,56
4,102,46,56,52,24,28,50,22,28,50,22,28,49,21,28
1,96,26,70,49,14,35,41,12,29,40,12,28,56,14,42
4,136,42,94,72,22,50,64,20,44,47,19,28,89,23,66
3,98,38,60,48,18,30,50,20,30,55,23,32,43,15,28
3,92,32,60,45,14,31,47,18,29,44,14,30,48,18,30
0,112,52,60,54,24,30,57,28,29,59,31,28,53,21,32
1,122,28,94,45,14,31,61,14,47,54,16,38,68,12,56
1,106,22,84,36,8,28,56,14,42,43,11,32,63,11,52
3,102,44,58,49,20,29,53,24,29,59,29,30,43,15,28
3,90,34,56,44,16,28,46,18,28,43,15,28,47,19,28
3,108,52,56,54,26,28,54,26,28,58,30,28,50,22,28
0,106,46,60,52,22,30,54,24,30,63,31,32,43,15,28
4,100,44,56,50,22,28,50,22,28,49,21,28,51,23,28
4,218,144,74,109,72,37,109,72,37,94,58,36,115,77,38
3,96,40,56,48,20,28,48,20,28,43,15,28,53,25,28
1,114,22,92,47,10,37,58,12,46,50,14,36,64,8,56
4,100,44,56,50,22,28,50,22,28,56,28,28,44,16,28
0,118,54,64,56,26,30,62,28,34,70,34,36,48,20,28
2,118,46,72,67,24,43,51,22,29,50,20,30,68,26,42
0,100,44,56,50,22,28,50,22,28,56,28,28,44,16,28
4,158,48,110,79,24,55,79,24,55,62,22,40,96,26,70
2,104,48,56,52,24,28,52,24,28,46,18,28,54,26,28
2,104,50,54,51,24,27,53,26,27,48,22,26,55,27,28
4,102,44,58,49,20,29,53,24,29,57,27,30,45,17,28
4,224,106,118,101,44,57,121,62,59,145,71,74,76,32,44
1,120,26,94,47,10,37,63,16,47,50,12,38,68,12,56
4,120,48,72,52,20,32,68,28,40,51,21,30,69,27,42
4,172,66,106,89,34,55,82,32,50,57,27,30,111,35,76
3,102,42,60,50,20,30,52,22,30,54,22,32,48,20,28
4,112,52,60,56,26,30,55,26,29,67,35,32,45,17,28
4,124,54,70,62,28,34,61,26,35,65,29,36,59,25,34
1,114,24,90,50,12,38,57,12,45,46,12,34,68,12,56
3,102,40,62,51,20,31,51,20,31,52,18,34,50,22,28
2,138,50,88,70,26,44,68,24,44,59,25,34,79,25,54
4,120,44,76,58,20,38,62,24,38,48,20,28,71,23,48
1,126,46,80,60,22,38,65,24,41,50,20,30,75,25,50
3,84,26,58,41,12,29,43,14,29,41,11,30,43,15,28
1,118,30,88,42,14,28,60,16,44,48,16,32,69,13,56
2,104,40,64,53,20,33,51,20,31,48,20,28,56,20,36
0,102,46,56,50,22,28,52,24,28,54,26,28,42,14,28
3,102,40,62,50,18,32,52,22,30,54,20,34,48,20,28
3,104,28,76,43,12,31,59,16,43,61,15,46,40,10,30
4,114,50,64,58,26,32,55,24,31,64,28,36,50,22,28
0,104,48,56,50,22,28,54,26,28,59,31,28,45,17,28
0,118,56,62,55,26,29,63,30,33,55,23,32,61,31,30
0,104,48,56,52,24,28,52,24,28,61,33,28,43,15,28
3,104,46,58,53,24,29,50,22,28,56,26,30,48,20,28
4,108,50,58,52,24,28,55,26,29,57,27,30,51,23,28
3,94,34,60,43,14,29,51,20,31,50,18,32,44,16,28
4,112,48,64,56,24,32,56,24,32,53,21,32,58,26,32
4,104,46,58,50,22,28,53,24,29,55,25,30,49,21,28
4,98,42,56,48,20,28,50,22,28,48,20,28,50,22,28
4,166,60,106,82,28,54,84,32,52,68,30,38,96,28,68
3,88,28,60,38,10,28,50,18,32,47,15,32,38,10,28
2,118,46,72,66,26,40,52,20,32,52,22,30,66,24,42
1,114,22,92,48,10,38,58,12,46,50,14,36,64,8,56
4,174,56,118,87,28,59,87,28,59,78,26,52,94,28,66
3,82,22,60,40,10,30,42,12,30,44,12,32,38,10,28
0,118,58,60,57,28,29,61,30,31,55,25,30,63,33,30
1,98,24,74,56,12,44,42,12,30,43,13,30,55,11,44
3,88,32,56,44,16,28,44,16,28,44,16,28,44,16,28
0,110,46,64,52,20,32,58,26,32,56,20,36,53,25,28
4,98,64,34,49,32,17,49,32,17,46,30,16,52,34,18
4,136,66,70,61,30,31,74,36,38,77,39,38,59,27,32
0,116,54,62,56,26,30,60,28,32,65,35,30,50,18,32
0,302,128,174,135,58,77,165,70,95,183,85,98,114,38,76
4,136,62,74,64,30,34,69,32,37,79,37,42,54,22,32
0,104,48,56,52,24,28,52,24,28,60,32,28,44,16,28
4,150,54,96,71,26,45,78,28,50,89,33,56,61,21,40
4,114,54,60,58,28,30,54,26,28,57,25,32,56,28,28
3,126,44,82,63,22,41,63,22,41,78,24,54,46,18,28
2,212,62,150,83,26,57,127,36,91,95,33,62,117,29,88
2,116,50,66,49,20,29,67,30,37,59,25,34,57,25,32
1,114,24,90,57,12,45,54,12,42,49,15,34,64,8,56
0,100,42,58,49,20,29,51,22,29,52,22,30,47,19,28
2,122,46,76,62,24,38,59,22,37,54,24,30,68,22,46
3,84,28,56,42,14,28,42,14,28,45,17,28,38,10,28
3,92,36,56,46,18,28,46,18,28,46,18,28,46,18,28
3,78,20,58,40,10,30,37,10,27,42,12,30,36,8,28
1,92,24,68,38,10,28,48,14,34,41,13,28,51,11,40
0,144,60,84,52,24,28,91,36,55,85,39,46,59,21,38
0,88,32,56,44,16,28,44,16,28,44,16,28,44,16,28
3,138,56,82,61,24,37,77,32,45,85,37,48,52,18,34
0,110,50,60,56,26,30,54,24,30,67,35,32,42,14,28
1,120,30,90,49,14,35,61,16,45,47,13,34,72,16,56
2,146,46,100,79,24,55,66,22,44,68,22,46,77,23,54
0,286,112,174,133,62,71,148,50,98,153,71,82,133,41,92
1,76,20,56,38,10,28,38,10,28,40,12,28,36,8,28
3,112,44,68,55,22,33,57,22,35,65,27,38,46,16,30
0,116,58,58,59,30,29,57,28,29,62,32,30,54,26,28
2,126,46,80,72,24,48,54,22,32,53,23,30,73,23,50
4,98,40,58,47,18,29,51,22,29,50,20,30,47,19,28
1,76,20,56,38,10,28,38,10,28,40,12,28,36,8,28
0,120,58,62,57,28,29,62,30,32,76,42,34,44,16,28
0,112,56,56,56,28,28,56,28,28,65,37,28,47,19,28
0,112,52,60,56,26,30,56,26,30,60,28,32,48,20,28
4,108,48,60,60,26,34,48,22,26,47,21,26,60,26,34
3,96,32,64,49,16,33,46,16,30,40,12,28,55,19,36
3,86,30,56,44,16,28,42,14,28,40,12,28,45,17,28
1,84,22,62,36,8,28,45,14,31,42,12,30,42,10,32
0,102,46,56,50,22,28,52,24,28,49,21,28,53,25,28
1,118,26,92,40,12,28,60,14,46,50,14,36,68,12,56
3,86,28,58,41,12,29,45,16,29,45,15,30,41,13,28
0,104,46,58,51,22,29,53,24,29,63,33,30,41,13,28
2,138,46,92,65,22,43,72,24,48,57,23,34,80,22,58
4,104,44,60,53,22,31,51,22,29,55,25,30,49,19,30
4,140,62,78,68,30,38,72,32,40,51,25,26,88,36,52
4,128,56,72,62,26,36,66,30,36,51,23,28,77,33,44
4,132,48,84,70,24,46,62,24,38,50,22,28,82,26,56
0,100,42,58,51,22,29,49,20,29,58,28,30,42,14,28
4,110,58,52,54,28,26,56,30,26,50,26,24,59,31,28
1,78,20,58,39,10,29,38,10,28,40,12,28,38,8,30
3,108,42,66,52,20,32,55,22,33,63,25,38,45,17,28
4,148,70,78,52,24,28,96,46,50,83,45,38,64,24,40
1,120,26,94,52,12,40,61,14,47,52,14,38,67,11,56
3,98,30,68,49,14,35,47,16,31,54,16,38,44,14,30
4,136,44,92,68,20,48,68,24,44,52,22,30,83,21,62
1,114,22,92,38,10,28,58,12,46,49,13,36,64,8,56
0,106,48,58,53,24,29,53,24,29,62,32,30,44,16,28
1,126,32,94,49,16,33,65,16,49,54,16,38,71,15,56
1,120,26,94,43,12,31,61,14,47,50,12,38,68,12,56
3,90,34,56,44,16,28,46,18,28,51,23,28,39,11,28
0,102,42,60,50,20,30,52,22,30,51,19,32,51,23,28
4,104,46,58,53,24,29,51,22,29,50,20,30,54,26,28
3,160,76,84,66,32,34,89,44,45,88,42,46,71,33,38
2,166,48,118,82,22,60,84,26,58,71,23,48,95,25,70
3,86,30,56,42,14,28,44,16,28,40,12,28,46,18,28
4,118,40,78,60,20,40,58,20,38,47,19,28,70,20,50
2,118,50,68,51,20,31,67,30,37,59,27,32,59,23,36
1,122,24,98,53,10,43,64,14,50,57,15,42,64,8,56
2,96,40,56,48,20,28,48,20,28,44,18,26,52,22,30
3,98,34,64,46,16,30,52,18,34,53,19,34,45,15,30
2,110,42,68,58,22,36,52,20,32,47,19,28,62,22,40
1,96,30,66,49,16,33,43,14,29,43,15,28,52,14,38
3,94,36,58,47,18,29,47,18,29,52,22,30,42,14,28
1,114,28,86,57,14,43,55,14,41,47,17,30,67,11,56
3,74,16,58,34,6,28,39,10,29,39,9,30,35,7,28
3,86,30,56,42,14,28,44,16,28,43,15,28,43,15,28
2,114,46,68,58,22,36,56,24,32,51,23,28,63,23,40
1,102,20,82,51,10,41,49,10,39,40,12,28,62,8,54
0,116,56,60,54,26,28,61,30,31,62,32,30,53,23,30
1,120,24,96,53,12,41,60,12,48,53,13,40,67,11,56
2,110,48,62,55,24,31,55,24,31,53,23,30,56,24,32
2,126,48,78,69,26,43,57,22,35,48,20,28,78,28,50
3,122,52,70,54,24,30,67,28,39,78,38,40,44,14,30
2,154,44,110,80,22,58,74,22,52,64,22,42,90,22,68
0,178,82,96,83,42,41,93,40,53,115,57,58,60,22,38
2,140,52,88,76,28,48,63,24,39,60,26,34,79,25,54
2,146,50,96,70,24,46,76,26,50,56,24,32,89,25,64
2,124,38,86,61,18,43,63,20,43,47,19,28,77,19,58
0,102,32,70,51,16,35,50,16,34,56,14,42,46,18,28
2,188,78,110,97,40,57,90,38,52,99,43,56,87,33,54
4,96,40,56,48,20,28,48,20,28,47,19,28,49,21,28
3,100,32,68,51,16,35,49,16,33,58,18,40,42,14,28
0,112,54,58,55,26,29,57,28,29,65,35,30,47,19,28
1,110,22,88,56,12,44,48,10,38,43,11,32,66,10,56
3,90,34,56,46,18,28,44,16,28,49,21,28,41,13,28
0,108,50,58,54,24,30,54,26,28,66,36,30,42,14,28
0,108,52,56,54,26,28,54,26,28,63,35,28,45,17,28
4,124,46,78,64,22,42,60,24,36,48,20,28,75,25,50
0,106,50,56,52,24,28,54,26,28,63,35,28,43,15,28
0,116,52,64,53,24,29,63,28,35,72,36,36,43,15,28
3,98,40,58,49,20,29,49,20,29,54,24,30,43,15,28
3,84,20,64,42,10,32,42,10,32,48,12,36,36,8,28
1,124,28,96,40,12,28,64,16,48,52,12,40,72,16,56
1,112,24,88,52,12,40,56,12,44,51,15,36,61,9,52
3,92,34,58,45,16,29,47,18,29,51,21,30,41,13,28
0,340,232,108,152,98,54,186,134,52,184,114,70,156,118,38
4,136,50,86,70,26,44,66,24,42,47,19,28,88,30,58
0,104,48,56,52,24,28,52,24,28,59,31,28,45,17,28
0,110,52,58,52,24,28,58,28,30,62,32,30,44,16,28
1,104,18,86,38,8,30,53,10,43,43,9,34,61,9,52
1,120,26,94,56,12,44,61,14,47,54,16,38,66,10,56
4,110,44,66,55,22,33,55,22,33,50,20,30,60,24,36
1,110,24,86,55,12,43,53,12,41,43,13,30,67,11,56
0,110,54,56,54,26,28,56,28,28,62,34,28,48,20,28
4,120,58,62,59,28,31,61,30,31,63,35,28,57,23,34
1,114,28,86,46,12,34,63,16,47,49,13,36,65,15,50
3,88,26,62,45,14,31,43,12,31,48,12,36,40,14,26
4,110,54,56,54,26,28,56,28,28,51,23,28,59,31,28
1,128,44,84,62,22,40,64,22,42,51,21,30,77,23,54
1,84,24,60,38,10,28,44,14,30,39,11,28,45,13,32
1,114,26,88,50,12,38,58,14,44,44,12,32,69,13,56
1,118,26,92,46,14,32,58,12,46,50,14,36,67,11,56
1,114,22,92,38,10,28,58,12,46,50,14,36,64,8,56
0,100,44,56,50,22,28,50,22,28,58,30,28,42,14,28
1,118,28,90,53,16,37,57,12,45,48,14,34,70,14,56
2,104,40,64,52,20,32,52,20,32,50,18,32,54,22,32
4,106,48,58,53,24,29,53,24,29,58,28,30,44,16,28
1,114,24,90,49,12,37,57,12,45,48,14,34,66,10,56
2,102,38,64,50,18,32,52,20,32,47,19,28,55,19,36
3,82,20,62,41,10,31,39,10,29,41,7,34,41,13,28
4,100,42,58,49,20,29,51,22,29,55,25,30,45,17,28
2,190,70,120,87,32,55,101,38,63,108,44,64,79,23,56
2,102,40,62,52,20,32,50,20,30,48,20,28,54,20,34
1,104,20,84,53,10,43,40,10,30,42,10,32,62,10,52
2,118,52,66,61,26,35,57,26,31,52,24,28,66,28,38
3,90,34,56,46,18,28,44,16,28,44,16,28,46,18,28
4,160,74,86,88,40,48,72,34,38,92,46,46,67,27,40
0,116,46,70,55,20,35,61,26,35,72,30,42,43,15,28
4,114,42,72,58,20,38,56,22,34,47,19,28,67,23,44
4,148,68,80,59,26,33,89,42,47,84,42,42,64,26,38
0,220,98,122,109,46,63,109,52,57,137,63,74,79,31,48
1,106,24,82,53,12,41,50,12,38,42,14,28,64,10,54
1,122,26,96,50,12,38,62,14,48,54,14,40,68,12,56
4,98,44,54,49,22,27,49,22,27,49,23,26,45,17,28
2,124,50,74,64,24,40,60,26,34,55,25,30,69,25,44
3,82,24,58,39,10,29,43,14,29,45,15,30,37,9,28
2,104,44,60,51,22,29,53,22,31,50,22,28,54,22,32
2,110,42,68,53,20,33,57,22,35,47,19,28,63,23,40
3,98,42,56,48,20,28,50,22,28,50,22,28,47,19,28
4,138,40,98,68,20,48,70,20,50,48,20,28,90,20,70
2,126,54,72,50,20,30,74,34,40,77,35,42,49,19,30
4,98,40,58,48,20,28,50,20,30,48,20,28,50,20,30
1,124,30,94,59,16,43,61,14,47,55,17,38,69,13,56
1,104,24,80,52,12,40,48,12,36,40,12,28,64,12,52
3,84,24,60,42,12,30,42,12,30,43,11,32,41,13,28
2,116,42,74,54,20,34,62,22,40,51,21,30,65,21,44
1,96,20,76,45,10,35,48,10,38,38,10,28,58,10,48
4,90,32,58,45,16,29,45,16,29,45,15,30,45,17,28
3,96,38,58,47,18,29,49,20,29,59,29,30,37,9,28
1,130,32,98,64,16,48,64,16,48,62,20,42,68,12,56
0,102,46,56,52,24,28,50,22,28,62,32,30,40,14,26
0,92,34,58,45,16,29,47,18,29,46,16,30,46,18,28
4,130,60,70,63,30,33,67,30,37,49,23,26,81,37,44
3,88,32,56,44,16,28,44,16,28,50,22,28,38,10,28
1,110,22,88,46,10,36,56,12,44,45,13,32,64,8,56
0,108,52,56,54,26,28,54,26,28,65,37,28,43,15,28
0,104,34,70,54,18,36,49,16,33,60,18,42,44,16,28
1,122,28,94,52,14,38,61,14,47,54,16,38,68,12,56
2,198,64,134,92,30,62,101,34,67,111,37,74,87,27,60
2,114,40,74,59,20,39,55,20,35,46,18,28,67,21,46
0,104,46,58,50,22,28,54,24,30,60,30,30,43,15,28
1,108,26,82,41,12,29,55,14,41,41,13,28,67,13,54
2,88,32,56,44,16,28,44,16,28,44,16,28,44,16,28
2,116,48,68,59,24,35,57,24,33,52,22,30,63,25,38
4,106,48,58,52,24,28,54,24,30,48,20,28,58,28,30
2,120,46,74,57,22,35,63,24,39,50,20,30,68,24,44
0,214,96,118,131,64,67,71,32,39,112,54,58,99,39,60
3,92,34,58,45,16,29,47,18,29,43,15,28,49,19,30
1,114,26,88,50,12,38,57,14,43,48,16,32,66,10,56
4,94,34,60,45,16,29,48,18,30,51,19,32,42,14,28
3,98,42,56,48,20,28,50,22,28,49,21,28,48,20,28
3,98,40,58,49,20,29,49,20,29,52,22,30,45,17,28
0,110,52,58,53,24,29,57,28,29,64,34,30,46,18,28
4,110,44,66,52,20,32,58,24,34,48,20,28,62,24,38
3,84,28,56,42,14,28,42,14,28,45,17,28,39,11,28
2,120,46,74,62,24,38,58,22,36,58,26,32,62,20,42
3,108,44,64,52,20,32,56,24,32,61,25,36,45,17,28
1,104,20,84,51,10,41,52,10,42,38,10,28,65,9,56
0,122,50,72,59,24,35,63,26,37,74,30,44,48,20,28
2,142,44,98,70,22,48,72,22,50,54,22,32,88,22,66
1,114,20,94,57,10,47,39,10,29,49,11,38,65,9,56
2,122,58,64,59,28,31,62,30,32,62,30,32,60,28,32
0,110,50,60,54,24,30,55,26,29,67,35,32,43,15,28
1,110,20,90,55,10,45,54,10,44,46,12,34,64,8,56
1,118,26,92,56,12,44,60,14,46,50,14,36,68,12,56
1,114,24,90,38,10,28,59,14,45,50,16,34,64,8,56
4,100,44,56,48,20,28,52,24,28,57,29,28,43,15,28
4,94,38,56,46,18,28,48,20,28,46,18,28,47,19,28
1,110,26,84,56,14,42,51,12,39,40,12,28,68,12,56
4,114,60,54,57,30,27,57,30,27,48,28,20,66,32,34
1,116,22,94,48,10,38,59,12,47,50,12,38,66,10,56
4,120,44,76,53,20,33,66,24,42,50,20,30,70,24,46
1,124,32,92,54,14,40,64,18,46,52,16,36,72,16,56
0,102,46,56,50,22,28,52,24,28,58,30,28,44,16,28
3,118,36,82,54,16,38,64,20,44,63,21,42,54,14,40
2,142,48,94,73,24,49,69,24,45,55,21,34,85,25,60
4,104,46,58,51,22,29,53,24,29,57,29,28,47,17,30
2,120,40,80,61,20,41,59,20,39,47,19,28,73,21,52
2,112,50,62,57,24,33,55,26,29,49,23,26,63,27,36
3,94,36,58,47,18,29,47,18,29,52,22,30,41,13,28
0,104,48,56,52,24,28,52,24,28,60,32,28,44,16,28
2,116,50,66,60,24,36,56,26,30,59,27,32,57,23,34
3,86,28,58,43,14,29,42,14,28,44,14,30,42,14,28
0,98,42,56,48,20,28,50,22,28,56,28,28,42,14,28
3,88,30,58,42,14,28,45,16,29,51,21,30,37,9,28
4,120,50,70,59,24,35,61,26,35,51,21,30,69,29,40
1,78,20,58,39,10,29,38,10,28,40,12,28,38,8,30
2,166,64,102,76,32,44,90,32,58,73,35,38,91,27,64
3,80,18,62,38,8,30,41,10,31,45,11,34,35,7,28
3,96,40,56,48,20,28,48,20,28,54,26,28,42,14,28
4,166,72,94,76,34,42,89,38,51,107,47,60,59,25,34
1,96,20,76,36,8,28,50,12,38,39,11,28,57,9,48
2,118,52,66,60,26,34,58,26,32,55,25,30,63,27,36
4,158,56,102,86,28,58,72,28,44,72,30,42,85,25,60
2,120,46,74,57,22,35,61,24,37,52,22,30,68,24,44
4,132,50,82,68,24,44,64,26,38,48,20,28,84,30,54
0,170,84,86,76,40,36,93,44,49,114,60,54,55,23,32
2,104,40,64,52,20,32,52,20,32,47,19,28,57,21,36
3,88,30,58,41,14,27,46,16,30,45,15,30,43,15,28
1,112,22,90,47,10,37,57,12,45,44,10,34,68,12,56
1,112,24,88,53,12,41,56,12,44,45,13,32,67,11,56
1,116,24,92,45,12,33,58,12,46,49,13,36,67,11,56
1,98,36,62,39,14,25,55,22,33,52,22,30,45,13,32
1,116,22,94,53,10,43,59,12,47,52,14,38,64,8,56
4,108,42,66,53,20,33,54,22,32,47,19,28,61,23,38
1,118,26,92,51,12,39,60,14,46,50,14,36,68,12,56
0,84,26,58,43,14,29,41,12,29,44,14,30,40,12,28
1,114,22,92,51,10,41,58,12,46,49,13,36,65,9,56
4,102,44,58,51,22,29,51,22,29,52,22,30,50,22,28
0,110,52,58,52,24,28,57,28,29,63,33,30,47,19,28
3,276,134,142,123,62,61,148,72,76,134,62,72,138,68,70
4,144,48,96,68,24,44,76,24,52,48,20,28,95,27,68
2,106,40,66,54,20,34,52,20,32,44,18,26,62,22,40
1,116,22,94,38,10,28,59,12,47,50,12,38,65,9,56
4,118,58,60,61,30,31,57,28,29,58,26,32,60,32,28
4,262,120,142,130,60,70,129,60,69,167,73,94,94,46,48
2,98,38,60,48,18,30,50,20,30,49,19,30,49,19,30
3,224,102,122,112,54,58,110,48,62,141,67,74,78,30,48
3,90,32,58,45,16,29,45,16,29,54,22,32,36,10,26
1,124,28,96,59,16,43,60,12,48,54,14,40,70,14,56
0,104,48,56,52,24,28,52,24,28,62,34,28,42,14,28
4,88,30,58,42,14,28,45,16,29,43,13,30,45,17,28
2,150,50,100,72,24,48,78,26,52,60,22,38,90,28,62
4,126,40,86,66,20,46,60,20,40,48,20,28,78,20,58
3,70,14,56,34,6,28,36,8,28,35,7,28,35,7,28
1,118,28,90,48,14,34,59,14,45,48,14,34,68,12,56
4,100,44,56,48,20,28,52,24,28,58,30,28,42,14,28
2,212,92,120,105,46,59,107,46,61,108,46,62,104,46,58
2,240,104,136,118,48,70,122,56,66,122,68,54,116,34,82
0,84,26,58,41,12,29,43,14,29,43,13,30,41,13,28
1,100,20,80,39,10,29,50,10,40,38,10,28,62,10,52
3,78,22,56,38,10,28,40,12,28,40,12,28,37,9,28
4,144,50,94,69,24,45,75,26,49,68,24,44,75,25,50
2,150,44,106,77,22,55,73,22,51,49,21,28,100,22,78
3,90,34,56,44,16,28,46,18,28,46,18,28,43,15,28
2,120,44,76,60,22,38,60,22,38,50,22,28,70,22,48
2,110,38,72,55,18,37,55,20,35,46,18,28,63,19,44
2,140,46,94,72,24,48,68,22,46,59,23,36,80,22,58
2,128,52,76,62,26,36,66,26,40,52,22,30,75,29,46
3,80,22,58,39,10,29,41,12,29,41,13,28,39,9,30
4,120,56,64,59,28,31,61,28,33,64,34,30,52,18,34
2,110,44,66,55,22,33,55,22,33,53,23,30,57,21,36
1,112,22,90,38,10,28,57,12,45,46,12,34,65,9,56
4,122,46,76,64,24,40,58,22,36,48,20,28,74,26,48
3,84,24,60,41,12,29,42,12,30,42,10,32,41,13,28
1,120,28,92,60,14,46,60,14,46,52,16,36,68,12,56
3,106,42,64,52,20,32,54,22,32,61,25,36,43,15,28
2,128,48,80,62,24,38,66,24,42,49,21,28,78,26,52
1,118,24,94,59,12,47,58,12,46,54,16,38,64,8,56
3,126,42,84,45,14,31,72,28,44,57,19,38,69,23,46
4,102,42,60,50,20,30,52,22,30,49,21,28,53,21,32
3,94,32,62,46,16,30,47,16,31,45,15,30,49,17,32
2,104,44,60,52,22,30,52,22,30,50,22,28,54,22,32
4,90,32,58,42,14,28,47,18,29,45,15,30,45,17,28
1,110,20,90,55,10,45,54,10,44,46,12,34,64,8,56
3,110,34,76,54,16,38,55,18,37,63,19,44,47,15,32
1,126,30,96,50,14,36,64,16,48,54,14,40,72,16,56
3,106,46,60,52,22,30,53,24,29,54,26,28,52,20,32
4,116,50,66,49,20,29,67,30,37,69,33,36,47,17,30
3,114,44,70,58,22,36,56,22,34,64,22,42,50,22,28
2,146,46,100,73,22,51,73,24,49,69,23,46,77,23,54
4,94,36,58,46,18,28,47,18,29,46,16,30,47,19,28
3,78,22,56,38,10,28,40,12,28,43,15,28,35,7,28
3,102,44,58,51,22,29,51,22,29,52,22,30,50,22,28
4,148,70,78,69,32,37,77,38,39,85,41,44,63,29,34
0,94,28,66,46,14,32,47,14,33,49,15,34,44,12,32
4,120,48,72,60,22,38,59,26,33,49,19,30,69,27,42
0,104,48,56,52,24,28,52,24,28,60,32,28,44,16,28
1,80,22,58,37,10,27,43,12,31,40,12,28,40,10,30
1,112,28,84,45,12,33,59,16,43,50,14,36,62,14,48
4,108,50,58,53,24,29,55,26,29,53,23,30,55,27,28
2,120,44,76,66,22,44,54,22,32,49,21,28,71,23,48
1,122,26,96,52,12,40,62,14,48,54,14,40,67,11,56
0,100,44,56,52,24,28,48,20,28,55,27,28,45,17,28
0,102,46,56,50,22,28,52,24,28,59,31,28,43,15,28
2,164,68,96,87,36,51,76,32,44,98,44,54,65,23,42
1,116,24,92,40,12,28,58,12,46,51,15,36,65,9,56
0,110,56,54,53,26,27,57,30,27,57,31,26,53,25,28
4,96,38,58,47,18,29,49,20,29,55,25,30,41,13,28
1,82,20,62,41,10,31,38,10,28,38,10,28,43,9,34
1,118,24,94,47,12,35,59,12,47,52,14,38,66,10,56
1,110,24,86,40,10,30,65,14,51,42,12,30,67,11,56
1,124,44,80,63,22,41,61,22,39,52,22,30,72,22,50
2,110,44,66,54,22,32,56,22,34,48,20,28,62,24,38
2,118,48,70,61,24,37,56,24,32,49,21,28,69,27,42
4,110,44,66,56,22,34,54,22,32,50,22,28,60,22,38
1,108,20,88,54,10,44,38,10,28,44,12,32,64,8,56
1,118,28,90,43,12,31,66,16,50,48,12,36,69,15,54
3,146,58,88,59,24,35,81,34,47,75,27,48,69,29,40
4,148,56,92,73,28,45,75,28,47,52,22,30,96,34,62
4,118,62,56,58,30,28,60,32,28,55,27,28,63,35,28
0,128,66,62,63,30,33,65,36,29,84,50,34,43,15,28
2,112,38,74,53,18,35,59,20,39,47,19,28,65,19,46
2,128,50,78,62,24,38,66,26,40,54,24,30,74,26,48
2,108,44,64,54,22,32,54,22,32,52,22,30,56,22,34
0,126,56,70,64,28,36,62,28,34,73,35,38,53,21,32
0,100,46,54,51,24,27,49,22,27,55,29,26,45,17,28
3,112,42,70,54,20,34,58,22,36,65,23,42,47,19,28
2,112,44,68,57,22,35,55,22,33,50,22,28,62,22,40
0,96,40,56,48,20,28,48,20,28,56,28,28,40,12,28
0,104,48,56,52,24,28,52,24,28,62,34,28,41,13,28
2,102,42,60,51,22,29,51,20,31,49,21,28,52,20,32
0,100,44,56,50,22,28,50,22,28,58,30,28,42,14,28
2,112,44,68,55,22,33,57,22,35,48,20,28,64,24,40
2,138,52,86,57,28,29,80,24,56,60,28,32,76,22,54
0,110,48,62,56,24,32,53,24,29,63,31,32,47,17,30
2,106,42,64,52,20,32,54,22,32,47,19,28,59,23,36
0,106,50,56,52,24,28,54,26,28,62,34,28,43,15,28
1,122,34,88,53,16,37,63,18,45,46,14,32,74,18,56
1,112,22,90,41,10,31,57,12,45,48,14,34,64,8,56
1,118,30,88,43,14,29,60,16,44,48,16,32,70,14,56
2,132,46,86,67,22,45,65,24,41,48,20,28,84,26,58
3,80,24,56,40,12,28,40,12,28,40,12,28,40,12,28
4,126,44,82,66,20,46,60,24,36,47,19,28,78,24,54
1,110,28,82,49,14,35,56,14,42,50,16,34,60,12,48
2,204,80,124,107,40,67,97,40,57,120,54,66,84,26,58
1,104,22,82,53,12,41,50,10,40,43,13,30,60,8,52
4,120,46,74,63,24,39,57,22,35,48,20,28,72,26,46
1,122,28,94,55,16,39,59,12,47,53,15,38,69,13,56
2,102,42,60,49,20,29,53,22,31,51,21,30,51,21,30
0,142,68,74,69,32,37,70,36,34,85,45,40,56,22,34
3,84,28,56,43,14,29,41,14,27,40,12,28,43,15,28
2,152,58,94,76,28,48,75,30,45,65,33,32,86,24,62
4,106,46,60,52,22,30,54,24,30,48,20,28,58,26,32
3,110,40,70,49,18,31,61,22,39,61,21,40,49,19,30
3,90,34,56,46,18,28,44,16,28,48,20,28,42,14,28
0,108,52,56,54,26,28,54,26,28,63,35,28,45,17,28
1,106,24,82,41,12,29,53,12,41,40,12,28,66,12,54
1,112,24,88,38,10,28,58,14,44,47,11,36,65,13,52
0,102,46,56,52,24,28,50,22,28,58,30,28,44,16,28
0,106,48,58,51,22,29,55,26,29,59,29,30,47,19,28
2,136,46,90,68,22,46,68,24,44,53,23,30,83,23,60
4,262,112,150,131,54,77,130,58,72,168,76,92,92,34,58
3,226,108,118,98,52,46,120,56,64,120,54,66,104,52,52
3,122,46,76,57,20,37,64,26,38,81,33,48,40,12,28
2,182,64,118,80,28,52,102,36,66,87,35,52,94,28,66
1,114,26,88,49,12,37,58,14,44,46,14,32,68,12,56
4,104,42,62,50,20,30,54,22,32,49,21,28,55,21,34
2,120,40,80,62,20,42,58,20,38,49,19,30,70,20,50
1,104,22,82,39,10,29,54,12,42,44,12,32,60,10,50
2,116,44,72,58,22,36,57,22,35,52,20,32,64,24,40
4,112,44,68,57,22,35,55,22,33,48,20,28,64,24,40
1,108,22,86,53,10,43,55,12,43,42,12,30,65,9,56
0,112,52,60,52,24,28,60,28,32,64,34,30,47,17,30
4,112,42,70,55,20,35,57,22,35,51,21,30,61,21,40
1,114,24,90,41,12,29,57,12,45,49,15,34,65,9,56
3,78,22,56,38,10,28,40,12,28,41,13,28,37,9,28
0,198,92,106,101,48,53,97,44,53,145,69,76,48,18,30
2,168,50,118,86,26,60,82,24,58,62,24,38,106,26,80
1,82,20,62,41,10,31,38,10,28,40,12,28,42,8,34
4,138,72,66,67,34,33,71,38,33,69,35,34,69,37,32
1,108,24,84,54,12,42,52,12,40,40,12,28,67,11,56
4,112,42,70,55,20,35,57,22,35,49,21,28,63,21,42
1,106,18,88,36,8,28,54,10,44,42,10,32,64,8,56
1,112,22,90,39,10,29,57,12,45,48,14,34,64,8,56
4,110,48,62,53,22,31,56,26,30,54,22,32,56,26,30
3,98,36,62,53,20,33,45,16,29,57,23,34,41,13,28
4,106,44,62,55,24,31,51,20,31,46,18,28,59,25,34
1,120,26,94,38,10,28,63,16,47,50,12,38,70,14,56
2,152,50,102,81,26,55,71,24,47,63,23,40,88,26,62
3,108,34,74,45,16,29,63,18,45,52,18,34,56,16,40
3,102,38,64,49,18,31,52,20,32,46,14,32,54,22,32
0,106,48,58,50,22,28,55,26,29,63,33,30,43,15,28
4,92,34,58,45,16,29,47,18,29,47,17,30,45,17,28
1,114,22,92,47,10,37,58,12,46,49,13,36,64,8,56
4,104,44,60,52,22,30,52,22,30,58,26,32,46,18,28
1,112,22,90,37,10,27,57,12,45,48,14,34,64,8,56
1,88,24,64,41,12,29,44,12,32,38,12,26,50,12,38
4,186,88,98,84,40,44,101,48,53,81,35,46,103,51,52
0,108,50,58,55,26,29,53,24,29,62,32,30,46,18,28
4,88,30,58,45,16,29,43,14,29,45,15,30,43,15,28
4,96,40,56,48,20,28,48,20,28,52,24,28,44,16,28
0,136,50,86,69,22,47,67,28,39,95,37,58,41,13,28
2,112,42,70,54,20,34,58,22,36,49,19,30,62,22,40
3,96,38,58,48,20,28,47,18,29,52,22,30,43,15,28
1,112,22,90,38,10,28,57,12,45,48,14,34,64,8,56
2,136,44,92,64,20,44,72,24,48,56,20,36,80,24,56
4,152,54,98,74,26,48,75,28,47,68,28,40,83,25,58
0,136,62,74,50,22,28,86,40,46,95,49,46,41,13,28
2,112,40,72,54,18,36,58,22,36,50,20,30,61,19,42
3,92,36,56,46,18,28,46,18,28,46,18,28,46,18,28
2,148,62,86,75,32,43,67,30,37,70,30,40,77,31,46
3,90,34,56,46,18,28,44,16,28,43,15,28,47,19,28
3,94,36,58,47,18,29,47,18,29,50,20,30,43,15,28
4,106,48,58,50,22,28,55,26,29,61,31,30,45,17,28
0,94,36,58,45,16,29,49,20,29,47,17,30,47,19,28
1,96,20,76,41,10,31,48,10,38,45,11,34,51,9,42
2,142,56,86,46,18,28,95,38,57,59,25,34,82,30,52
0,110,50,60,54,24,30,56,26,30,65,33,32,45,17,28
1,114,24,90,45,12,33,57,12,45,47,13,34,66,10,56
2,166,60,106,82,30,52,84,30,54,75,31,44,91,29,62
3,106,36,70,53,18,35,53,18,35,62,20,42,44,16,28
0,108,50,58,50,22,28,58,28,30,64,34,30,43,15,28
2,110,48,62,50,22,28,60,26,34,50,22,28,60,26,34
4,140,50,90,76,24,52,64,26,38,49,21,28,90,28,62
3,106,38,68,49,18,31,57,20,37,65,25,40,40,12,28
2,98,40,58,49,20,29,49,20,29,48,20,28,50,20,30
1,118,26,92,55,14,41,58,12,46,50,14,36,67,11,56
2,96,40,56,48,20,28,48,20,28,48,20,28,48,20,28
4,122,40,82,61,20,41,61,20,41,48,20,28,74,20,54
1,110,22,88,38,10,28,56,12,44,44,12,32,65,9,56
4,114,48,66,58,24,34,56,24,32,47,19,28,66,28,38
2,102,40,62,52,20,32,50,20,30,46,18,28,55,21,34
0,134,50,84,70,24,46,63,26,37,75,27,48,59,23,36
1,112,20,92,56,10,46,52,10,42,47,11,36,64,8,56
0,104,48,56,52,24,28,52,24,28,59,31,28,45,17,28
2,104,42,62,51,20,31,53,22,31,48,20,28,55,21,34
0,102,46,56,51,24,27,51,22,29,57,29,28,44,16,28
0,108,52,56,52,24,28,56,28,28,63,35,28,44,16,28
1,118,26,92,59,14,45,58,12,46,50,14,36,68,12,56
1,106,22,84,50,10,40,54,12,42,39,11,28,66,10,56
4,136,54,82,66,26,40,70,28,42,65,27,38,71,27,44
2,146,66,80,72,34,38,72,32,40,56,24,32,88,40,48
1,126,26,100,62,12,50,61,14,47,60,16,44,66,10,56
1,86,28,58,44,16,28,41,12,29,42,14,28,44,14,30
3,114,38,76,56,18,38,58,20,38,68,20,48,44,16,28
0,116,38,78,54,16,38,61,22,39,70,20,50,46,18,28
3,82,26,56,40,12,28,42,14,28,39,11,28,43,15,28
0,98,42,56,50,22,28,48,20,28,56,28,28,42,14,28
3,88,30,58,43,14,29,45,16,29,41,11,30,47,19,28
3,96,36,60,46,16,30,49,20,29,44,14,30,51,21,30
0,106,48,58,52,24,28,53,24,29,59,29,30,47,19,28
0,152,72,80,70,34,36,78,38,40,62,34,28,88,36,52
2,110,44,66,56,22,34,54,22,32,49,21,28,61,23,38
4,106,42,64,52,20,32,54,22,32,48,20,28,57,21,36
3,84,22,62,41,10,31,43,12,31,46,12,34,38,10,28
1,112,22,90,42,10,32,57,12,45,48,14,34,64,8,56
4,106,40,66,52,20,32,54,20,34,48,20,28,58,20,38
4,208,68,140,115,38,77,92,30,62,87,35,52,119,31,88
1,122,26,96,51,12,39,62,14,48,56,16,40,66,10,56
1,110,22,88,38,10,28,56,12,44,45,13,32,65,9,56
2,140,56,84,69,28,41,71,28,43,60,24,36,77,29,48
0,144,62,82,68,28,40,75,34,41,71,33,38,71,27,44
2,112,44,68,52,20,32,59,24,35,54,22,32,58,22,36
4,108,40,68,55,20,35,53,20,33,44,18,26,63,21,42
1,112,24,88,56,12,44,50,12,38,47,15,32,65,9,56
3,102,40,62,47,18,29,52,22,30,51,17,34,50,22,28
3,94,36,58,47,18,29,47,18,29,53,23,30,41,13,28
3,104,44,60,50,20,30,54,24,30,46,18,28,57,25,32
2,96,38,58,47,18,29,49,20,29,48,20,28,48,18,30
1,114,26,88,48,12,36,58,14,44,46,14,32,68,12,56
4,126,46,80,66,22,44,60,24,36,50,22,28,76,24,52
1,114,22,92,38,10,28,58,12,46,50,14,36,64,8,56
3,96,36,60,50,20,30,46,16,30,46,14,32,49,21,28
0,140,60,80,71,30,41,69,30,39,72,28,44,68,32,36
0,108,58,50,53,28,25,55,30,25,48,24,24,59,33,26
3,102,44,58,49,20,29,53,24,29,52,22,30,50,22,28
2,128,50,78,66,24,42,62,26,36,60,28,32,67,21,46
2,202,88,114,95,42,53,101,46,55,110,50,60,90,36,54
0,110,52,58,53,24,29,57,28,29,62,32,30,48,20,28
4,114,56,58,57,28,29,57,28,29,54,24,30,58,30,28
4,110,48,62,54,24,30,56,24,32,52,24,28,58,24,34
0,92,36,56,46,18,28,46,18,28,44,16,28,48,20,28
0,88,30,58,45,16,29,43,14,29,45,15,30,42,14,28
3,124,46,78,57,22,35,62,24,38,48,16,32,75,29,46
3,92,34,58,45,16,29,47,18,29,53,23,30,39,11,28
0,110,52,58,55,26,29,55,26,29,60,30,30,50,22,28
3,74,18,56,36,8,28,38,10,28,38,10,28,36,8,28
3,104,38,66,51,18,33,53,20,33,67,29,38,37,9,28
2,102,46,56,50,22,28,52,24,28,51,23,28,51,23,28
1,102,20,82,36,8,28,53,12,41,39,11,28,62,8,54
4,122,50,72,56,24,32,66,26,40,49,21,28,73,29,44
4,104,36,68,52,18,34,52,18,34,45,13,32,59,23,36
4,100,44,56,50,22,28,50,22,28,46,18,28,52,24,28
4,88,32,56,44,16,28,44,16,28,42,14,28,46,18,28
3,138,58,80,64,28,36,68,30,38,91,39,52,47,19,28
2,134,50,84,62,24,38,72,26,46,51,21,30,82,28,54
4,174,82,92,85,42,43,88,40,48,109,55,54,65,27,38
4,104,44,60,54,22,32,50,22,28,49,21,28,55,23,32
1,112,44,68,56,22,34,54,22,32,50,22,28,62,22,40
1,124,32,92,62,18,44,60,14,46,54,18,36,70,14,56
2,118,44,74,65,22,43,53,22,31,48,20,28,70,24,46
2,120,38,82,59,18,41,61,20,41,46,18,28,73,19,54
4,148,80,68,67,34,33,81,46,35,64,30,34,80,46,34
3,88,30,58,43,14,29,45,16,29,44,14,30,43,15,28
4,120,56,64,61,30,31,59,26,33,54,26,28,66,30,36
4,102,42,60,53,22,31,49,20,29,47,19,28,55,23,32
2,98,40,58,49,20,29,49,20,29,48,20,28,50,20,30
3,96,38,58,47,18,29,49,20,29,54,24,30,42,14,28
4,98,42,56,48,20,28,50,22,28,47,19,28,51,23,28
0,110,52,58,53,24,29,57,28,29,65,35,30,45,17,28
3,100,42,58,49,20,29,51,22,29,47,17,30,52,24,28
1,118,26,92,48,12,36,60,14,46,52,14,38,66,12,54
1,114,24,90,44,12,32,57,12,45,48,14,34,66,10,56
0,326,262,64,149,110,39,176,152,24,178,138,40,134,110,24
0,86,30,56,42,14,28,44,16,28,45,17,28,41,13,28
3,88,32,56,44,16,28,44,16,28,43,15,28,45,17,28
3,82,26,56,40,12,28,42,14,28,40,12,28,42,14,28
2,102,44,58,51,22,29,51,22,29,50,22,28,52,22,30
4,148,48,100,76,24,52,72,24,48,49,21,28,98,26,72
4,108,42,66,52,20,32,55,22,33,47,19,28,61,23,38
0,188,96,92,77,44,33,111,52,59,133,73,60,47,15,32
0,90,32,58,45,16,29,45,16,29,45,15,30,45,17,28
1,98,20,78,36,8,28,51,12,39,40,12,28,58,8,50
2,158,46,112,76,22,54,82,24,58,53,21,32,104,24,80
3,106,48,58,53,24,29,53,24,29,58,30,28,48,18,30
4,110,38,72,60,18,42,50,20,30,47,19,28,63,19,44
0,176,96,80,71,38,33,105,58,47,101,59,42,75,37,38
3,118,48,70,56,22,34,62,26,36,65,23,42,53,25,28
2,118,46,72,52,20,32,66,26,40,52,22,30,66,24,42
1,114,22,92,38,10,28,58,12,46,50,14,36,64,8,56
1,112,20,92,56,10,46,49,10,39,48,12,36,64,8,56
3,108,40,68,52,18,34,56,22,34,61,21,40,47,19,28
3,112,38,74,44,16,28,68,22,46,62,18,44,47,17,30
3,230,92,138,136,52,84,91,40,51,120,36,84,110,56,54
0,106,48,58,51,22,29,55,26,29,63,33,30,42,14,28
3,118,40,78,53,18,35,64,22,42,68,22,46,49,17,32
4,114,42,72,56,20,36,58,22,36,50,20,30,64,22,42
3,92,22,70,38,10,28,54,12,42,39,11,28,53,11,42
1,116,22,94,57,10,47,47,12,35,51,13,38,65,9,56
1,104,22,82,41,10,31,53,12,41,39,11,28,65,11,54
1,110,22,88,45,10,35,56,12,44,44,12,32,66,10,56
2,98,42,56,50,22,28,47,20,27,52,22,30,46,20,26
4,136,42,94,64,20,44,72,22,50,47,19,28,88,22,66
2,136,48,88,68,24,44,67,24,43,56,22,34,79,25,54
0,82,28,54,41,14,27,41,14,27,40,14,26,42,14,28
4,262,90,172,133,54,79,126,36,90,154,56,98,105,31,74
4,120,62,58,58,30,28,62,32,30,64,36,28,56,26,30
3,76,22,54,35,10,25,41,12,29,39,13,26,37,9,28
3,88,32,56,44,16,28,44,16,28,42,14,28,42,14,28
0,106,50,56,50,22,28,56,28,28,62,34,28,44,16,28
4,114,48,66,60,26,34,53,22,31,56,24,32,58,24,34
1,106,24,82,53,12,41,50,12,38,42,14,28,64,10,54
1,102,28,74,51,14,37,49,14,35,40,14,26,62,14,48
2,152,48,104,69,24,45,83,24,59,55,23,32,97,25,72
4,130,42,88,64,20,44,66,22,44,48,20,28,82,22,60
4,102,46,56,50,22,28,52,24,28,57,29,28,43,15,28
3,114,52,62,54,26,28,59,26,33,51,21,30,63,31,32
3,84,26,58,41,12,29,43,14,29,45,15,30,39,11,28
0,112,54,58,55,26,29,57,28,29,63,33,30,48,20,28
1,114,26,88,58,14,44,54,12,42,47,15,32,66,10,56
4,140,44,96,72,22,50,68,22,46,49,21,28,91,23,68
2,188,56,132,84,22,62,103,34,69,83,33,50,104,22,82
4,102,40,62,51,20,31,51,20,31,46,18,28,55,21,34
0,108,50,58,52,24,28,56,26,30,60,32,28,48,18,30
1,110,20,90,39,10,29,55,10,45,46,12,34,63,7,56
2,116,40,76,56,18,38,60,22,38,47,19,28,69,21,48
2,104,40,64,53,20,33,51,20,31,46,18,28,58,22,36
4,114,64,50,57,32,25,57,32,25,62,38,24,50,24,26
0,100,42,58,48,20,28,51,22,29,57,27,30,43,15,28
2,140,46,94,64,22,42,76,24,52,50,22,28,90,24,66
3,90,34,56,44,16,28,46,18,28,45,17,28,45,17,28
2,138,54,84,79,30,49,59,24,35,57,25,32,81,29,52
2,166,46,120,82,22,60,84,24,60,63,23,40,103,23,80
4,106,40,66,53,20,33,53,20,33,46,20,26,60,20,40
0,118,52,66,59,26,33,59,26,33,70,32,38,48,20,28
1,78,20,58,39,10,29,38,10,28,38,10,28,40,10,30
2,112,44,68,59,22,37,53,22,31,47,19,28,64,24,40
3,104,32,72,43,16,27,61,16,45,59,17,42,43,13,30
2,110,40,70,54,20,34,56,20,36,47,19,28,63,21,42
3,88,32,56,41,16,25,46,16,30,47,19,28,40,12,28
3,178,76,102,69,32,37,104,44,60,88,38,50,86,34,52
0,322,160,162,166,84,82,152,76,76,135,67,68,177,83,94
1,102,18,84,36,8,28,52,10,42,39,11,28,62,6,56
0,104,46,58,53,24,29,51,22,29,60,30,30,44,16,28
3,126,52,74,66,26,40,60,26,34,64,24,40,62,28,34
0,104,46,58,51,22,29,53,24,29,59,29,30,45,17,28
0,184,94,90,92,46,46,92,48,44,131,73,58,52,20,32
3,106,48,58,54,24,30,52,24,28,63,33,30,43,15,28
1,82,24,58,41,12,29,41,12,29,39,11,28,42,12,30
0,112,42,70,48,18,30,64,24,40,67,25,42,44,16,28
0,102,46,56,48,20,28,54,26,28,58,30,28,44,16,28
2,128,44,84,63,20,43,64,24,40,48,20,28,80,24,56
0,108,50,58,53,24,29,55,26,29,64,34,30,44,16,28
4,114,44,70,54,20,34,59,24,35,49,19,30,65,25,40
0,102,44,58,52,22,30,50,22,28,61,31,30,41,13,28
1,92,26,66,38,10,28,50,16,34,40,12,28,51,13,38
3,90,34,56,44,16,28,46,18,28,49,21,28,40,12,28
3,94,36,58,47,18,29,47,18,29,47,17,30,46,18,28
2,110,44,66,58,22,36,52,22,30,47,19,28,63,25,38
4,104,42,62,52,20,32,52,22,30,52,22,30,52,20,32
3,98,28,70,49,14,35,48,14,34,55,13,42,43,15,28
3,120,36,84,62,18,44,58,18,40,70,18,52,49,17,32
2,308,90,218,156,48,108,150,42,108,151,55,96,155,33,122
2,240,92,148,101,38,63,133,54,79,137,57,80,99,31,68
4,124,66,58,60,34,26,64,32,32,47,25,22,77,41,36
0,106,40,66,49,18,31,56,22,34,59,21,38,47,19,28
4,98,40,58,49,20,29,49,20,29,46,18,28,52,22,30
0,188,90,98,89,42,47,95,48,47,128,64,64,56,22,34
4,114,56,58,57,28,29,57,28,29,68,38,30,45,17,28
0,104,48,56,52,24,28,52,24,28,62,34,28,42,14,28
3,98,42,56,48,20,28,50,22,28,54,26,28,43,15,28
3,136,46,90,72,24,48,64,22,42,72,24,48,63,21,42
1,108,24,84,54,12,42,50,12,38,42,14,28,65,9,56
3,124,34,90,59,16,43,65,18,47,73,21,52,51,13,38
2,212,100,112,110,50,60,101,50,51,117,63,54,93,35,58
2,106,42,64,51,20,31,54,22,32,49,21,28,57,21,36
1,110,22,88,38,10,28,56,12,44,43,11,32,67,11,56
3,102,46,56,52,24,28,50,22,28,47,17,30,54,28,26
3,90,32,58,45,16,29,45,16,29,52,22,30,38,10,28
1,104,22,82,38,10,28,53,12,41,41,13,28,63,9,54
3,110,40,70,54,18,36,56,22,34,59,19,40,51,21,30
0,112,56,56,56,28,28,56,28,28,60,32,28,52,24,28
3,114,50,64,57,24,33,56,26,30,56,26,30,58,24,34
0,106,52,54,53,26,27,53,26,27,62,36,26,44,16,28
4,106,50,56,52,24,28,54,26,28,64,36,28,42,14,28
1,80,22,58,38,10,28,41,12,29,40,12,28,40,10,30
4,154,44,110,77,22,55,77,22,55,48,20,28,104,22,82
4,112,42,70,56,20,36,56,22,34,47,19,28,64,22,42
0,94,36,58,45,16,29,49,20,29,49,19,30,45,17,28
4,90,32,58,45,16,29,45,16,29,46,16,30,44,16,28
3,102,40,62,48,18,30,53,22,31,51,19,32,51,21,30
0,108,42,66,54,20,34,54,22,32,47,19,28,61,23,38
1,114,24,90,38,10,28,60,14,46,46,12,34,67,11,56
3,92,36,56,46,18,28,46,18,28,44,16,28,48,20,28
0,106,48,58,53,24,29,53,24,29,58,28,30,48,20,28
4,104,48,56,52,24,28,52,24,28,60,32,28,43,15,28
0,134,66,68,66,32,34,67,34,33,85,45,40,49,21,28
4,140,46,94,58,20,38,82,26,56,57,23,34,82,22,60
1,116,24,92,50,12,38,58,12,46,48,12,36,67,11,56
2,196,80,116,98,38,60,98,42,56,104,50,54,91,29,62
0,102,46,56,50,22,28,52,24,28,53,25,28,43,15,28
4,92,34,58,44,16,28,47,18,29,43,13,30,49,21,28
3,96,38,58,47,18,29,49,20,29,44,16,28,52,22,30
2,114,44,70,59,22,37,55,22,33,52,22,30,62,22,40
4,142,42,100,69,20,49,73,22,51,49,21,28,92,20,72
2,228,100,128,99,46,53,125,54,71,147,65,82,80,34,46
3,80,18,62,39,8,31,41,10,31,44,10,34,36,8,28
4,190,92,98,88,42,46,102,50,52,77,35,42,113,57,56
4,116,56,60,60,28,32,56,28,28,62,34,28,54,22,32
3,92,26,66,39,12,27,52,14,38,53,15,38,37,9,28
2,98,40,58,48,20,28,50,20,30,48,20,28,50,20,30
1,106,22,84,36,8,28,56,14,42,37,9,28,67,11,56
0,100,32,68,49,16,33,51,16,35,56,16,40,44,16,28
3,80,24,56,40,12,28,40,12,28,39,11,28,39,11,28
3,140,64,76,68,30,38,71,34,37,77,35,42,61,27,34
4,154,60,94,69,28,41,83,32,51,67,29,38,87,31,56
4,128,50,78,62,24,38,66,26,40,55,23,32,73,27,46
2,150,46,104,76,22,54,74,24,50,50,22,28,100,24,76
2,100,42,58,49,20,29,51,22,29,49,21,28,51,21,30
2,98,40,58,49,20,29,49,20,29,48,20,28,50,20,30
1,122,42,80,52,20,32,63,22,41,60,24,36,62,18,44
4,188,76,112,92,32,60,96,44,52,94,40,54,93,35,58
1,116,22,94,49,10,39,59,12,47,48,10,38,68,12,56
1,112,22,90,38,10,28,57,12,45,47,13,34,65,9,56
1,112,22,90,39,10,29,57,12,45,48,14,34,64,8,56
2,112,44,68,60,22,38,52,22,30,49,21,28,63,23,40
4,158,44,114,78,20,58,80,24,56,52,22,30,105,21,84
1,124,30,94,59,16,43,61,14,47,54,16,38,70,14,56
0,100,42,58,49,20,29,51,22,29,59,29,30,41,13,28
3,80,26,54,39,12,27,41,14,27,43,17,26,37,9,28
1,120,26,94,54,12,42,61,14,47,52,14,38,68,12,56
1,114,26,88,38,10,28,61,16,45,46,12,34,68,14,54
3,132,56,76,63,28,35,65,28,37,62,28,34,69,27,42
2,94,34,60,48,18,30,46,16,30,47,17,30,47,17,30
1,124,28,96,49,12,37,68,16,52,53,13,40,71,15,56
0,122,56,66,61,26,35,60,30,30,74,38,36,47,17,30
4,200,82,118,107,46,61,93,36,57,108,44,64,89,35,54
2,164,54,110,79,28,51,85,26,59,73,23,50,89,29,60
4,146,46,100,72,22,50,74,24,50,49,21,28,97,25,72
3,94,32,62,42,14,28,52,18,34,55,21,34,38,10,28
0,102,46,56,50,22,28,52,24,28,58,30,28,44,16,28
2,98,38,60,47,18,29,51,20,31,46,18,28,52,20,32
4,110,50,60,54,24,30,56,26,30,49,21,28,61,29,32
0,104,48,56,52,24,28,52,24,28,58,30,28,44,16,28
2,122,38,84,58,18,40,64,20,44,47,19,28,75,19,56
4,114,40,74,57,20,37,56,20,36,48,18,30,64,20,44
1,116,24,92,43,12,31,58,12,46,50,14,36,66,10,56
1,110,20,90,55,10,45,53,10,43,48,14,34,62,6,56
2,96,40,56,48,20,28,48,20,28,48,20,28,48,20,28
1,120,28,92,60,14,46,59,14,45,51,15,36,68,12,56
3,164,74,90,78,36,42,84,38,46,77,33,44,84,38,46
4,146,48,98,74,24,50,72,24,48,51,21,30,94,26,68
1,106,24,82,53,12,41,47,12,35,39,11,28,65,11,54
4,264,120,144,131,64,67,129,56,73,130,58,72,128,56,72
4,154,78,76,80,40,40,74,38,36,79,39,40,74,38,36
3,98,40,58,48,20,28,50,20,30,44,16,28,52,22,30
4,120,46,74,50,20,30,69,26,43,59,23,36,60,22,38
0,106,50,56,54,26,28,52,24,28,52,24,28,54,26,28
0,112,56,56,56,28,28,56,28,28,62,34,28,50,22,28
0,108,52,56,54,26,28,54,26,28,59,31,28,49,21,28
1,118,24,94,50,12,38,59,12,47,52,14,38,66,10,56
2,124,42,82,60,20,40,64,22,42,51,21,30,73,21,52
4,106,64,42,52,32,20,54,32,22,44,26,18,62,38,24
0,106,48,58,50,22,28,56,26,30,63,33,30,43,15,28
1,112,26,86,48,12,36,57,14,43,46,16,30,66,10,56
0,230,118,112,106,52,54,120,66,54,186,102,84,44,16,28
2,120,44,76,71,24,47,49,20,29,55,21,34,64,22,42
3,108,40,68,54,20,34,54,20,34,60,20,40,48,20,28
2,150,48,102,74,24,50,75,24,51,53,23,30,96,24,72
2,138,62,76,65,28,37,73,34,39,61,27,34,76,34,42
0,128,46,82,72,24,48,56,22,34,56,22,34,71,23,48
0,118,52,66,59,26,33,59,26,33,74,36,38,44,16,28
2,154,50,104,73,24,49,81,26,55,51,23,28,102,26,76
0,122,58,64,60,28,32,61,30,31,80,44,36,42,14,28
2,146,44,102,82,22,60,64,22,42,59,21,38,87,23,64
4,104,48,56,49,22,27,54,26,28,59,31,28,45,17,28
2,106,36,70,53,18,35,53,18,35,46,18,28,60,18,42
1,128,28,100,50,14,36,64,14,50,57,13,44,70,14,56
1,120,28,92,59,14,45,60,14,46,50,14,36,70,14,56
2,144,72,72,68,34,34,76,38,38,88,48,40,54,22,32
4,152,44,108,78,22,56,74,22,52,48,20,28,103,23,80
3,82,26,56,40,12,28,42,14,28,44,16,28,38,10,28
3,94,36,58,45,16,29,49,20,29,49,21,28,45,15,30
2,138,62,76,68,34,34,67,28,39,78,38,40,60,24,36
4,92,36,56,46,18,28,46,18,28,46,18,28,46,18,28
2,126,44,82,66,22,44,60,22,38,50,20,30,75,23,52
2,158,50,108,76,24,52,82,26,56,56,24,32,101,25,76
2,96,40,56,48,20,28,48,20,28,48,20,28,48,20,28
2,130,52,78,65,26,39,64,26,38,59,27,32,71,25,46
2,124,54,70,59,26,33,63,28,35,73,33,40,51,21,30
1,106,22,84,38,10,28,54,12,42,39,11,28,66,10,56
3,110,36,74,56,18,38,54,18,36,66,20,46,44,16,28
4,142,40,102,73,20,53,69,20,49,47,19,28,95,21,74
3,100,42,58,49,20,29,51,22,29,53,23,30,46,18,28
0,100,44,56,50,22,28,50,22,28,59,31,28,41,13,28
0,100,42,58,50,20,30,50,22,28,60,30,30,40,12,28
2,112,42,70,53,20,33,58,22,36,51,21,30,61,21,40
3,96,36,60,46,16,30,50,20,30,53,21,32,43,15,28
0,104,46,58,50,22,28,54,24,30,63,33,30,41,13,28
4,108,44,64,55,22,33,53,22,31,45,19,26,62,24,38
4,100,56,44,50,28,22,50,28,22,48,26,22,50,28,22
4,108,44,64,52,22,30,55,22,33,59,23,36,48,20,28
3,96,38,58,44,16,28,51,22,29,46,16,30,50,22,28
2,192,88,104,94,40,54,98,48,50,121,61,60,68,24,44
0,110,50,60,54,24,30,56,26,30,68,36,32,42,14,28
0,112,50,62,55,24,31,57,26,31,67,33,34,45,17,28
1,116,24,92,52,10,42,60,14,46,47,11,36,68,12,56
3,94,32,62,47,16,31,47,16,31,48,14,34,45,17,28
3,116,38,78,58,20,38,58,18,40,76,26,50,39,11,28
3,92,34,58,44,16,28,47,18,29,51,21,30,39,11,28
0,104,48,56,50,22,28,54,26,28,61,33,28,43,15,28
4,312,136,176,182,82,100,125,54,71,142,56,86,161,71,90
3,98,32,66,47,14,33,51,18,33,53,15,38,44,16,28
4,122,54,68,67,28,39,55,26,29,54,24,30,68,30,38
1,126,28,98,61,12,49,54,16,38,55,13,42,71,15,56
2,168,64,104,87,30,57,81,34,47,88,36,52,80,28,52
2,118,58,60,58,28,30,59,30,29,59,27,32,58,30,28
3,100,42,58,50,22,28,50,20,30,57,27,30,42,14,28
0,120,60,60,59,30,29,61,30,31,70,38,32,49,21,28
1,112,24,88,56,12,44,54,12,42,45,13,32,65,9,56
1,112,30,82,45,14,31,57,16,41,40,12,28,72,18,54
4,110,44,66,51,20,31,59,24,35,47,19,28,61,23,38
1,110,26,84,48,14,34,54,12,42,42,14,28,67,11,56
0,100,46,54,49,22,27,51,24,27,56,30,26,44,16,28
2,102,40,62,51,20,31,51,20,31,46,18,28,56,22,34
2,188,92,96,84,44,40,104,48,56,74,38,36,101,41,60
1,118,24,94,61,14,47,55,10,45,52,14,38,66,10,56
0,108,50,58,55,26,29,53,24,29,60,30,30,48,20,28
4,90,34,56,46,18,28,44,16,28,46,18,28,44,16,28
1,116,22,94,41,10,31,59,12,47,52,14,38,64,8,56
2,110,42,68,56,20,36,53,22,31,51,21,30,59,21,38
3,260,80,180,133,40,93,126,40,86,136,40,96,122,38,84
4,98,40,58,49,20,29,49,20,29,51,21,30,47,19,28
2,162,56,106,81,28,53,81,28,53,72,30,42,86,22,64
2,102,42,60,50,20,30,52,22,30,49,21,28,53,21,32
3,86,22,64,41,10,31,44,12,32,47,11,36,38,10,28
2,96,38,58,47,18,29,49,20,29,47,19,28,49,19,30
4,104,44,60,52,22,30,52,22,30,51,21,30,53,23,30
0,142,58,84,70,28,42,72,30,42,51,23,28,91,35,56
4,106,42,64,52,20,32,54,22,32,47,19,28,59,23,36
3,98,40,58,49,20,29,49,20,29,52,22,30,46,18,28
3,128,46,82,65,24,41,63,22,41,55,19,36,73,27,46
4,110,50,60,58,26,32,52,24,28,51,23,28,59,27,32
2,138,54,84,65,28,37,70,26,44,66,26,40,70,26,44
4,112,42,70,58,22,36,54,20,34,47,19,28,65,23,42
3,98,40,58,49,20,29,49,20,29,45,17,28,52,22,30
1,118,32,86,53,16,37,59,16,43,47,17,30,70,14,56
2,108,54,54,53,26,27,55,28,27,52,24,28,56,30,26
2,102,40,62,51,20,31,51,20,31,46,18,28,56,22,34
2,106,44,62,53,22,31,53,22,31,48,20,28,58,24,34
1,112,24,88,40,12,28,56,12,44,46,14,32,65,9,56
3,102,42,60,51,20,31,51,22,29,49,19,30,53,23,30
1,110,20,90,55,10,45,49,10,39,46,12,34,64,8,56
0,92,28,64,46,14,32,46,14,32,48,12,36,44,16,28
1,232,96,136,160,62,98,69,34,35,113,49,64,117,45,72
4,200,86,114,87,38,49,108,48,60,101,45,56,96,38,58
4,126,52,74,61,24,37,65,28,37,52,22,30,74,30,44
4,134,46,88,71,24,47,63,22,41,54,20,34,79,25,54
4,98,42,56,48,20,28,50,22,28,45,17,28,53,25,28
3,210,128,82,106,66,40,103,62,41,120,74,46,89,53,36
0,104,46,58,52,24,28,52,22,30,63,33,30,41,13,28
2,108,40,68,55,20,35,53,20,33,46,18,28,62,22,40
3,96,38,58,48,20,28,48,18,30,49,21,28,46,16,30
2,102,42,60,50,20,30,52,22,30,47,19,28,55,23,32
4,102,46,56,50,22,28,52,24,28,54,26,28,48,20,28
0,104,46,58,53,24,29,51,22,29,61,31,30,43,15,28
1,144,36,108,38,10,28,88,26,62,72,24,48,71,11,60
1,112,22,90,38,10,28,57,12,45,47,13,34,65,9,56
0,98,42,56,48,20,28,50,22,28,57,29,28,41,13,28
4,104,48,56,52,24,28,52,24,28,62,34,28,42,14,28
3,88,28,60,40,12,28,46,16,30,47,15,32,41,13,28
1,116,26,90,56,12,44,56,14,42,48,14,34,68,12,56
0,100,42,58,51,22,29,49,20,29,54,24,30,46,18,28
4,154,62,92,75,30,45,78,32,46,87,33,54,66,28,38
4,98,36,62,48,18,30,50,18,32,45,17,28,52,18,34
4,110,48,62,55,24,31,55,24,31,53,23,30,57,25,32
4,114,50,64,55,24,31,58,26,32,51,23,28,63,27,36
3,86,30,56,42,14,28,44,16,28,43,15,28,43,15,28
0,92,36,56,44,16,28,48,20,28,47,19,28,45,17,28
1,110,20,90,55,10,45,45,10,35,46,12,34,64,8,56
4,112,52,60,57,26,31,55,26,29,63,31,32,46,18,28
2,104,42,62,52,20,32,52,22,30,49,21,28,55,21,34
1,114,24,90,56,12,44,57,12,45,46,12,34,66,10,56
3,98,40,58,51,22,29,47,18,29,53,23,30,45,17,28
4,116,52,64,57,26,31,59,26,33,59,25,34,54,24,30
1,118,28,90,51,14,37,59,14,45,51,17,34,67,11,56
0,90,32,58,45,16,29,45,16,29,45,15,30,45,17,28
4,104,48,56,52,24,28,52,24,28,56,28,28,42,14,28
1,76,20,56,38,10,28,38,10,28,40,12,28,36,8,28
0,104,48,56,52,24,28,52,24,28,62,34,28,42,14,28
3,94,28,66,42,12,30,50,16,34,55,17,38,39,11,28
1,118,26,92,40,12,28,60,14,46,48,12,36,70,14,56
2,136,52,84,80,26,54,56,26,30,56,26,30,80,26,54
3,104,36,68,52,18,34,52,18,34,63,23,40,40,12,28
0,128,58,70,64,30,34,62,28,34,76,34,42,52,24,28
0,108,50,58,53,24,29,55,26,29,64,34,30,44,16,28
0,104,46,58,50,22,28,53,24,29,57,27,30,47,19,28
3,90,32,58,45,16,29,45,16,29,46,16,30,44,16,28
2,96,38,58,47,18,29,49,20,29,45,19,26,51,19,32
3,94,30,64,46,14,32,48,16,32,53,17,36,41,13,28
3,82,26,56,40,12,28,42,14,28,41,13,28,41,13,28
3,92,34,58,44,16,28,48,18,30,49,19,30,43,15,28
3,102,38,64,46,18,28,56,20,36,59,23,36,41,13,28
0,116,54,62,57,26,31,59,28,31,72,38,34,44,16,28
4,104,44,60,52,22,30,51,22,29,52,22,30,52,22,30
1,120,22,98,49,10,39,61,12,49,56,14,42,64,8,56
2,130,44,86,64,22,42,66,22,44,49,21,28,81,23,58
2,110,40,70,55,20,35,53,20,33,51,21,30,59,19,40
2,122,54,68,60,26,34,62,28,34,51,23,28,71,31,40
3,98,36,62,49,18,31,49,18,31,52,22,30,46,14,32
1,110,30,80,47,14,33,56,16,40,42,14,28,68,16,52
1,146,58,88,70,32,38,68,26,42,68,28,40,78,30,48
1,112,34,78,42,14,28,59,20,39,43,15,28,69,19,50
1,90,26,64,39,10,29,47,16,31,44,14,30,46,12,34
3,88,32,56,44,16,28,44,16,28,43,15,28,45,17,28
1,112,20,92,54,10,44,56,10,46,48,12,36,64,8,56
2,132,44,88,66,22,44,66,22,44,54,22,32,78,22,56
3,162,68,94,83,36,47,73,32,41,67,25,42,91,39,52
0,104,48,56,52,24,28,52,24,28,57,29,28,47,19,28
4,116,44,72,60,22,38,56,22,34,48,20,28,67,23,44
1,120,26,94,46,12,34,63,14,49,51,13,38,69,13,56
4,120,46,74,63,24,39,57,22,35,49,21,28,70,24,46
2,114,40,74,56,20,36,58,20,38,48,20,28,66,20,46
3,134,58,76,60,26,34,74,32,42,58,26,32,74,30,44
3,86,24,62,40,10,30,46,14,32,46,12,34,39,11,28
2,110,44,66,52,20,32,58,24,34,47,19,28,62,24,38
1,114,24,90,57,12,45,50,12,38,50,16,34,63,7,56
1,108,22,86,38,10,28,55,12,43,43,13,30,65,9,56
3,88,28,60,44,14,30,44,14,30,45,13,32,42,14,28
1,108,24,84,44,12,32,54,12,42,39,11,28,68,12,56
4,102,44,58,51,22,29,51,22,29,56,26,30,46,18,28
2,146,48,98,81,24,57,65,24,41,67,23,44,77,23,54
0,94,36,58,45,16,29,49,20,29,48,18,30,46,18,28
2,112,56,56,56,28,28,56,28,28,54,28,26,58,28,30
4,122,56,66,60,26,34,62,30,32,52,24,28,70,32,38
3,84,22,62,41,10,31,43,12,31,46,12,34,37,9,28
2,102,42,60,50,20,30,52,22,30,45,19,26,57,23,34
0,100,44,56,50,22,28,50,22,28,59,31,28,41,13,28
1,122,26,96,49,14,35,60,12,48,53,13,40,68,12,56
2,110,48,62,51,22,29,59,26,33,50,22,28,60,26,34
0,98,40,58,48,20,28,50,20,30,58,28,30,40,12,28
4,110,46,64,54,22,32,56,24,32,47,19,28,63,27,36
0,116,54,62,55,26,29,60,28,32,68,34,34,48,20,28
3,102,44,58,51,22,29,51,22,29,54,24,30,48,20,28
0,172,80,92,66,30,36,105,50,55,126,62,64,45,17,28
0,104,48,56,52,24,28,52,24,28,59,31,28,45,17,28
2,104,42,62,48,20,28,56,22,34,48,20,28,56,22,34
0,128,62,66,60,28,32,68,34,34,80,42,38,48,20,28
1,104,20,84,50,8,42,49,12,37,52,12,40,52,8,44
3,78,22,56,32,10,22,44,12,32,37,9,28,41,13,28
4,104,48,56,50,22,28,54,26,28,49,21,28,55,27,28
2,118,42,76,57,20,37,60,22,38,51,21,30,67,21,46
0,102,44,58,51,22,29,51,22,29,60,30,30,42,14,28
4,124,62,62,59,30,29,65,32,33,47,21,26,76,40,36
0,108,52,56,54,26,28,54,26,28,58,30,28,50,22,28
2,206,90,116,88,38,50,113,52,61,116,54,62,90,36,54
2,102,40,62,51,20,31,51,20,31,47,19,28,55,21,34
1,122,32,90,61,16,45,60,16,44,50,16,34,72,16,56
2,110,44,66,55,22,33,55,22,33,54,22,32,56,22,34
1,114,22,92,38,10,28,58,12,46,50,14,36,64,8,56
3,104,40,64,55,20,35,49,20,29,51,21,30,52,18,34
0,88,32,56,44,16,28,44,16,28,44,16,28,44,16,28
0,94,34,60,45,16,29,49,18,31,49,17,32,45,17,28
1,240,144,96,117,78,39,118,66,52,118,78,40,111,55,56
0,110,48,62,56,24,32,54,24,30,68,34,34,41,13,28
2,110,44,66,53,22,31,57,22,35,51,21,30,59,23,36
1,110,22,88,39,10,29,56,12,44,44,12,32,65,9,56
4,104,40,64,52,20,32,52,20,32,47,19,28,56,20,36
0,108,52,56,54,26,28,54,26,28,60,32,28,48,20,28
1,106,28,78,53,14,39,53,14,39,44,16,28,62,12,50
4,104,42,62,54,20,34,50,22,28,49,21,28,55,21,34
3,86,28,58,40,12,28,45,16,29,44,14,30,42,14,28
4,98,32,66,49,16,33,49,16,33,54,16,38,43,15,28
0,108,50,58,54,24,30,54,26,28,63,33,30,45,17,28
3,112,44,68,56,20,36,56,24,32,61,21,40,51,23,28
0,280,140,140,127,62,65,146,78,68,169,89,80,109,49,60
2,106,40,66,52,20,32,54,20,34,50,20,30,56,20,36
1,118,28,90,45,12,33,66,16,50,51,13,38,67,15,52
3,88,24,64,41,10,31,46,14,32,47,11,36,41,13,28
1,118,26,92,41,12,29,60,14,46,50,14,36,68,12,56
3,94,34,60,44,16,28,50,18,32,52,22,30,42,12,30
2,144,46,98,69,22,47,75,24,51,58,22,36,86,24,62
2,150,70,80,76,36,40,74,34,40,90,48,42,60,22,38
4,222,72,150,115,38,77,106,34,72,105,39,66,115,31,84
1,110,26,84,41,12,29,56,14,42,45,15,30,65,11,54
2,102,40,62,50,20,30,51,20,31,48,20,28,54,20,34
2,128,56,72,62,26,36,66,30,36,58,26,32,70,30,40
2,106,42,64,51,20,31,55,22,33,49,21,28,57,21,36
3,100,42,58,48,20,28,51,22,29,56,26,30,44,16,28
1,116,24,92,52,12,40,58,12,46,51,15,36,65,9,56
3,124,48,76,65,26,39,58,22,36,75,29,46,49,19,30
2,104,38,66,51,18,33,53,20,33,49,19,30,55,19,36
3,92,36,56,44,16,28,48,20,28,45,17,28,47,19,28
3,114,48,66,55,22,33,59,26,33,66,30,36,47,17,30
2,152,44,108,76,22,54,76,22,54,56,22,34,96,22,74
3,84,28,56,42,14,28,42,14,28,44,16,28,39,11,28
1,104,24,80,39,10,29,54,14,40,43,13,30,61,11,50
4,118,52,66,60,26,34,58,26,32,63,29,34,55,23,32
0,104,46,58,53,24,29,51,22,29,61,31,30,42,14,28
3,88,30,58,43,14,29,45,16,29,45,15,30,43,15,28
1,140,50,90,69,24,45,65,26,39,60,22,38,78,26,52
1,116,26,90,40,12,28,59,14,45,48,14,34,68,12,56
2,124,44,80,61,20,41,63,24,39,49,21,28,75,23,52
1,118,26,92,41,12,29,63,14,49,49,13,36,68,12,56
0,102,46,56,52,24,28,50,22,28,58,30,28,43,15,28
1,108,22,86,53,10,43,54,12,42,42,12,30,66,10,56
2,104,42,62,51,20,31,53,22,31,49,21,28,55,21,34
4,142,46,96,73,22,51,69,24,45,48,20,28,94,26,68
0,168,78,90,85,40,45,83,38,45,95,51,44,71,25,46
1,110,28,82,52,16,36,54,12,42,41,13,28,68,14,54
2,106,42,64,53,20,33,53,22,31,45,19,26,59,21,38
0,98,42,56,48,20,28,50,22,28,55,27,28,43,15,28
0,116,56,60,57,28,29,58,28,30,70,38,32,46,18,28
2,112,60,52,57,30,27,55,30,25,46,24,22,65,35,30
4,112,44,68,57,22,35,55,22,33,48,20,28,63,23,40
4,146,42,104,70,20,50,76,22,54,47,19,28,98,22,76
1,78,22,56,38,10,28,40,12,28,39,11,28,39,11,28
2,162,50,112,86,26,60,76,24,52,57,23,34,105,27,78
3,92,34,58,42,14,28,49,20,29,48,18,30,43,15,28
4,112,52,60,55,26,29,57,26,31,52,22,30,58,28,30
4,106,42,64,56,22,34,50,20,30,47,19,28,58,22,36
2,154,50,104,75,24,51,79,26,53,77,25,52,76,24,52
1,134,34,100,47,16,31,68,18,50,64,20,44,70,14,56
3,94,32,62,45,14,31,49,18,31,43,13,30,51,19,32
1,120,26,94,54,10,44,63,16,47,52,14,38,67,11,56
0,100,42,58,49,20,29,51,22,29,59,29,30,41,13,28
2,182,84,98,94,44,50,88,40,48,110,46,64,65,31,34
3,82,24,58,41,12,29,41,12,29,43,13,30,38,10,28
4,114,44,70,56,22,34,58,22,36,48,20,28,66,24,42
2,150,46,104,72,24,48,78,22,56,60,22,38,90,24,66
2,126,48,78,68,24,44,58,24,34,46,20,26,79,27,52
0,114,50,64,59,26,33,55,24,31,66,32,34,48,18,30
1,118,24,94,50,10,40,61,14,47,51,13,38,66,10,56
1,112,24,88,51,12,39,56,12,44,46,14,32,65,9,56
4,140,50,90,68,24,44,69,26,43,68,26,42,71,23,48
4,120,44,76,60,22,38,60,22,38,48,20,28,72,24,48
1,90,14,76,35,6,29,46,8,38,39,7,32,51,7,44
4,104,58,46,51,28,23,53,30,23,48,28,20,55,29,26
4,128,38,90,62,18,44,66,20,46,47,19,28,81,19,62
1,110,20,90,55,10,45,50,10,40,46,12,34,64,8,56
3,92,36,56,46,18,28,46,18,28,50,22,28,42,14,28
4,86,30,56,42,14,28,44,16,28,43,15,28,43,15,28
4,96,40,56,48,20,28,48,20,28,46,18,28,50,22,28
4,114,50,64,53,22,31,61,28,33,67,31,36,47,19,28
3,94,34,60,46,16,30,47,18,29,46,16,30,48,18,30
3,86,22,64,42,10,32,44,12,32,46,14,32,40,8,32
0,100,44,56,50,22,28,50,22,28,58,30,28,42,14,28
0,88,30,58,45,16,29,43,14,29,44,14,30,44,16,28
4,116,46,70,56,22,34,60,24,36,51,21,30,65,25,40
3,92,34,58,45,16,29,47,18,29,49,21,28,42,12,30
4,140,54,86,71,26,45,68,28,40,59,25,34,80,28,52
4,106,48,58,53,24,29,53,24,29,51,21,30,54,26,28
1,108,24,84,51,12,39,54,12,42,40,12,28,67,11,56
3,134,64,70,70,34,36,62,30,32,62,30,32,72,34,38
1,122,30,92,52,14,38,62,16,46,51,15,36,70,14,56
3,114,30,84,43,14,29,70,16,54,58,16,42,55,13,42
1,112,24,88,56,12,44,56,12,44,44,12,32,68,12,56
1,112,28,84,54,16,38,54,12,42,42,14,28,69,13,56
0,96,40,56,48,20,28,48,20,28,56,28,28,40,12,28
1,114,26,88,52,12,40,58,14,44,48,16,32,66,10,56
0,100,42,58,49,20,29,51,22,29,59,29,30,41,13,28
4,118,42,76,58,22,36,60,20,40,45,19,26,72,22,50
0,110,52,58,54,26,28,56,26,30,63,33,30,47,19,28
1,110,22,88,38,10,28,56,12,44,46,14,32,64,8,56
4,126,60,66,65,32,33,61,28,33,74,40,34,52,20,32
4,102,42,60,50,20,30,52,22,30,57,25,32,45,17,28
1,80,22,58,38,10,28,41,12,29,40,12,28,39,9,30
2,118,42,76,58,20,38,60,22,38,47,19,28,71,23,48
0,96,40,56,48,20,28,48,20,28,49,21,28,47,19,28
0,106,50,56,51,24,27,55,26,29,60,32,28,46,18,28
2,98,38,60,48,18,30,50,20,30,46,18,28,52,20,32
4,114,48,66,58,24,34,56,24,32,46,18,28,67,29,38
0,100,42,58,50,20,30,50,22,28,58,28,30,42,14,28
3,110,54,56,54,26,28,56,28,28,53,25,28,57,29,28
3,86,30,56,42,14,28,44,16,28,42,14,28,43,15,28
1,112,26,86,46,12,34,57,14,43,50,14,36,62,12,50
4,116,50,66,62,28,34,52,22,30,53,23,30,58,22,36
0,106,50,56,52,24,28,54,26,28,60,32,28,46,18,28
4,248,124,124,119,58,61,128,66,62,165,85,80,81,37,44
2,110,56,54,55,28,27,55,28,27,51,25,26,59,31,28
2,122,42,80,60,20,40,62,22,40,56,20,36,66,22,44
3,102,42,60,52,22,30,49,20,29,49,17,32,52,24,28
4,138,46,92,70,22,48,68,24,44,52,22,30,85,23,62
0,102,34,68,52,18,34,50,16,34,55,15,40,47,19,28
0,106,50,56,52,24,28,54,26,28,63,35,28,43,15,28
4,108,50,58,53,24,29,54,26,28,64,34,30,43,15,28
2,132,52,80,62,24,38,69,28,41,67,27,40,65,25,40
2,110,42,68,54,20,34,56,22,34,50,20,30,60,22,38
2,112,46,66,61,24,37,51,22,29,50,22,28,62,24,38
2,110,42,68,55,20,35,55,22,33,48,20,28,62,22,40
2,146,50,96,76,26,50,70,24,46,52,24,28,94,26,68
3,94,30,64,48,14,34,46,16,30,53,17,36,41,13,28
2,100,42,58,49,20,29,51,22,29,48,20,28,52,22,30
0,98,38,60,48,20,28,50,18,32,49,19,30,49,19,30
3,78,22,56,40,12,28,38,10,28,38,10,28,39,11,28
4,100,44,56,50,22,28,50,22,28,59,31,28,41,13,28
4,154,48,106,78,24,54,76,24,52,50,22,28,103,25,78
2,150,42,108,73,22,51,77,20,57,70,22,48,80,20,60
1,120,28,92,59,14,45,58,14,44,51,15,36,68,12,56
4,142,54,88,69,28,41,73,26,47,51,21,30,90,32,58
1,114,22,92,39,10,29,58,12,46,50,14,36,64,8,56
1,124,32,92,52,14,38,66,18,48,51,15,36,73,17,56
0,100,44,56,50,22,28,50,22,28,58,30,28,42,14,28
4,116,42,74,56,20,36,60,22,38,47,19,28,69,23,46
3,110,44,66,50,20,30,60,24,36,55,21,34,51,19,32
1,118,24,94,59,12,47,53,12,41,52,14,38,65,9,56
0,102,46,56,50,22,28,52,24,28,59,31,28,43,15,28
0,104,46,58,53,24,29,51,22,29,58,28,30,46,18,28
4,108,50,58,52,24,28,56,26,30,51,21,30,57,29,28
3,118,48,70,59,24,35,59,24,35,78,36,42,40,12,28
4,106,38,68,54,18,36,52,20,32,47,19,28,59,19,40
4,112,44,68,56,22,34,56,22,34,49,21,28,63,23,40
3,94,30,64,44,14,30,48,16,32,51,15,36,43,15,28
2,134,48,86,70,24,46,64,24,40,61,23,38,72,24,48
4,114,44,70,52,20,32,62,24,38,47,19,28,66,24,42
0,108,50,58,55,26,29,53,24,29,64,34,30,44,16,28
0,102,46,56,50,22,28,52,24,28,57,29,28,44,16,28
3,124,48,76,56,22,34,68,26,42,60,20,40,62,26,36
2,198,94,104,87,42,45,105,52,53,118,58,60,79,35,44
4,94,34,60,48,18,30,45,16,29,45,15,30,48,18,30
0,106,50,56,52,24,28,54,26,28,59,31,28,46,18,28
3,234,114,120,103,52,51,122,62,60,153,75,78,74,32,42
0,118,56,62,60,28,32,58,28,30,74,40,34,44,16,28
0,110,52,58,54,24,30,56,28,28,65,35,30,45,17,28
3,122,60,62,57,28,29,65,32,33,61,27,34,61,33,28
2,124,40,84,60,20,40,64,20,44,48,20,28,76,20,56
2,222,70,152,115,38,77,102,32,70,120,34,86,100,34,66
4,104,42,62,51,20,31,53,22,31,48,20,28,56,22,34
4,110,50,60,54,24,30,56,26,30,55,23,32,54,26,28
4,114,46,68,54,22,32,60,24,36,48,20,28,65,25,40
0,134,62,72,67,30,37,64,32,32,73,33,40,61,29,32
2,114,50,64,58,26,32,55,24,31,56,26,30,58,24,34
2,106,42,64,54,20,34,52,22,30,49,21,28,57,21,36
1,116,24,92,44,12,32,58,12,46,49,13,36,66,10,56
0,102,46,56,52,24,28,50,22,28,58,30,28,44,16,28
3,92,30,62,44,14,30,46,16,30,49,15,34,42,14,28
1,112,24,88,56,12,44,56,12,44,46,14,32,66,10,56
2,236,76,160,113,38,75,114,38,76,104,44,60,129,29,100
2,146,42,104,71,20,51,74,22,52,50,20,30,96,22,74
3,94,38,56,46,18,28,48,20,28,50,22,28,44,16,28
1,114,22,92,54,10,44,58,12,46,50,14,36,64,8,56
1,120,26,94,41,12,29,61,14,47,52,14,38,68,12,56
4,174,64,110,105,32,73,69,32,37,90,36,54,84,28,56
3,102,34,68,50,16,34,52,18,34,64,24,40,38,10,28
3,138,42,96,66,20,46,72,22,50,65,23,42,73,19,54
0,100,42,58,48,20,28,51,22,29,59,29,30,41,13,28
3,98,38,60,47,18,29,51,20,31,47,17,30,51,21,30
2,108,44,64,51,20,31,57,24,33,53,23,30,55,21,34
2,96,38,58,47,18,29,49,20,29,47,19,28,49,19,30
1,92,26,66,38,10,28,49,16,33,41,13,28,50,12,38
0,102,48,54,51,24,27,51,24,27,54,28,26,48,20,28
2,128,44,84,73,22,51,55,22,33,47,19,28,79,23,56
0,122,46,76,57,20,37,64,26,38,74,26,48,48,20,28
1,96,30,66,47,14,33,48,16,32,50,14,36,46,16,30
4,106,42,64,51,20,31,55,22,33,51,19,32,55,23,32
2,114,46,68,55,22,33,59,24,35,48,20,28,66,26,40
0,112,56,56,54,26,28,58,30,28,63,35,28,49,21,28
4,102,40,62,52,20,32,50,20,30,47,19,28,54,20,34
4,124,48,76,62,24,38,62,24,38,48,20,28,74,26,48
0,106,48,58,51,22,29,55,26,29,53,25,28,49,19,30
0,110,48,62,55,24,31,55,24,31,66,32,34,44,16,28
1,176,46,130,75,24,51,84,22,62,98,26,72,76,18,58
2,118,42,76,59,20,39,59,22,37,49,21,28,69,21,48
3,124,34,90,58,18,40,58,16,42,50,14,36,74,20,54
2,116,40,76,57,20,37,59,20,39,50,20,30,66,20,46
4,110,48,62,54,24,30,56,24,32,52,22,30,58,26,32
4,106,42,64,55,22,33,51,20,31,49,19,30,57,23,34
0,96,34,62,48,16,32,48,18,30,50,16,34,46,18,28
0,162,76,86,78,38,40,75,38,37,83,43,40,78,32,46
3,170,36,134,65,16,49,105,20,85,50,16,34,119,19,100
2,98,40,58,48,20,28,50,20,30,46,18,28,52,22,30
4,146,44,102,74,22,52,72,22,50,50,22,28,96,22,74
0,154,84,70,69,36,33,85,48,37,113,71,42,41,13,28
2,100,42,58,50,20,30,50,22,28,49,21,28,51,21,30
4,102,40,62,52,20,32,50,20,30,46,18,28,55,21,34
2,168,50,118,84,26,58,84,24,60,60,26,34,108,24,84
0,116,44,72,60,24,36,55,20,35,67,23,44,49,21,28
4,94,38,56,46,20,26,47,18,29,49,21,28,44,16,28
4,110,50,60,53,24,29,57,26,31,60,30,30,50,20,30
2,114,42,72,56,20,36,58,22,36,50,20,30,63,21,42
2,170,50,120,84,24,60,86,26,60,63,23,40,106,26,80
4,110,52,58,56,26,30,54,26,28,50,22,28,60,30,30
0,96,42,54,47,20,27,49,22,27,55,29,26,41,13,28
1,124,24,100,48,12,36,62,12,50,54,14,40,70,10,60
0,100,44,56,50,22,28,50,22,28,58,30,28,42,14,28
4,136,42,94,66,20,46,70,22,48,47,19,28,88,22,66
0,108,44,64,51,20,31,56,24,32,62,26,36,45,17,28
2,128,46,82,58,20,38,70,26,44,51,21,30,76,24,52
3,108,42,66,47,18,29,61,24,37,61,25,36,47,17,30
1,106,22,84,38,10,28,54,12,42,40,12,28,65,9,56
2,106,40,66,56,20,36,50,20,30,46,18,28,60,22,38
2,216,78,138,105,38,67,110,40,70,112,50,62,103,27,76
2,112,46,66,55,22,33,57,24,33,50,20,30,62,26,36
1,108,26,82,55,14,41,40,12,28,42,14,28,65,11,54
0,92,34,58,45,16,29,47,18,29,44,16,28,48,18,30
2,154,54,100,77,28,49,77,26,51,52,22,30,101,31,70
4,110,40,70,54,20,34,56,20,36,48,20,28,62,20,42
2,112,40,72,59,20,39,53,20,33,47,19,28,65,21,44
4,132,46,86,59,22,37,72,24,48,50,20,30,81,25,56
1,118,24,94,47,12,35,60,12,48,52,14,38,66,10,56
2,138,46,92,72,22,50,66,24,42,49,21,28,89,25,64
0,88,32,56,44,16,28,44,16,28,43,15,28,45,17,28
3,98,40,58,49,20,29,49,20,29,45,15,30,53,25,28
3,116,56,60,57,28,29,58,28,30,63,31,32,53,25,28
4,106,58,48,55,30,25,51,28,23,46,24,22,60,34,26
1,84,22,62,38,10,28,43,12,31,39,11,28,45,11,34
1,108,26,82,50,12,38,55,14,41,40,12,28,67,13,54
2,114,40,74,57,20,37,57,20,37,46,18,28,68,22,46
0,110,52,58,54,24,30,56,28,28,63,33,30,47,19,28
2,186,78,108,102,44,58,81,34,47,84,36,48,100,40,60
4,94,36,58,44,16,28,49,20,29,49,19,30,44,16,28
4,126,58,68,62,28,34,63,30,33,65,25,40,61,33,28
2,162,44,118,84,22,62,77,22,55,61,21,40,99,21,78
0,102,44,58,52,22,30,50,22,28,61,31,30,41,13,28
0,108,48,60,53,24,29,55,24,31,63,31,32,45,17,28
4,98,42,56,50,22,28,48,20,28,55,27,28,43,15,28
0,114,54,60,55,26,29,59,28,31,67,35,32,47,19,28
4,98,42,56,48,20,28,50,22,28,49,21,28,49,21,28
0,104,48,56,50,22,28,54,26,28,60,32,28,44,16,28
3,96,42,54,50,20,30,46,22,24,43,17,26,53,25,28
3,118,38,80,58,18,40,60,20,40,43,15,28,73,21,52
4,138,50,88,68,26,42,69,24,45,56,24,32,82,26,56
2,134,56,78,73,32,41,59,24,35,64,28,36,70,28,42
4,116,50,66,56,24,32,60,26,34,63,25,38,52,24,28
4,108,48,60,51,22,29,56,26,30,53,21,32,55,27,28
1,118,28,90,43,12,31,66,16,50,50,12,38,67,15,52
4,108,42,66,57,22,35,50,20,30,49,21,28,59,21,38
0,268,182,86,118,80,38,149,102,47,154,106,48,102,64,38
3,112,46,66,54,22,32,57,24,33,55,17,38,57,29,28
1,80,24,56,38,10,28,42,14,28,42,14,28,38,10,28
1,80,20,60,38,10,28,40,10,30,40,12,28,40,8,32
2,116,46,70,56,22,34,60,24,36,52,22,30,63,23,40
3,84,26,58,41,12,29,43,14,29,43,13,30,41,13,28
3,94,26,68,48,14,34,46,12,34,47,13,34,47,13,34
1,118,24,94,38,10,28,61,14,47,51,13,38,67,11,56
2,132,70,62,68,36,32,64,34,30,80,48,32,52,22,30
0,102,46,56,50,22,28,52,24,28,60,32,28,42,14,28
0,110,52,58,57,28,29,53,24,29,64,34,30,46,18,28
4,162,76,86,66,28,38,95,48,47,72,30,42,86,42,44
4,110,50,60,57,26,31,53,24,29,54,24,30,56,26,30
0,106,50,56,54,26,28,52,24,28,60,32,28,46,18,28
1,114,22,92,38,10,28,58,12,46,49,13,36,65,9,56
0,108,52,56,54,26,28,54,26,28,59,31,28,48,20,28
4,124,62,62,50,22,28,73,40,33,82,48,34,42,14,28
2,114,40,74,58,20,38,56,20,36,48,20,28,66,20,46
0,146,80,66,75,42,33,70,38,32,50,18,32,96,62,34
4,98,38,60,48,18,30,50,20,30,51,19,32,47,19,28
2,106,44,62,51,20,31,55,24,31,53,23,30,53,21,32
0,112,54,58,58,28,30,54,26,28,67,37,30,44,16,28
1,124,26,98,38,10,28,69,16,53,55,15,40,68,10,58
0,106,40,66,52,20,32,53,20,33,55,19,36,51,21,30
4,112,42,70,57,22,35,55,20,35,47,19,28,65,23,42
2,118,42,76,52,18,34,66,24,42,58,22,36,59,19,40
2,138,44,94,70,22,48,68,22,46,52,22,30,86,22,64
2,234,96,138,119,48,71,113,48,65,81,35,46,147,55,92
4,148,72,76,72,36,36,76,36,40,100,52,48,48,20,28
3,112,38,74,54,18,36,58,20,38,65,19,46,47,19,28
2,102,40,62,53,20,33,49,20,29,47,19,28,55,21,34
1,124,26,98,39,10,29,65,16,49,56,14,42,68,12,56
3,140,60,80,59,24,35,77,36,41,99,47,52,41,13,28
2,142,44,98,73,22,51,69,22,47,54,22,32,88,22,66
3,84,26,58,43,14,29,41,12,29,42,12,30,40,12,28
2,172,54,118,90,28,62,82,26,56,61,23,38,111,31,80
2,108,46,62,53,22,31,55,24,31,50,22,28,58,24,34
2,112,46,66,53,22,31,59,24,35,49,21,28,63,25,38
0,102,46,56,50,22,28,52,24,28,60,32,28,42,14,28
2,120,42,78,61,20,41,59,22,37,46,20,26,73,21,52
0,112,48,64,56,24,32,56,24,32,61,29,32,51,19,32
0,104,46,58,54,24,30,50,22,28,58,28,30,46,18,28
1,120,22,98,47,10,37,61,12,49,56,14,42,64,8,56
0,88,32,56,43,16,27,44,16,28,45,17,28,43,15,28
0,106,46,60,51,22,29,55,24,31,54,22,32,47,19,28
4,146,40,106,70,20,50,76,20,56,48,20,28,97,19,78
4,192,56,136,92,26,66,90,30,60,66,20,46,124,34,90
4,118,56,62,60,28,32,58,28,30,51,23,28,67,33,34
3,90,26,64,42,12,30,46,14,32,49,13,36,41,13,28
0,124,60,64,52,24,28,72,36,36,62,32,30,62,28,34
4,132,50,82,66,24,42,66,26,40,73,31,42,58,18,40
2,124,44,80,65,22,43,59,22,37,52,20,32,71,23,48
1,108,24,84,37,10,27,58,14,44,45,15,30,62,8,54
2,122,50,72,61,24,37,61,26,35,51,21,30,69,27,42
2,96,40,56,48,20,28,48,20,28,49,21,28,47,19,28
2,148,58,90,76,30,46,72,28,44,62,26,36,86,32,54
3,100,38,62,53,20,33,47,18,29,51,17,34,47,19,28
0,114,38,76,53,18,35,60,20,40,64,20,44,49,17,32
1,114,22,92,38,10,28,58,12,46,50,14,36,64,8,56
3,92,34,58,47,18,29,45,16,29,51,21,30,40,12,28
3,94,36,58,45,16,29,49,20,29,52,22,30,42,14,28
4,102,46,56,52,24,28,50,22,28,54,26,28,48,20,28
2,130,40,90,64,20,44,66,20,46,48,20,28,82,20,62
4,148,68,80,73,32,41,75,36,39,63,27,36,84,40,44
2,116,50,66,52,22,30,62,28,34,59,25,34,57,25,32
0,108,52,56,55,26,29,53,26,27,60,32,28,48,20,28
4,114,54,60,55,26,29,58,28,30,66,34,32,48,20,28
3,94,34,60,42,14,28,52,20,32,49,17,32,40,12,28
1,94,24,70,47,12,35,40,12,28,40,12,28,54,12,42
2,144,54,90,66,24,42,78,30,48,57,21,36,86,32,54
0,106,50,56,52,24,28,54,26,28,64,36,28,42,14,28
3,148,58,90,65,24,41,80,34,46,100,38,62,48,20,28
2,160,48,112,77,24,53,83,24,59,61,25,36,99,23,76
1,112,30,82,54,16,38,54,14,40,48,14,34,64,16,48
1,114,24,90,57,12,45,56,12,44,50,16,34,64,8,56
1,114,24,90,43,12,31,57,12,45,47,13,34,66,10,56
1,122,30,92,56,12,44,64,18,46,54,18,36,68,12,56
4,96,36,60,49,18,31,47,18,29,48,18,30,48,18,30
4,136,56,80,71,30,41,64,26,38,57,23,34,76,30,46
4,116,48,68,58,24,34,57,24,33,52,22,30,64,26,38
3,126,66,60,68,36,32,58,30,28,58,26,32,65,37,28
0,114,56,58,57,28,29,57,28,29,65,35,30,49,21,28
4,154,70,84,72,30,42,81,40,41,71,35,36,83,35,48
2,120,44,76,59,20,39,61,24,37,55,23,32,65,21,44
4,114,60,54,57,30,27,57,30,27,54,26,28,58,32,26
4,102,48,54,51,24,27,51,24,27,50,22,28,52,26,26
3,110,40,70,54,20,34,56,20,36,64,22,42,39,11,28
1,110,26,84,41,12,29,56,14,42,42,14,28,67,11,56
2,96,36,60,47,18,29,49,18,31,46,18,28,50,18,32
3,108,48,60,51,22,29,57,26,31,55,25,30,53,23,30
4,154,50,104,78,24,54,76,26,50,50,22,28,104,28,76
0,102,46,56,51,22,29,51,24,27,56,28,28,46,18,28
3,120,52,68,49,20,29,70,32,38,55,23,32,64,28,36
3,90,32,58,45,16,29,45,16,29,43,15,28,47,17,30
4,126,50,76,58,22,36,68,28,40,49,21,28,76,28,48
0,206,96,110,105,50,55,98,46,52,137,61,76,69,35,34
3,86,24,62,43,12,31,42,12,30,43,11,32,43,13,30
4,104,48,56,52,24,28,52,24,28,48,20,28,56,28,28
4,112,56,56,56,28,28,56,28,28,62,34,28,50,22,28
3,96,36,60,46,16,30,50,20,30,47,17,30,49,19,30
1,120,38,82,59,18,41,61,20,41,47,19,28,73,19,54
4,114,54,60,53,24,29,61,30,31,65,35,30,49,19,30
1,112,22,90,55,10,45,43,12,31,47,13,34,65,9,56
4,112,46,66,55,22,33,57,24,33,55,27,28,57,19,38
2,188,88,100,94,46,48,92,42,50,87,45,42,99,41,58
2,118,48,70,59,24,35,58,24,34,54,22,32,63,25,38
1,114,22,92,46,10,36,58,12,46,50,14,36,64,8,56
0,108,38,70,55,20,35,53,18,35,63,21,42,45,17,28
2,118,50,68,58,24,34,60,26,34,54,24,30,64,26,38
0,118,54,64,56,26,30,62,28,34,70,34,36,47,19,28
3,96,40,56,48,20,28,48,20,28,44,16,28,51,23,28
3,116,46,70,57,22,35,59,24,35,53,19,34,61,25,36
2,110,42,68,58,22,36,52,20,32,50,20,30,60,22,38
2,114,46,68,58,24,34,56,22,34,49,21,28,64,24,40
3,80,18,62,36,8,28,43,10,33,37,7,30,43,11,32
1,124,30,94,55,16,39,62,14,48,55,17,38,69,13,56
1,110,26,84,41,12,29,56,14,42,41,13,28,68,12,56
1,114,22,92,39,10,29,58,12,46,48,12,36,66,10,56
0,108,50,58,53,24,29,55,26,29,63,33,30,45,17,28
0,104,48,56,50,22,28,54,26,28,53,25,28,47,19,28
1,106,28,78,42,12,30,56,16,40,40,12,28,66,16,50
3,82,26,56,39,12,27,43,14,29,45,17,28,37,9,28
2,118,52,66,58,26,32,60,26,34,50,22,28,67,29,38
2,118,42,76,58,20,38,60,22,38,49,19,30,67,21,46
4,98,40,58,49,20,29,49,20,29,48,20,28,50,20,30
2,112,40,72,55,20,35,57,20,37,48,20,28,64,20,44
1,100,28,72,46,14,32,50,14,36,40,14,26,60,14,46
0,114,52,62,57,26,31,57,26,31,68,34,34,44,16,28
0,104,48,56,52,24,28,52,24,28,58,30,28,46,18,28
4,102,46,56,50,22,28,52,24,28,57,29,28,45,17,28
1,162,74,88,75,34,41,79,40,39,59,17,42,98,52,46
2,112,44,68,59,22,37,53,22,31,47,21,26,65,23,42
0,114,54,60,54,26,28,60,28,32,67,35,32,47,19,28
2,134,56,78,80,36,44,54,20,34,73,35,38,61,21,40
4,144,52,92,69,24,45,75,28,47,58,24,34,84,26,58
2,134,50,84,64,24,40,70,26,44,48,20,28,84,28,56
1,112,24,88,38,10,28,62,14,48,45,13,32,67,11,56
4,120,50,70,53,22,31,65,28,37,65,27,38,55,23,32
1,120,24,96,49,10,39,62,14,48,54,14,40,65,9,56
2,138,44,94,75,24,51,63,20,43,54,20,34,83,23,60
0,102,32,70,49,14,35,53,18,35,58,16,42,44,16,28
4,102,44,58,50,22,28,50,22,28,56,28,28,46,16,30
3,132,48,84,57,22,35,68,26,42,60,22,38,71,25,46
0,100,44,56,48,20,28,52,24,28,57,29,28,43,15,28
3,104,46,58,50,22,28,54,24,30,51,23,28,52,22,30
0,204,104,100,101,50,51,102,54,48,129,69,60,74,34,40
2,96,38,58,47,18,29,49,20,29,49,19,30,47,19,28
0,160,74,86,77,38,39,79,36,43,112,56,56,46,16,30
3,92,34,58,44,16,28,47,18,29,48,18,30,44,16,28
0,124,58,66,70,32,38,54,26,28,80,42,38,44,16,28
4,116,42,74,56,20,36,60,22,38,49,21,28,67,21,46
1,122,30,92,61,18,43,58,12,46,50,14,36,71,15,56
2,118,46,72,59,22,37,58,24,34,53,23,30,65,23,42
0,122,46,76,59,22,37,63,24,39,76,28,48,46,18,28
3,86,28,58,45,16,29,41,12,29,41,11,30,44,16,28
3,80,18,62,39,8,31,40,10,30,40,10,30,40,8,32
0,114,52,62,57,26,31,57,26,31,58,28,30,56,24,32
0,122,56,66,60,28,32,61,28,33,74,38,36,46,16,30
4,106,40,66,54,20,34,52,20,32,48,20,28,58,20,38
1,108,26,82,44,12,32,55,14,41,41,13,28,67,13,54
3,80,24,56,40,12,28,40,12,28,38,10,28,42,14,28
0,100,42,58,49,20,29,51,22,29,52,22,30,43,15,28
4,286,130,156,140,62,78,143,68,75,148,66,82,135,61,74
1,118,32,86,40,10,30,68,22,46,63,23,40,55,9,46
4,122,60,62,56,28,28,66,32,34,58,26,32,64,34,30
2,172,84,88,86,40,46,86,44,42,82,44,38,88,38,50
2,130,44,86,65,22,43,65,22,43,68,22,46,62,22,40
0,96,40,56,44,18,26,52,22,30,47,19,28,49,21,28
4,114,46,68,60,24,36,53,22,31,53,21,32,60,24,36
4,142,38,104,70,18,52,72,20,52,47,19,28,95,19,76
1,120,30,90,57,16,41,58,14,44,48,14,34,71,15,56
3,96,30,66,49,14,35,47,16,31,59,21,38,37,9,28
0,118,50,68,64,28,36,52,22,30,71,31,40,46,18,28
0,108,50,58,53,24,29,55,26,29,64,34,30,44,16,28
1,116,30,86,52,16,36,57,14,43,48,18,30,68,12,56
1,118,24,94,49,12,37,59,12,47,53,15,38,65,9,56
2,98,40,58,48,20,28,50,20,30,48,20,28,50,20,30
3,114,34,80,55,16,39,59,18,41,76,24,52,38,10,28
1,78,22,56,40,12,28,38,10,28,41,13,28,36,8,28
4,104,34,70,53,18,35,51,16,35,56,14,42,48,20,28
4,110,40,70,54,20,34,56,20,36,48,20,28,62,20,42
2,96,36,60,47,18,29,49,18,31,46,18,28,50,18,32
0,100,44,56,50,22,28,50,22,28,58,30,28,42,14,28
4,104,44,60,52,22,30,51,22,29,55,23,32,49,21,28
0,90,34,56,44,16,28,46,18,28,47,19,28,43,15,28
3,142,64,78,72,34,38,66,30,36,75,37,38,66,26,40
0,104,48,56,52,24,28,52,24,28,62,34,28,42,14,28
1,118,28,90,50,14,36,59,14,45,53,15,38,65,13,52
3,244,98,146,129,50,79,113,48,65,122,40,82,122,58,64
0,112,54,58,57,28,29,55,26,29,61,31,30,50,22,28
4,94,38,56,46,18,28,48,20,28,47,19,28,47,19,28
3,100,36,64,44,16,28,56,20,36,55,19,36,45,17,28
1,112,22,90,47,10,37,57,12,45,46,12,34,65,9,56
1,120,26,94,58,12,46,61,14,47,54,16,38,66,10,56
2,124,44,80,61,22,39,63,22,41,49,21,28,74,22,52
0,120,52,68,56,24,32,64,28,36,62,26,36,52,20,32
3,80,24,56,38,10,28,42,14,28,37,9,28,43,15,28
4,116,58,58,53,26,27,63,32,31,56,26,30,59,31,28
1,120,26,94,49,14,35,59,12,47,53,15,38,66,10,56
4,112,42,70,58,22,36,54,20,34,48,20,28,64,22,42
0,100,32,68,50,16,34,50,16,34,57,17,40,43,15,28
3,104,48,56,50,22,28,54,26,28,57,29,28,47,19,28
1,120,30,90,40,12,28,63,18,45,52,14,38,68,16,52
2,104,42,62,51,20,31,53,22,31,49,21,28,55,21,34
0,120,58,62,59,28,31,61,30,31,74,40,34,45,17,28
1,124,30,94,63,16,47,58,14,44,52,14,38,71,15,56
1,110,24,86,53,10,43,49,14,35,42,12,30,67,11,56
3,120,40,80,55,18,37,65,22,43,67,19,48,51,19,32
3,102,42,60,49,20,29,52,22,30,46,16,30,52,22,30
4,192,80,112,92,38,54,94,42,52,93,41,52,97,37,60
2,128,48,80,63,24,39,65,24,41,49,21,28,78,26,52
1,110,26,84,48,12,36,56,14,42,40,12,28,69,13,56
1,118,30,88,50,14,36,61,16,45,48,14,34,69,15,54
2,170,60,110,96,32,64,73,28,45,79,33,46,91,27,64
1,110,22,88,49,12,37,54,10,44,45,13,32,65,9,56
4,142,50,92,70,24,46,72,26,46,48,20,28,94,30,64
1,114,20,94,57,10,47,52,10,42,51,13,38,62,6,56
1,116,24,92,38,10,28,68,14,54,49,13,36,67,11,56
0,334,280,54,158,132,26,175,148,27,188,152,36,146,128,18
1,176,66,110,77,36,41,83,30,53,93,43,50,80,20,60
1,122,34,88,42,14,28,64,20,44,48,16,32,74,18,56
0,118,56,62,59,28,31,57,28,29,70,36,34,48,20,28
1,118,24,94,50,12,38,59,12,47,52,14,38,66,10,56
4,114,52,62,59,28,31,55,24,31,49,21,28,64,30,34
2,116,44,72,61,22,39,55,22,33,48,20,28,68,24,44
1,112,26,86,40,12,28,57,14,43,46,16,30,66,10,56
1,112,24,88,56,12,44,51,12,39,47,15,32,65,9,56
1,116,22,94,38,10,28,59,12,47,52,14,38,64,8,56
0,104,46,58,50,22,28,54,24,30,62,32,30,42,14,28
4,96,40,56,47,20,27,49,20,29,48,20,28,48,20,28
2,112,44,68,55,22,33,57,22,35,48,20,28,63,23,40
3,78,18,60,37,8,29,40,10,30,37,7,30,41,11,30
2,216,90,126,118,48,70,95,42,53,123,59,64,91,29,62
4,110,42,68,54,20,34,56,22,34,47,19,28,63,23,40
0,108,50,58,52,24,28,56,26,30,64,34,30,44,16,28
4,114,46,68,58,22,36,56,24,32,49,21,28,65,25,40
2,168,72,96,91,38,53,77,34,43,59,27,32,109,45,64
2,120,46,74,52,20,32,68,26,42,54,22,32,66,24,42
1,118,26,92,52,12,40,60,14,46,50,14,36,68,12,56
3,100,38,62,53,22,31,45,16,29,46,16,30,53,21,32
3,144,52,92,73,26,47,71,26,45,100,38,62,44,14,30
3,90,34,56,44,16,28,46,18,28,49,21,28,41,13,28
0,122,60,62,58,28,30,63,32,31,69,35,34,53,25,28
1,132,36,96,59,16,43,68,20,48,56,16,40,76,20,56
2,126,46,80,65,22,43,61,24,37,51,23,28,75,23,52
2,126,50,76,62,24,38,64,26,38,51,23,28,75,27,48
1,116,24,92,44,10,34,60,14,46,50,14,36,66,10,56
2,134,48,86,67,24,43,67,24,43,58,24,34,76,24,52
4,88,32,56,44,16,28,44,16,28,45,17,28,43,15,28
1,122,28,94,61,14,47,53,14,39,54,16,38,68,12,56
0,102,46,56,50,22,28,52,24,28,61,33,28,41,13,28
3,100,44,56,50,22,28,50,22,28,51,23,28,48,20,28
3,82,22,60,40,10,30,42,12,30,38,8,30,44,14,30
4,130,46,84,67,24,43,63,22,41,49,21,28,81,25,56
1,118,28,90,59,14,45,56,14,42,49,15,34,68,12,56
1,106,32,74,55,18,37,42,14,28,40,12,28,66,20,46
2,174,70,104,102,38,64,68,32,36,84,36,48,88,32,56
3,112,42,70,55,20,35,57,22,35,61,19,42,49,21,28
2,176,56,120,83,26,57,93,30,63,78,28,50,96,26,70
3,96,38,58,47,18,29,49,20,29,45,15,30,50,22,28
3,88,30,58,42,14,28,45,16,29,44,14,30,44,16,28
0,100,44,56,47,20,27,53,24,29,51,23,28,48,20,28
4,144,46,98,72,22,50,72,24,48,48,20,28,95,25,70
2,106,40,66,46,18,28,60,22,38,49,19,30,57,21,36
4,100,40,60,50,20,30,50,20,30,47,19,28,53,21,32
4,112,46,66,56,22,34,56,24,32,53,23,30,59,23,36
1,114,26,88,56,14,42,51,12,39,45,13,32,69,13,56
0,104,46,58,48,20,28,55,26,29,55,25,30,49,21,28
3,100,30,70,40,12,28,60,18,42,57,17,40,43,13,30
3,88,32,56,44,16,28,44,16,28,42,14,28,46,18,28
1,104,24,80,41,12,29,52,12,40,43,13,30,61,11,50
1,102,20,82,49,10,39,51,10,41,40,12,28,62,8,54
2,114,46,68,58,24,34,56,22,34,49,21,28,64,24,40
4,104,40,64,53,20,33,51,20,31,47,19,28,56,20,36
2,134,46,88,70,24,46,64,22,42,47,21,26,87,25,62
4,118,60,58,59,30,29,59,30,29,58,28,30,60,32,28
2,118,44,74,59,22,37,57,22,35,49,21,28,69,23,46
3,104,30,74,48,14,34,52,16,36,52,12,40,52,18,34
0,112,52,60,56,26,30,56,26,30,65,33,32,47,19,28
1,116,28,88,46,14,32,58,14,44,48,16,32,68,12,56
1,104,18,86,37,8,29,53,10,43,40,10,30,64,8,56
3,90,34,56,44,16,28,46,18,28,43,15,28,47,19,28
4,108,46,62,56,24,32,52,22,30,54,24,30,54,22,32
2,124,44,80,66,20,46,58,24,34,47,19,28,77,25,52
2,132,48,84,65,22,43,67,26,41,49,21,28,83,27,56
4,132,46,86,67,22,45,64,24,40,47,19,28,85,27,58
3,112,52,60,53,22,31,59,30,29,59,27,32,52,24,28
0,120,54,66,59,26,33,60,28,32,77,39,38,43,15,28
3,104,40,64,53,20,33,51,20,31,53,19,34,50,20,30
3,100,42,58,49,20,29,50,22,28,58,28,30,42,14,28
0,116,54,62,57,26,31,59,28,31,70,36,34,45,17,28
2,130,48,82,63,24,39,67,24,43,51,21,30,79,27,52
3,84,24,60,42,12,30,41,12,29,40,10,30,44,14,30
2,134,46,88,68,24,44,65,22,43,64,26,38,70,20,50
3,88,32,56,43,16,27,45,16,29,48,20,28,39,11,28
1,122,26,96,48,14,34,60,12,48,52,12,40,70,14,56
4,106,48,58,50,22,28,56,26,30,63,33,30,43,15,28
3,106,40,66,53,20,33,53,20,33,55,17,38,43,15,28
2,152,64,88,71,30,41,77,34,43,87,39,48,65,25,40
3,130,54,76,58,24,34,72,30,42,64,28,36,66,26,40
1,118,28,90,58,14,44,59,14,45,49,15,34,69,13,56
0,104,48,56,52,24,28,52,24,28,57,29,28,47,19,28
4,116,54,62,57,26,31,59,28,31,49,23,26,67,31,36
1,116,28,88,57,14,43,55,14,41,46,14,32,70,14,56
1,124,30,94,62,16,46,61,14,47,57,19,38,66,10,56
3,88,32,56,44,16,28,44,16,28,44,16,28,44,16,28
0,134,58,76,68,30,38,66,28,38,78,38,40,56,20,36
0,104,46,58,49,20,29,55,26,29,55,25,30,49,21,28
3,88,30,58,43,14,29,45,16,29,45,15,30,43,15,28
0,150,74,76,81,40,41,69,34,35,95,51,44,54,22,32
1,112,22,90,39,10,29,57,12,45,46,12,34,64,8,56
4,108,46,62,52,22,30,56,24,32,49,21,28,59,25,34
2,114,44,70,57,22,35,57,22,35,50,22,28,64,22,42
0,124,50,74,61,24,37,63,26,37,65,23,42,59,27,32
0,108,52,56,53,26,27,55,26,29,64,36,28,44,16,28
0,106,50,56,52,24,28,54,26,28,62,34,28,44,16,28
4,148,68,80,63,28,35,85,40,45,83,37,46,64,30,34
4,152,46,106,76,22,54,76,24,52,49,21,28,103,25,78
4,118,52,66,58,26,32,59,26,33,57,23,34,61,29,32
4,146,42,104,76,22,54,70,20,50,48,20,28,98,22,76
2,102,42,60,50,20,30,52,22,30,48,20,28,54,22,32
0,350,276,74,173,136,37,177,140,37,187,157,30,162,118,44
3,138,58,80,54,20,34,82,38,44,74,34,40,63,23,40
2,102,36,66,50,18,32,52,18,34,50,18,32,52,18,34
2,126,42,84,64,20,44,62,22,40,49,21,28,77,21,56
0,104,44,60,51,20,31,53,24,29,49,19,30,54,24,30
3,112,50,62,55,24,31,57,26,31,73,39,34,39,11,28
2,114,42,72,56,20,36,58,22,36,47,21,26,67,21,46
2,194,80,114,94,44,50,92,36,56,103,41,62,86,34,52
0,192,88,104,86,44,42,100,44,56,124,60,64,67,27,40
2,132,46,86,64,22,42,68,24,44,50,22,28,82,24,58
0,148,68,80,69,32,37,79,36,43,93,49,44,55,19,36
0,102,44,58,54,24,30,48,20,28,59,29,30,43,15,28
0,164,76,88,74,34,40,89,42,47,60,30,30,104,46,58
4,112,54,58,54,26,28,57,28,29,54,26,28,57,27,30
0,108,50,58,53,24,29,55,26,29,63,33,30,45,17,28
1,112,26,86,40,12,28,57,14,43,44,14,30,68,12,56
0,106,50,56,52,24,28,54,26,28,60,32,28,45,17,28
0,140,68,72,69,32,37,70,36,34,90,48,42,50,20,30
4,102,56,46,47,26,21,55,30,25,47,25,22,54,30,24
3,92,34,58,47,18,29,45,16,29,50,20,30,42,14,28
1,118,26,92,57,12,45,59,14,45,51,15,36,67,11,56
2,114,48,66,54,22,32,60,26,34,52,22,30,61,25,36
0,180,84,96,90,48,42,87,36,51,134,66,68,46,18,28
2,100,40,60,47,18,29,53,22,31,48,20,28,52,20,32
1,122,22,100,38,10,28,62,12,50,58,14,44,64,8,56
4,136,48,88,71,24,47,65,24,41,47,19,28,89,29,60
0,114,56,58,60,30,30,54,26,28,61,31,30,51,23,28
4,102,42,60,50,20,30,52,22,30,49,21,28,53,21,32
2,110,44,66,57,22,35,53,22,31,50,22,28,60,22,38
1,116,30,86,61,18,43,51,12,39,44,14,30,71,15,56
1,106,20,86,50,10,40,53,10,43,43,13,30,63,7,56
4,304,132,172,151,66,85,146,66,80,138,64,74,160,62,98
0,112,52,60,56,26,30,55,26,29,64,32,32,47,19,28
2,128,40,88,64,20,44,64,20,44,48,20,28,80,20,60
0,106,48,58,52,24,28,54,24,30,61,31,30,45,17,28
2,128,44,84,61,22,39,67,22,45,50,20,30,78,24,54
0,158,80,78,82,40,42,75,40,35,87,45,42,71,35,36
3,88,26,62,40,12,28,46,14,32,43,13,30,45,13,32
3,140,56,84,65,26,39,70,30,40,68,26,42,72,30,42
0,100,56,44,50,28,22,50,28,22,52,30,22,46,24,22
2,138,54,84,72,26,46,66,28,38,55,25,30,83,29,54
4,154,44,110,78,22,56,76,22,54,48,20,28,105,23,82
2,140,48,92,73,24,49,67,24,43,65,23,42,74,24,50
1,114,24,90,38,10,28,59,14,45,46,12,34,68,12,56
2,114,44,70,60,22,38,54,22,32,49,21,28,65,23,42
0,148,74,74,71,36,35,74,38,36,95,53,42,51,19,32
4,114,54,60,55,26,29,59,28,31,50,22,28,62,30,32
4,114,50,64,57,24,33,57,26,31,51,21,30,60,26,34
1,100,20,80,36,8,28,52,12,40,38,10,28,62,10,52
4,114,46,68,54,22,32,58,24,34,52,20,32,62,26,36
3,120,42,78,63,22,41,57,20,37,75,25,50,43,15,28
1,96,22,74,49,12,37,39,10,29,40,12,28,56,10,46
4,130,60,70,66,30,36,63,30,33,58,22,36,72,38,34
1,120,26,94,46,12,34,61,14,47,52,14,38,68,12,56
3,92,32,60,44,16,28,46,16,30,44,14,30,48,18,30
0,106,48,58,54,24,30,52,24,28,63,33,30,43,15,28
4,104,48,56,52,24,28,52,24,28,52,24,28,49,21,28
4,128,52,76,61,26,35,65,26,39,51,21,30,76,30,46
4,98,42,56,48,20,28,50,22,28,49,21,28,49,21,28
3,90,32,58,45,16,29,45,16,29,44,14,30,45,17,28
1,118,22,96,41,10,31,60,12,48,54,14,40,64,8,56
1,108,26,82,39,10,29,57,16,41,46,12,34,62,14,48
3,94,38,56,46,18,28,48,20,28,47,19,28,47,19,28
1,120,28,92,52,14,38,60,14,46,52,16,36,67,11,56
2,106,42,64,53,20,33,53,22,31,49,19,30,57,23,34
2,116,46,70,60,24,36,56,22,34,48,22,26,68,24,44
3,84,24,60,42,12,30,42,12,30,44,12,32,40,12,28
0,328,244,84,159,118,41,165,126,39,197,143,54,119,89,30
3,98,38,60,46,18,28,52,20,32,59,27,32,39,11,28
2,110,40,70,55,20,35,55,20,35,48,20,28,62,20,42
1,116,22,94,45,10,35,59,12,47,52,14,38,64,8,56
0,158,68,90,77,32,45,81,36,45,67,33,34,91,35,56
2,104,40,64,53,20,33,51,20,31,48,20,28,56,20,36
4,112,44,68,53,20,33,59,24,35,47,19,28,64,24,40
4,146,52,94,76,26,50,70,26,44,52,22,30,93,29,64
2,114,44,70,61,22,39,53,22,31,49,21,28,65,23,42
2,104,38,66,51,18,33,53,20,33,51,19,32,53,19,34
1,114,24,90,43,12,31,57,12,45,50,16,34,64,8,56
3,90,32,58,45,16,29,45,16,29,48,18,30,42,14,28
1,118,26,92,52,12,40,60,14,46,51,15,36,66,10,56
2,134,48,86,69,24,45,65,24,41,51,23,28,83,25,58
3,88,30,58,45,16,29,42,14,28,43,13,30,45,17,28
3,146,58,88,73,30,43,73,28,45,100,40,60,46,18,28
3,90,32,58,45,16,29,44,16,28,43,13,30,46,18,28
3,82,24,58,41,12,29,41,12,29,44,14,30,38,10,28
0,184,92,92,84,44,40,98,48,50,93,49,44,88,40,48
1,108,24,84,54,12,42,52,12,40,40,12,28,67,11,56
2,114,42,72,55,20,35,59,22,37,50,20,30,63,21,42
4,106,48,58,53,24,29,53,24,29,61,31,30,45,17,28
3,78,20,58,39,10,29,39,10,29,38,8,30,39,11,28
0,110,56,54,55,28,27,55,28,27,56,28,28,54,28,26
1,124,28,96,51,12,39,66,16,50,55,15,40,68,12,56
0,92,32,60,42,14,28,49,18,31,47,15,32,45,17,28
1,184,66,118,96,34,62,79,32,47,91,31,60,92,34,58
0,102,44,58,51,22,29,51,22,29,60,30,30,42,14,28
0,122,46,76,52,22,30,70,24,46,59,23,36,63,23,40
2,102,40,62,51,20,31,51,20,31,50,20,30,52,20,32
1,106,26,80,38,10,28,61,16,45,40,12,28,66,14,52
4,146,50,96,67,22,45,79,28,51,57,23,34,88,26,62
2,150,50,100,64,24,40,86,26,60,62,24,38,88,26,62
1,102,26,76,50,12,38,52,14,38,40,12,28,62,14,48
0,118,54,64,62,28,34,55,26,29,74,38,36,44,16,28
2,118,48,70,55,22,33,62,26,36,51,21,30,67,27,40
3,98,36,62,49,18,31,49,18,31,46,18,28,52,18,34
2,168,48,120,84,24,60,84,24,60,65,25,40,102,22,80
3,112,40,72,54,18,36,58,22,36,67,23,44,45,17,28
0,108,48,60,54,24,30,54,24,30,66,34,32,42,14,28
0,100,44,56,50,22,28,50,22,28,58,30,28,42,14,28
4,112,40,72,58,20,38,54,20,34,48,20,28,64,20,44
1,116,22,94,52,10,42,59,12,47,50,12,38,65,9,56
1,118,22,96,40,10,30,60,12,48,52,12,40,66,10,56
2,102,40,62,51,20,31,51,20,31,46,18,28,56,22,34
2,134,62,72,62,28,34,72,34,38,74,38,36,60,24,36
1,116,26,90,43,12,31,60,14,46,46,12,34,70,14,56
1,102,24,78,51,12,39,41,12,29,42,14,28,60,10,50
4,102,46,56,50,22,28,52,24,28,54,26,28,48,20,28
0,98,42,56,48,20,28,50,22,28,52,24,28,46,18,28
4,128,54,74,63,26,37,65,28,37,53,23,30,73,29,44
2,110,44,66,57,22,35,53,22,31,49,21,28,61,23,38
2,156,50,106,75,22,53,81,28,53,50,22,28,104,26,78
4,132,50,82,62,22,40,69,28,41,50,22,28,81,27,54
0,106,52,54,53,26,27,53,26,27,62,36,26,44,16,28
4,112,40,72,62,20,42,50,20,30,48,20,28,64,20,44
2,128,52,76,71,28,43,57,24,33,52,22,30,75,29,46
1,112,22,90,43,10,33,57,12,45,46,12,34,65,9,56
3,116,42,74,56,20,36,60,22,38,65,23,42,48,16,32
3,150,46,104,65,20,45,85,26,59,79,27,52,71,19,52
1,118,22,96,38,10,28,60,12,48,54,14,40,64,8,56
4,146,44,102,72,20,52,74,24,50,48,20,28,98,24,74
3,100,40,60,50,20,30,50,20,30,55,23,32,43,15,28
1,106,24,82,52,12,40,53,12,41,40,12,28,66,12,54
3,122,44,78,55,20,35,67,24,43,64,22,42,58,22,36
3,88,28,60,42,12,30,46,16,30,41,13,28,47,15,32
4,102,46,56,52,24,28,50,22,28,59,31,28,42,14,28
1,122,28,94,60,14,46,61,14,47,52,14,38,69,13,56
1,112,20,92,56,10,46,55,10,45,48,12,36,64,8,56
3,106,46,60,52,22,30,52,24,28,69,37,32,37,9,28
3,82,24,58,41,12,29,40,12,28,40,10,30,42,14,28
3,88,30,58,43,14,29,45,16,29,49,19,30,39,11,28
3,96,36,60,47,18,29,48,18,30,48,18,30,47,17,30
1,76,20,56,36,8,28,40,12,28,40,12,28,36,8,28
2,128,48,80,62,22,40,66,26,40,49,21,28,79,27,52
0,106,50,56,52,24,28,54,26,28,63,35,28,43,15,28
2,128,42,86,75,22,53,53,20,33,55,21,34,73,21,52
2,96,42,54,47,20,27,49,22,27,49,21,28,47,21,26
0,100,42,58,49,20,29,51,22,29,59,29,30,41,13,28
3,94,32,62,47,16,31,47,16,31,52,18,34,42,14,28
0,116,56,60,54,26,28,61,30,31,70,38,32,45,17,28
4,94,40,54,45,18,27,49,22,27,55,27,28,39,13,26
2,112,42,70,57,20,37,55,22,33,47,19,28,64,22,42
4,106,52,54,53,26,27,53,26,27,52,24,28,53,27,26
0,126,66,60,57,28,29,69,38,31,84,52,32,42,14,28
1,104,20,84,52,10,42,50,10,40,38,10,28,65,9,56
3,128,46,82,62,22,40,66,24,42,60,22,38,66,22,44
0,118,56,62,53,24,29,65,32,33,71,37,34,47,19,28
2,120,46,74,63,24,39,57,22,35,48,20,28,71,25,46
1,116,22,94,39,10,29,59,12,47,50,12,38,66,10,56
1,108,28,80,54,14,40,51,14,37,42,14,28,66,14,52
3,94,34,60,41,14,27,53,20,33,51,19,32,42,14,28
0,118,56,62,52,24,28,66,32,34,73,39,34,45,17,28
2,134,52,82,62,22,40,72,30,42,63,23,40,71,29,42
3,98,38,60,44,16,28,53,22,31,56,24,32,41,13,28
1,114,22,92,50,10,40,58,12,46,49,13,36,65,9,56
2,106,42,64,52,20,32,54,22,32,49,21,28,57,21,36
2,154,46,108,71,22,49,83,24,59,56,22,34,97,23,74
1,110,24,86,38,10,28,57,14,43,51,13,38,59,11,48
1,120,26,94,58,12,46,54,14,40,53,15,38,66,10,56
4,142,62,80,68,30,38,71,32,39,78,32,46,64,30,34
0,152,70,82,75,36,39,77,34,43,102,50,52,45,15,30
1,120,24,96,40,12,28,60,12,48,54,14,40,65,9,56
2,108,44,64,55,22,33,53,22,31,50,22,28,58,22,36
2,118,44,74,63,22,41,55,22,33,48,20,28,69,23,46
0,92,36,56,43,16,27,49,20,29,45,17,28,47,19,28
2,108,40,68,53,18,35,55,22,33,43,17,26,63,21,42
3,106,48,58,51,22,29,55,26,29,58,28,30,47,19,28
4,122,46,76,60,22,38,62,24,38,48,20,28,73,25,48
3,80,22,58,38,10,28,41,12,29,41,11,30,39,11,28
0,150,58,92,73,28,45,76,30,46,66,28,38,82,28,54
3,104,36,68,47,16,31,56,20,36,61,21,40,43,15,28
0,108,48,60,53,22,31,55,26,29,64,32,32,44,16,28
4,342,190,152,158,96,62,175,94,81,165,77,88,173,109,64
1,108,22,86,45,12,33,52,10,42,41,11,30,66,10,56
0,108,40,68,52,18,34,56,22,34,62,22,40,46,18,28
4,152,58,94,67,24,43,85,34,51,86,38,48,66,20,46
4,202,86,116,102,44,58,95,42,53,76,34,42,124,50,74
0,94,36,58,46,18,28,47,18,29,48,18,30,46,18,28
1,86,26,60,46,16,30,38,10,28,41,13,28,44,12,32
3,108,42,66,53,20,33,55,22,33,55,17,38,52,24,28
3,90,34,56,44,16,28,46,18,28,43,15,28,47,19,28
0,134,70,64,65,34,31,69,36,33,84,48,36,50,22,28
0,88,30,58,43,14,29,45,16,29,45,15,30,43,15,28
3,118,50,68,57,24,33,61,26,35,66,32,34,51,17,34
1,112,24,88,40,12,28,56,12,44,50,14,36,62,10,52
4,110,48,62,55,24,31,55,24,31,48,20,28,60,26,34
3,108,38,70,54,18,36,54,20,34,59,21,38,49,17,32
1,112,22,90,45,10,35,57,12,45,48,14,34,64,8,56
3,82,24,58,41,12,29,41,12,29,44,14,30,38,10,28
1,104,20,84,50,10,40,52,10,42,40,12,28,63,7,56
2,116,44,72,59,22,37,57,22,35,48,20,28,68,24,44
4,116,52,64,60,26,34,56,26,30,51,21,30,64,30,34
3,90,32,58,44,16,28,45,16,29,45,15,30,45,17,28
3,90,34,56,44,16,28,46,18,28,44,16,28,45,17,28
4,106,48,58,53,24,29,53,24,29,61,31,30,45,17,28
0,108,52,56,54,26,28,54,26,28,50,22,28,58,30,28
2,94,36,58,47,18,29,47,18,29,46,18,28,48,18,30
3,84,26,58,41,12,29,43,14,29,42,12,30,42,14,28
3,264,102,162,116,40,76,143,62,81,127,39,88,137,63,74
1,98,24,74,38,10,28,51,14,37,39,11,28,59,13,46
4,146,42,104,72,20,52,74,22,52,48,20,28,98,22,76
4,154,54,100,71,24,47,82,30,52,59,25,34,95,29,66
0,102,46,56,50,22,28,52,24,28,58,30,28,44,16,28
0,100,34,66,51,18,33,49,16,33,54,16,38,46,18,28
3,150,66,84,76,36,40,69,30,39,64,24,40,83,39,44
3,108,40,68,54,20,34,54,20,34,60,20,40,48,20,28
3,82,26,56,42,14,28,40,12,28,41,13,28,40,12,28
3,108,36,72,56,18,38,50,18,32,65,21,44,43,15,28
1,112,20,92,44,10,34,56,10,46,49,13,36,63,7,56
3,106,36,70,42,12,30,63,24,39,65,23,42,41,13,28
2,106,44,62,53,22,31,53,22,31,48,20,28,57,23,34
4,108,42,66,52,20,32,56,22,34,46,18,28,62,24,38
0,96,44,52,48,22,26,48,22,26,54,28,26,42,16,26
0,100,44,56,48,20,28,52,24,28,57,29,28,43,15,28
3,94,38,56,46,18,28,48,20,28,46,18,28,48,20,28
2,108,50,58,52,24,28,56,26,30,55,25,30,53,25,28
4,120,42,78,58,22,36,61,20,41,45,19,26,74,22,52
4,110,46,64,54,22,32,56,24,32,48,20,28,61,25,36
0,100,44,56,50,22,28,50,22,28,57,29,28,43,15,28
3,176,104,72,84,50,34,92,54,38,57,25,32,119,79,40
0,98,38,60,48,18,30,50,20,30,53,21,32,45,17,28
2,110,42,68,56,22,34,54,20,34,48,20,28,62,22,40
3,80,24,56,40,12,28,40,12,28,39,11,28,39,11,28
3,86,30,56,42,14,28,44,16,28,42,14,28,44,16,28
1,100,20,80,38,10,28,50,10,40,38,10,28,61,9,52
2,98,42,56,48,20,28,50,22,28,47,19,28,51,23,28
4,110,46,64,54,22,32,56,24,32,62,30,32,48,16,32
4,120,58,62,59,28,31,61,30,31,72,38,34,47,19,28
3,86,26,60,42,12,30,44,14,30,38,10,28,48,16,32
2,144,48,96,67,22,45,76,26,50,70,26,44,73,21,52
0,194,90,104,93,42,51,100,48,52,110,46,64,80,40,40
2,106,44,62,53,22,31,53,22,31,50,22,28,56,22,34
1,108,22,86,38,10,28,55,12,43,44,14,30,64,8,56
2,118,42,76,57,20,37,61,22,39,51,21,30,67,21,46
3,86,26,60,41,12,29,44,14,30,47,17,30,39,9,30
2,124,54,70,60,26,34,64,28,36,56,26,30,68,28,40
2,116,44,72,58,22,36,58,22,36,50,22,28,66,22,44
1,114,32,82,56,16,40,57,16,41,44,16,28,70,16,54
3,96,34,62,51,18,33,45,16,29,54,20,34,41,13,28
0,100,42,58,48,20,28,51,22,29,59,29,30,41,13,28
3,122,38,84,52,20,32,70,18,52,68,20,48,52,16,36
0,106,50,56,54,26,28,52,24,28,61,33,28,45,17,28
4,146,60,86,75,32,43,69,28,41,79,35,44,67,25,42
3,108,28,80,39,12,27,68,16,52,58,16,42,50,12,38
0,120,56,64,61,28,33,59,28,31,72,36,36,48,20,28
3,88,24,64,44,12,32,44,12,32,42,10,32,46,14,32
2,128,44,84,58,20,38,70,24,46,57,23,34,71,21,50
3,106,46,60,48,20,28,58,26,32,44,16,28,60,28,32
4,106,44,62,50,20,30,56,24,32,47,19,28,58,24,34
3,88,28,60,38,10,28,48,18,30,44,14,30,43,13,30
1,112,20,92,56,10,46,53,10,43,48,12,36,64,8,56
3,78,22,56,38,10,28,40,12,28,37,9,28,39,11,28
0,118,58,60,57,28,29,61,30,31,67,35,32,51,23,28
3,96,38,58,47,18,29,49,20,29,52,22,30,44,16,28
2,116,44,72,59,22,37,57,22,35,49,21,28,66,22,44
3,86,30,56,42,14,28,44,16,28,47,19,28,39,11,28
0,112,54,58,55,26,29,57,28,29,64,34,30,48,20,28
0,104,48,56,52,24,28,52,24,28,62,34,28,42,14,28
3,110,34,76,53,16,37,56,18,38,67,19,48,43,15,28
0,110,50,60,54,24,30,56,26,30,64,32,32,46,18,28
0,272,166,106,140,90,50,127,76,51,169,97,72,92,58,34
2,102,42,60,50,20,30,52,22,30,49,21,28,53,21,32
1,124,30,94,60,16,44,61,14,47,55,17,38,69,13,56
3,116,36,80,50,18,32,60,18,42,52,18,34,64,18,46
1,116,24,92,46,12,34,58,12,46,49,13,36,66,10,56
1,120,26,94,44,12,32,62,14,48,51,13,38,68,12,56
3,82,24,58,40,12,28,41,12,29,45,15,30,37,9,28
1,116,22,94,47,10,37,59,12,47,52,14,38,64,8,56
3,94,34,60,45,16,29,49,18,31,50,18,32,43,15,28
2,96,38,58,47,18,29,49,20,29,47,19,28,49,19,30
1,120,30,90,60,16,44,59,14,45,49,15,34,70,14,56
0,120,62,58,60,30,30,60,32,28,73,43,30,47,19,28
3,104,46,58,51,22,29,53,24,29,49,19,30,55,27,28
4,108,50,58,53,24,29,55,26,29,62,32,30,45,17,28
4,108,44,64,50,20,30,58,24,34,48,20,28,59,23,36
3,90,34,56,44,16,28,46,18,28,43,15,28,47,19,28
1,124,30,94,52,16,36,64,14,50,52,14,38,71,15,56
2,106,40,66,56,20,36,50,20,30,48,20,28,58,20,38
1,96,24,72,38,10,28,50,14,36,41,13,28,55,11,44
3,110,52,58,59,28,31,51,24,27,46,20,26,63,31,32
3,90,32,58,45,16,29,45,16,29,52,22,30,38,10,28
2,212,90,122,55,22,33,149,68,81,103,47,56,103,37,66
4,126,54,72,62,26,36,64,28,36,53,23,30,73,31,42
3,90,34,56,44,16,28,46,18,28,45,17,28,41,13,28
3,120,40,80,58,18,40,62,22,40,76,28,48,44,12,32
4,144,56,88,68,26,42,76,30,46,53,23,30,91,33,58
1,118,24,94,48,12,36,59,12,47,52,14,38,66,10,56
2,108,44,64,54,22,32,54,22,32,50,22,28,58,22,36
2,112,44,68,59,22,37,53,22,31,49,21,28,63,23,40
2,138,38,100,66,18,48,72,20,52,45,17,28,92,20,72
2,144,50,94,68,24,44,75,26,49,52,22,30,92,28,64
3,102,38,64,45,18,27,57,20,37,61,25,36,40,12,28
2,134,44,90,68,22,46,66,22,44,50,20,30,84,24,60
0,106,48,58,51,22,29,55,26,29,59,29,30,47,19,28
3,92,36,56,46,18,28,46,18,28,50,22,28,42,14,28
0,100,44,56,50,22,28,50,22,28,58,30,28,42,14,28
4,126,48,78,64,24,40,62,24,38,48,20,28,78,28,50
1,118,26,92,40,12,28,60,14,46,52,16,36,66,10,56
3,92,24,68,48,14,34,43,10,33,54,14,40,38,10,28
3,98,38,60,48,18,30,50,20,30,53,21,32,45,17,28
4,134,48,86,57,20,37,77,28,49,56,24,32,77,23,54
1,132,48,84,68,26,42,64,22,42,58,26,32,72,20,52
4,122,52,70,64,26,38,57,26,31,57,23,34,62,26,36
2,100,40,60,50,20,30,50,20,30,48,20,28,52,20,32
4,98,38,60,48,18,30,50,20,30,47,19,28,51,19,32
2,138,44,94,73,24,49,65,20,45,47,19,28,91,25,66
1,108,26,82,38,10,28,57,16,41,48,12,36,60,14,46
3,96,36,60,48,18,30,48,18,30,48,18,30,48,18,30
0,102,44,58,47,18,29,55,26,29,55,25,30,46,18,28
1,120,28,92,50,12,38,62,16,46,50,14,36,70,14,56
1,116,24,92,43,12,31,57,12,45,50,14,36,66,10,56
4,112,50,62,58,26,32,54,24,30,49,21,28,63,29,34
4,108,42,66,54,20,34,54,22,32,48,20,28,59,21,38
0,118,50,68,62,26,36,56,24,32,73,33,40,45,17,28
1,114,22,92,39,10,29,58,12,46,50,14,36,64,8,56
3,98,40,58,47,18,29,51,22,29,53,23,30,45,17,28
0,138,64,74,53,22,31,81,42,39,86,42,44,46,16,30
3,106,42,64,55,20,35,51,22,29,56,20,36,44,16,28
1,120,24,96,49,10,39,62,14,48,53,13,40,66,10,56
2,150,50,100,77,24,53,73,26,47,60,24,36,90,26,64
4,112,50,62,56,24,32,56,26,30,46,20,26,66,30,36
0,108,50,58,52,24,28,55,26,29,53,25,28,55,25,30
2,124,46,78,61,22,39,63,24,39,55,23,32,69,23,46
4,132,42,90,67,20,47,64,22,42,55,23,32,77,19,58
3,102,34,68,46,14,32,54,20,34,55,19,36,47,15,32
3,90,32,58,42,14,28,47,18,29,51,21,30,38,10,28
4,190,76,114,90,34,56,98,42,56,100,42,58,89,33,56
1,116,32,84,57,16,41,53,16,37,43,15,28,73,17,56
0,112,52,60,54,24,30,58,28,30,67,35,32,45,17,28
2,110,40,70,55,20,35,55,20,35,46,18,28,64,22,42
0,104,46,58,51,22,29,53,24,29,61,31,30,43,15,28
0,108,42,66,53,20,33,54,22,32,57,19,38,50,22,28
3,116,40,76,58,20,38,58,20,38,64,20,44,52,20,32
4,104,46,58,51,22,29,53,24,29,51,21,30,53,25,28
4,100,44,56,50,22,28,50,22,28,56,28,28,44,16,28
3,112,36,76,60,18,42,51,18,33,66,20,46,46,16,30
0,120,44,76,58,20,38,62,24,38,78,30,48,41,13,28
4,106,38,68,53,18,35,53,20,33,59,19,40,47,19,28
0,336,218,118,139,84,55,193,134,59,183,109,74,144,100,44
4,100,38,62,48,18,30,52,20,32,47,19,28,53,19,34
1,106,22,84,39,10,29,54,12,42,39,11,28,66,10,56
4,270,68,202,139,34,105,130,34,96,109,31,78,160,36,124
3,120,52,68,56,24,32,62,28,34,67,33,34,53,19,34
0,104,48,56,50,22,28,54,26,28,50,22,28,47,19,28
2,116,44,72,62,22,40,54,22,32,49,21,28,67,23,44
3,96,36,60,47,18,29,49,18,31,46,16,30,50,20,30
2,100,42,58,49,20,29,51,22,29,44,18,26,55,23,32
3,98,38,60,47,18,29,51,20,31,52,22,30,45,15,30
2,156,50,106,78,24,54,78,26,52,54,22,32,100,26,74
1,122,22,100,55,10,45,62,12,50,58,14,44,64,8,56
3,90,24,66,45,12,33,45,12,33,49,11,38,40,12,28
3,122,48,74,51,20,31,70,28,42,71,29,42,49,17,32
4,310,148,162,129,68,61,175,80,95,135,57,78,171,87,84
1,168,54,114,60,18,42,96,36,60,76,28,48,89,23,66
0,110,54,56,54,26,28,56,28,28,64,36,28,46,18,28
1,124,32,92,53,14,39,64,18,46,52,16,36,72,16,56
3,96,38,58,46,18,28,49,20,29,48,20,28,48,18,30
1,148,46,102,66,24,42,75,22,53,75,25,50,73,21,52
0,196,88,108,100,42,58,89,46,43,114,52,62,78,32,46
3,106,38,68,51,18,33,54,20,34,47,17,30,59,21,38
3,92,34,58,47,18,29,45,16,29,50,20,30,42,14,28
0,104,34,70,53,18,35,51,16,35,59,17,42,45,17,28
1,116,20,96,57,10,47,41,10,31,52,12,40,63,7,56
3,102,28,74,41,14,27,61,14,47,62,18,44,40,10,30
2,104,40,64,52,20,32,52,20,32,48,20,28,56,20,36
2,138,58,80,62,28,34,76,30,46,70,34,36,67,23,44
1,114,22,92,46,10,36,58,12,46,49,13,36,64,8,56
4,100,56,44,50,28,22,50,28,22,44,24,20,56,32,24
2,108,44,64,52,22,30,56,22,34,50,20,30,57,23,34
1,118,26,92,39,10,29,62,16,46,49,13,36,69,13,56
4,92,32,60,46,16,30,46,16,30,44,16,28,48,16,32
2,116,44,72,63,22,41,53,22,31,50,20,30,64,22,42
0,108,48,60,50,22,28,56,26,30,65,33,32,43,15,28
0,98,42,56,48,20,28,50,22,28,49,21,28,41,13,28
0,102,46,56,50,22,28,52,24,28,61,33,28,41,13,28
2,112,38,74,58,18,40,54,20,34,47,19,28,65,19,46
1,112,20,92,56,10,46,55,10,45,48,12,36,64,8,56
4,76,20,56,38,10,28,38,10,28,37,9,28,39,11,28
1,120,28,92,56,12,44,62,16,46,52,16,36,68,12,56
2,104,44,60,52,22,30,52,22,30,50,22,28,54,22,32
1,114,30,84,48,14,34,58,16,42,43,15,28,70,14,56
1,94,26,68,46,14,32,46,12,34,42,14,28,52,12,40
2,104,40,64,52,20,32,52,20,32,46,18,28,58,22,36
0,106,52,54,53,26,27,53,26,27,62,36,26,44,16,28
3,104,44,60,54,24,30,50,20,30,63,31,32,41,13,28
4,120,56,64,60,28,32,59,28,31,69,35,34,51,21,30
0,126,62,64,65,32,33,60,30,30,74,42,32,52,20,32
2,134,42,92,66,20,46,68,22,46,51,21,30,82,20,62
2,112,44,68,57,22,35,55,22,33,53,23,30,59,21,38
0,110,54,56,56,28,28,54,26,28,63,35,28,47,19,28
0,102,48,54,51,24,27,51,24,27,56,28,28,46,20,26
3,122,56,66,62,28,34,59,28,31,61,27,34,60,28,32
2,158,78,80,81,38,43,77,40,37,51,21,30,106,56,50
4,176,58,118,88,28,60,87,30,57,72,32,40,103,25,78
1,122,26,96,60,14,46,60,12,48,54,14,40,68,12,56
0,104,46,58,52,24,28,51,22,29,61,31,30,43,15,28
1,122,30,92,53,14,39,62,16,46,49,13,36,71,15,56
0,134,64,70,71,34,37,63,30,33,85,43,42,44,16,28
3,92,34,58,47,18,29,45,16,29,46,16,30,46,18,28
2,164,62,102,83,30,53,81,32,49,52,22,30,112,40,72
3,90,34,56,47,20,27,43,14,29,46,18,28,43,15,28
0,102,46,56,50,22,28,52,24,28,59,31,28,43,15,28
2,118,48,70,54,24,30,64,24,40,51,23,28,67,25,42
1,108,30,78,55,16,39,53,14,39,42,14,28,66,16,50
1,122,32,90,49,14,35,65,18,47,48,14,34,73,17,56
3,110,36,74,55,20,35,46,16,30,56,18,38,54,18,36
1,112,24,88,55,12,43,56,12,44,46,14,32,66,10,56
1,108,28,80,54,16,38,50,12,38,42,14,28,65,13,52
0,106,50,56,52,24,28,54,26,28,62,34,28,44,16,28
0,108,50,58,56,26,30,52,24,28,64,32,32,44,18,26
0,130,60,70,53,24,29,77,36,41,84,42,42,45,17,28
3,90,32,58,47,18,29,43,14,29,42,12,30,48,20,28
0,98,42,56,48,20,28,50,22,28,57,29,28,41,13,28
2,108,44,64,54,22,32,53,22,31,52,20,32,55,23,32
1,116,28,88,60,16,44,51,12,39,47,15,32,67,11,56
3,120,54,66,59,26,33,61,28,33,53,23,30,63,27,36
2,96,38,58,47,18,29,49,20,29,48,20,28,48,18,30
0,130,68,62,65,34,31,64,34,30,54,26,28,76,42,34
2,108,46,62,48,20,28,59,26,33,60,26,34,48,20,28
3,130,38,92,63,18,45,67,20,47,77,23,54,51,13,38
4,122,58,64,56,26,30,66,32,34,76,40,36,45,17,28
2,100,42,58,49,20,29,51,22,29,49,21,28,51,21,30
1,116,20,96,58,10,48,54,10,44,54,14,40,62,6,56
2,234,148,86,113,70,43,120,78,42,91,53,38,124,76,48
4,106,50,56,54,26,28,52,24,28,57,29,28,46,18,28
0,98,42,56,48,20,28,50,22,28,49,21,28,43,15,28
4,104,42,62,54,20,34,50,22,28,47,19,28,57,23,34
0,108,50,58,53,24,29,55,26,29,63,33,30,45,17,28
1,120,26,94,47,12,35,61,14,47,52,14,38,68,12,56
3,94,38,56,46,18,28,48,20,28,52,24,28,41,13,28
1,96,20,76,42,10,32,48,10,38,38,10,28,58,10,48
4,150,52,98,72,26,46,78,26,52,52,22,30,96,28,68
1,112,22,90,38,10,28,57,12,45,46,12,34,66,10,56
0,152,74,78,67,32,35,83,42,41,97,51,46,54,22,32
4,306,136,170,127,56,71,176,80,96,122,56,66,179,75,104
1,118,26,92,51,14,37,58,12,46,51,15,36,67,11,56
3,102,32,70,42,12,30,60,20,40,54,16,38,48,16,32
2,106,42,64,51,20,31,55,22,33,50,20,30,54,20,34
4,116,52,64,57,26,31,58,26,32,60,24,36,56,28,28
4,98,34,64,48,16,32,50,18,32,45,17,28,53,17,36
2,112,48,64,56,24,32,56,24,32,48,20,28,64,28,36
0,110,52,58,52,24,28,57,28,29,65,35,30,45,17,28
0,102,44,58,52,22,30,50,22,28,61,31,30,41,13,28
0,136,58,78,66,28,38,70,30,40,54,24,30,82,34,48
4,116,54,62,59,28,31,55,26,29,69,35,34,46,18,28
0,108,48,60,53,24,29,55,24,31,55,23,32,44,16,28
4,310,142,168,133,68,65,166,74,92,161,77,84,142,58,84
0,100,44,56,50,22,28,50,22,28,58,30,28,42,14,28
0,110,50,60,54,24,30,56,26,30,63,31,32,47,19,28
1,108,20,88,54,10,44,41,10,31,45,13,32,63,7,56
3,96,38,58,50,20,30,46,18,28,53,23,30,43,15,28
2,154,50,104,78,26,52,75,24,51,59,27,32,95,23,72
4,226,106,120,105,48,57,121,58,63,131,71,60,94,34,60
2,148,46,102,75,22,53,73,24,49,60,20,40,86,24,62
4,104,44,60,53,22,31,51,22,29,50,20,30,54,24,30
1,120,24,96,52,12,40,60,12,48,54,14,40,66,10,56
0,104,48,56,52,24,28,52,24,28,59,31,28,45,17,28
0,96,40,56,48,20,28,48,20,28,54,26,28,42,14,28
1,80,22,58,38,10,28,42,12,30,40,12,28,39,9,30
3,88,30,58,45,16,29,43,14,29,45,15,30,43,15,28
2,128,54,74,59,24,35,68,30,38,81,35,46,47,19,28
3,172,66,106,72,24,48,95,42,53,75,33,42,95,31,64
2,150,52,98,76,26,50,74,26,48,54,24,30,96,28,68
0,112,52,60,57,26,31,55,26,29,68,36,32,44,16,28
1,120,28,92,51,14,37,61,14,47,50,14,36,70,14,56
1,116,30,86,54,16,38,57,14,43,49,15,34,67,15,52
1,112,24,88,39,10,29,58,14,44,45,13,32,66,10,56
0,102,46,56,52,24,28,50,22,28,58,30,28,44,16,28
3,104,34,70,52,16,36,52,18,34,62,20,42,37,9,28
0,92,32,60,46,16,30,46,16,30,45,13,32,47,19,28
1,122,26,96,41,12,29,63,14,49,55,15,40,66,10,56
3,82,20,62,40,10,30,41,10,31,45,11,34,37,9,28
4,142,62,80,73,30,43,65,32,33,77,35,42,65,27,38
2,114,46,68,60,24,36,54,22,32,52,22,30,62,24,38
2,110,46,64,54,22,32,56,24,32,54,22,32,56,24,32
3,102,38,64,51,20,31,51,18,33,54,20,34,48,18,30
4,92,36,56,43,16,27,48,20,28,46,18,28,46,18,28
1,120,26,94,47,12,35,61,14,47,52,14,38,68,12,56
2,124,54,70,61,26,35,63,28,35,50,24,26,74,30,44
3,188,78,110,64,24,40,112,54,58,92,38,54,94,38,56
2,128,48,80,75,26,49,53,22,31,62,22,40,66,26,40
2,144,48,96,71,24,47,73,24,49,64,22,42,80,26,54
4,98,42,56,41,18,23,57,24,33,51,23,28,47,19,28
4,112,40,72,56,20,36,56,20,36,48,20,28,64,20,44
0,104,48,56,52,24,28,52,24,28,60,32,28,44,16,28
1,112,22,90,38,10,28,57,12,45,46,12,34,66,10,56
1,120,26,94,49,14,35,59,12,47,52,14,38,67,11,56
2,118,44,74,63,26,37,54,18,36,46,18,28,72,26,46
2,116,48,68,55,22,33,61,26,35,51,21,30,65,27,38
4,100,40,60,52,20,32,48,20,28,47,19,28,53,21,32
3,180,80,100,80,32,48,96,48,48,107,57,50,67,17,50
0,92,32,60,46,16,30,45,16,29,49,17,32,43,15,28
4,112,50,62,55,24,31,56,26,30,64,30,34,48,20,28
0,100,34,66,52,18,34,48,16,32,55,17,38,45,17,28
4,120,50,70,58,24,34,61,26,35,52,20,32,68,30,38
3,84,24,60,43,12,31,41,12,29,42,12,30,42,12,30
1,120,30,90,48,14,34,66,16,50,50,16,34,70,14,56
3,212,98,114,103,50,53,102,48,54,119,53,66,91,43,48
2,148,56,92,67,24,43,81,32,49,63,29,34,85,27,58
4,118,48,70,62,26,36,55,22,33,68,28,40,50,20,30
0,150,82,68,72,40,32,76,42,34,68,30,38,81,51,30
4,146,74,72,77,38,39,68,36,32,86,42,44,59,31,28
2,106,42,64,52,20,32,54,22,32,49,21,28,57,21,36
1,120,26,94,46,12,34,62,14,48,52,14,38,68,12,56
3,102,40,62,48,18,30,53,22,31,57,27,30,45,13,32
0,100,44,56,50,22,28,50,22,28,59,31,28,41,13,28
0,118,54,64,50,22,28,67,32,35,75,39,36,43,15,28
4,130,46,84,64,24,40,66,22,44,50,22,28,80,24,56
0,104,48,56,50,22,28,54,26,28,57,29,28,47,19,28
4,116,52,64,59,26,33,56,26,30,55,25,30,60,26,34
3,88,34,54,43,16,27,45,18,27,47,21,26,40,12,28
2,146,58,88,74,28,46,72,30,42,51,23,28,93,33,60
1,120,28,92,58,14,44,60,14,46,52,16,36,68,12,56
3,92,36,56,46,18,28,46,18,28,50,22,28,41,13,28
4,112,42,70,62,22,40,50,20,30,47,19,28,64,22,42
1,118,26,92,58,12,46,57,14,43,52,16,36,65,9,56
2,94,38,56,46,18,28,47,20,27,45,17,28,48,20,28
2,112,44,68,60,24,36,52,20,32,46,18,28,66,26,40
3,88,30,58,45,16,29,43,14,29,41,11,30,47,19,28
3,254,100,154,133,56,77,117,44,73,124,40,84,129,59,70
3,96,36,60,50,20,30,45,16,29,56,24,32,40,12,28
1,106,22,84,39,10,29,54,12,42,45,11,34,61,11,50
3,86,30,56,42,14,28,44,16,28,39,11,28,47,19,28
0,102,46,56,50,22,28,52,24,28,57,29,28,45,17,28
2,96,38,58,47,18,29,49,20,29,49,21,28,47,17,30
2,114,46,68,59,24,35,54,22,32,52,22,30,62,24,38
1,110,22,88,36,8,28,58,14,44,44,12,32,66,10,56
1,118,32,86,55,18,37,56,14,42,45,15,30,72,16,56
3,86,28,58,41,12,29,45,16,29,43,13,30,42,14,28
3,100,36,64,50,18,32,50,18,32,54,18,36,45,17,28
1,106,24,82,54,12,42,51,12,39,42,14,28,63,9,54
2,108,42,66,52,20,32,56,22,34,49,21,28,59,21,38
1,108,20,88,50,10,40,54,10,44,44,12,32,63,7,56
4,136,62,74,70,32,38,66,30,36,54,26,28,80,34,46
2,128,56,72,58,24,34,70,32,38,70,32,38,58,24,34
1,104,22,82,53,12,41,39,10,29,46,12,34,58,10,48
1,114,22,92,38,10,28,58,12,46,50,14,36,64,8,56
1,114,22,92,38,10,28,58,12,46,49,13,36,64,8,56
4,112,54,58,54,26,28,58,28,30,49,21,28,63,33,30
3,82,24,58,41,12,29,41,12,29,44,14,30,38,10,28
3,92,36,56,44,16,28,48,20,28,51,23,28,40,12,28
1,116,26,90,40,12,28,59,14,45,48,14,34,68,12,56
1,110,22,88,47,10,37,56,12,44,44,12,32,66,10,56
2,184,66,118,85,32,53,99,34,65,92,38,54,90,26,64
3,128,58,70,57,24,33,69,34,35,70,32,38,58,26,32
2,128,48,80,65,24,41,63,24,39,48,20,28,80,28,52
3,166,50,116,87,28,59,79,22,57,84,28,56,82,22,60
4,124,40,84,66,20,46,58,20,38,47,19,28,77,21,56
1,114,22,92,38,10,28,58,12,46,49,13,36,65,9,56
2,150,46,104,73,22,51,77,24,53,49,21,28,100,24,76
0,304,220,84,144,104,40,160,116,44,160,110,50,132,98,34
1,102,24,78,40,12,28,51,12,39,39,11,28,63,13,50
3,80,24,56,40,12,28,40,12,28,41,13,28,39,11,28
2,122,48,74,60,24,36,62,24,38,49,21,28,72,26,46
4,110,40,70,57,20,37,53,20,33,47,19,28,63,21,42
3,154,58,96,79,28,51,72,30,42,94,38,56,57,17,40
1,126,30,96,40,12,28,75,18,57,52,12,40,74,18,56
0,112,48,64,58,24,34,54,24,30,47,19,28,63,27,36
3,106,42,64,53,22,31,53,20,33,53,23,30,52,18,34
4,136,42,94,70,22,48,66,20,46,48,20,28,88,22,66
2,108,52,56,53,26,27,55,26,29,50,24,26,58,28,30
0,192,96,96,90,46,44,102,50,52,99,51,48,90,42,48
3,96,38,58,47,18,29,49,20,29,50,20,30,45,17,28
0,106,50,56,54,26,28,52,24,28,60,32,28,46,18,28
4,108,48,60,52,22,30,56,26,30,65,33,32,41,13,28
3,88,26,62,46,14,32,42,12,30,48,14,34,40,12,28
4,108,44,64,54,22,32,54,22,32,50,20,30,57,23,34
3,90,32,58,45,16,29,45,16,29,48,18,30,41,13,28
3,78,22,56,37,10,27,40,12,28,43,13,30,35,9,26
0,102,44,58,51,22,29,51,22,29,58,28,30,44,16,28
2,132,44,88,69,24,45,63,20,43,59,23,36,73,21,52
0,106,48,58,51,22,29,55,26,29,60,30,30,46,18,28
4,128,60,68,66,30,36,61,30,31,51,19,32,76,40,36
4,86,28,58,44,14,30,42,14,28,42,12,30,44,16,28
2,136,60,76,68,32,36,67,28,39,53,23,30,83,37,46
3,84,22,62,40,10,30,43,12,31,41,11,30,43,11,32
4,102,30,72,50,14,36,52,16,36,51,13,38,51,17,34
1,112,24,88,41,12,29,56,12,44,45,13,32,67,11,56
3,124,44,80,62,22,40,55,22,33,54,16,38,69,27,42
1,106,24,82,53,12,41,49,12,37,41,13,28,65,11,54
0,142,60,82,72,32,40,70,28,42,61,25,36,81,35,46
3,84,24,60,39,10,29,44,14,30,39,11,28,44,12,32
3,88,30,58,43,14,29,45,16,29,46,16,30,42,14,28
1,114,24,90,53,12,41,57,12,45,47,13,34,67,11,56
2,106,42,64,49,20,29,57,22,35,52,22,30,54,20,34
2,152,66,86,67,28,39,83,38,45,83,35,48,67,29,38
2,166,56,110,79,26,53,87,30,57,59,27,32,107,29,78
4,112,54,58,55,26,29,57,28,29,54,24,30,58,30,28
3,88,30,58,43,14,29,45,16,29,47,17,30,40,12,28
0,100,44,56,50,22,28,50,22,28,59,31,28,41,13,28
4,130,52,78,64,24,40,66,28,38,83,33,50,47,19,28
0,90,28,62,45,14,31,45,14,31,46,12,34,44,16,28
0,120,58,62,64,32,32,55,26,29,72,40,32,48,18,30
3,86,28,58,42,14,28,43,14,29,46,16,30,40,12,28
4,304,126,178,138,56,82,166,70,96,126,60,66,176,64,112
3,92,36,56,44,16,28,48,20,28,49,21,28,43,15,28
4,104,42,62,50,20,30,54,22,32,49,21,28,55,21,34
4,142,44,98,69,22,47,73,22,51,48,20,28,93,23,70
0,96,42,54,47,20,27,49,22,27,49,23,26,41,13,28
1,100,22,78,39,10,29,51,12,39,41,13,28,59,9,50
4,140,46,94,64,24,40,76,22,54,49,21,28,90,24,66
3,76,20,56,38,10,28,38,10,28,40,12,28,36,8,28
3,124,44,80,61,20,41,62,24,38,71,21,50,51,21,30
4,106,44,62,53,22,31,53,22,31,48,20,28,58,24,34
1,112,26,86,51,12,39,57,14,43,45,15,30,67,11,56
4,110,60,50,54,30,24,56,30,26,50,26,24,60,34,26
0,112,52,60,55,26,29,57,26,31,63,31,32,49,21,28
2,142,44,98,70,22,48,72,22,50,49,21,28,93,23,70
3,104,44,60,49,20,29,55,24,31,57,27,30,45,15,30
2,166,52,114,77,24,53,88,28,60,65,27,38,101,25,76
3,86,28,58,40,12,28,45,16,29,42,12,30,43,15,28
1,128,44,84,44,16,28,70,28,42,50,18,32,77,25,52
1,80,22,58,38,10,28,41,12,29,41,13,28,39,9,30
1,122,28,94,50,14,36,64,14,50,52,14,38,70,14,56
4,92,34,58,45,16,29,47,18,29,46,16,30,46,18,28
1,114,22,92,38,10,28,58,12,46,50,14,36,64,8,56
4,100,44,56,48,20,28,52,24,28,51,23,28,48,20,28
3,114,48,66,61,26,35,51,22,29,57,25,32,57,23,34
2,120,44,76,60,22,38,59,22,37,55,23,32,65,21,44
3,106,50,56,52,24,28,54,26,28,62,34,28,44,16,28
0,106,48,58,51,22,29,55,26,29,63,33,30,43,15,28
1,106,24,82,47,14,33,51,10,41,40,12,28,66,12,54
4,96,40,56,48,20,28,48,20,28,46,18,28,50,22,28
0,124,60,64,63,30,33,60,30,30,73,39,34,51,21,30
4,100,42,58,49,20,29,51,22,29,51,21,30,49,21,28
2,104,38,66,53,20,33,51,18,33,48,18,30,56,20,36
2,152,50,102,72,22,50,80,28,52,63,25,38,86,22,64
1,110,28,82,39,12,27,57,16,41,41,15,26,68,12,56
2,116,54,62,57,26,31,59,28,31,51,23,28,65,31,34
2,100,38,62,49,18,31,51,20,31,47,19,28,53,19,34
4,92,34,58,45,16,29,47,18,29,46,16,30,46,18,28
3,96,36,60,51,18,33,45,18,27,44,16,28,52,20,32
3,144,78,66,70,38,32,73,40,33,48,18,30,86,50,36
1,110,20,90,50,10,40,55,10,45,47,13,34,63,7,56
3,78,22,56,40,12,28,38,10,28,42,14,28,36,8,28
1,124,24,100,62,12,50,50,12,38,56,12,44,68,12,56
2,158,44,114,79,22,57,79,22,57,57,23,34,101,21,80
0,108,38,70,53,18,35,54,20,34,63,21,42,44,16,28
0,226,114,112,97,46,51,124,68,56,137,73,64,86,38,48
4,132,62,70,68,32,36,63,30,33,62,30,32,68,30,38
1,124,32,92,57,16,41,62,16,46,53,17,36,71,15,56
4,100,44,56,50,22,28,50,22,28,50,22,28,50,22,28
0,106,48,58,52,24,28,54,24,30,60,30,30,45,17,28
0,112,38,74,47,16,31,63,22,41,67,21,46,45,17,28
0,110,52,58,56,26,30,54,26,28,64,34,30,46,18,28
2,168,74,94,79,36,43,85,38,47,85,37,48,79,33,46
0,132,68,64,57,26,31,75,42,33,81,45,36,51,23,28
4,138,50,88,64,26,38,74,24,50,49,21,28,89,29,60
0,110,42,68,51,18,33,59,24,35,61,21,40,49,21,28
4,148,78,70,74,38,36,74,40,34,88,46,42,59,31,28
0,122,56,66,52,24,28,70,32,38,77,39,38,45,17,28
2,104,36,68,53,18,35,51,18,33,46,18,28,58,18,40
3,92,34,58,46,18,28,45,16,29,48,18,30,44,16,28
1,168,64,104,76,30,46,88,34,54,88,36,52,77,25,52
3,88,32,56,44,16,28,44,16,28,44,16,28,44,16,28
3,94,36,58,47,18,29,47,18,29,54,24,30,40,12,28
0,118,56,62,59,28,31,59,28,31,72,40,32,45,15,30
3,90,28,62,45,14,31,45,14,31,44,10,34,45,17,28
0,120,58,62,58,28,30,61,30,31,75,41,34,45,17,28
1,104,20,84,38,8,30,54,12,42,39,11,28,64,8,56
3,100,36,64,48,16,32,52,20,32,54,18,36,45,17,28
3,102,42,60,51,20,31,51,22,29,60,28,32,42,14,28
4,120,40,80,60,18,42,60,22,38,48,20,28,72,20,52
2,100,42,58,48,20,28,52,22,30,49,21,28,51,21,30
1,108,20,88,54,10,44,38,10,28,43,11,32,64,8,56
2,110,42,68,54,20,34,56,22,34,51,21,30,59,21,38
3,108,38,70,46,16,30,61,22,39,46,14,32,61,23,38
4,148,50,98,68,24,44,80,26,54,50,22,28,97,27,70
0,104,48,56,52,24,28,52,24,28,56,28,28,47,19,28
3,102,46,56,50,22,28,52,24,28,48,20,28,54,26,28
2,96,42,54,47,20,27,49,22,27,49,21,28,47,21,26
4,116,56,60,58,28,30,57,28,29,57,25,32,58,30,28
1,108,22,86,54,12,42,53,10,43,42,12,30,65,9,56
0,98,42,56,48,20,28,50,22,28,57,29,28,41,13,28
4,120,40,80,60,20,40,60,20,40,47,19,28,73,21,52
0,104,46,58,51,22,29,53,24,29,53,23,30,45,17,28
4,114,42,72,62,20,42,52,22,30,48,20,28,66,22,44
2,166,56,110,79,28,51,87,28,59,58,24,34,106,30,76
3,112,30,82,42,14,28,69,16,53,59,17,42,53,13,40
3,112,52,60,57,26,31,54,26,28,44,16,28,67,35,32
4,106,42,64,52,20,32,54,22,32,47,19,28,59,23,36
1,112,20,92,56,10,46,38,10,28,49,13,36,63,7,56
3,74,18,56,38,10,28,36,8,28,38,10,28,36,8,28
4,160,76,84,75,36,39,85,40,45,68,28,40,91,47,44
0,112,56,56,56,28,28,56,28,28,60,32,28,51,23,28
0,94,36,58,47,18,29,47,18,29,48,18,30,46,18,28
3,88,30,58,43,14,29,45,16,29,45,15,30,43,15,28
4,118,56,62,58,26,32,60,30,30,71,37,34,46,18,28
1,118,24,94,54,12,42,59,12,47,52,14,38,65,9,56
1,114,22,92,48,10,38,58,12,46,49,13,36,64,8,56
0,116,58,58,57,28,29,59,30,29,67,37,30,49,21,28
2,112,46,66,53,22,31,59,24,35,51,23,28,61,23,38
1,110,22,88,47,10,37,56,12,44,44,12,32,66,10,56
2,136,44,92,66,20,46,70,24,46,54,22,32,81,21,60
0,110,38,72,55,20,35,55,18,37,58,16,42,52,22,30
4,96,40,56,48,20,28,48,20,28,48,20,28,48,20,28
0,102,46,56,52,24,28,50,22,28,59,31,28,43,15,28
1,102,20,82,39,8,31,53,12,41,38,10,28,64,10,54
2,152,50,102,73,24,49,78,26,52,59,25,34,93,25,68
1,106,22,84,52,10,42,40,12,28,40,12,28,65,9,56
0,108,52,56,56,28,28,52,24,28,60,32,28,48,20,28
3,82,24,58,41,12,29,41,12,29,40,10,30,42,14,28
3,96,36,60,49,18,31,47,18,29,46,16,30,49,19,30
0,108,50,58,53,24,29,55,26,29,64,34,30,44,16,28
2,138,46,92,72,24,48,66,22,44,48,20,28,90,26,64
4,138,66,72,71,32,39,67,34,33,58,26,32,80,40,40
2,134,46,88,71,22,49,63,24,39,49,21,28,85,25,60
3,110,42,68,54,20,34,55,22,33,66,26,40,43,15,28
2,114,46,68,56,22,34,58,24,34,51,21,30,63,25,38
0,112,54,58,55,26,29,57,28,29,62,32,30,50,22,28
0,90,32,58,45,16,29,45,16,29,44,16,28,46,16,30
2,94,34,60,45,16,29,49,18,31,47,17,30,47,17,30
3,98,40,58,47,18,29,51,22,29,47,17,30,49,21,28
0,96,40,56,48,20,28,48,20,28,56,28,28,40,12,28
0,102,46,56,52,24,28,50,22,28,56,28,28,45,17,28
2,134,64,70,65,32,33,68,32,36,74,36,38,59,27,32
4,108,46,62,54,22,32,54,24,30,49,21,28,59,25,34
2,112,48,64,57,22,35,55,26,29,53,21,32,59,27,32
4,114,58,56,58,30,28,56,28,28,61,33,28,51,23,28
0,124,60,64,61,30,31,62,30,32,80,44,36,44,16,28
0,106,50,56,52,24,28,54,26,28,63,35,28,43,15,28
3,92,28,64,42,10,32,50,18,32,50,14,36,41,13,28
2,132,48,84,66,24,42,66,24,42,50,22,28,82,26,56
2,118,46,72,64,24,40,54,22,32,58,20,38,59,25,34
0,108,48,60,52,22,30,56,26,30,64,32,32,44,16,28
4,146,70,76,59,26,33,86,44,42,84,44,40,62,26,36
3,104,38,66,53,20,33,51,18,33,55,17,38,48,20,28
0,110,52,58,55,26,29,55,26,29,60,30,30,48,20,28
2,110,46,64,53,22,31,57,24,33,50,22,28,60,24,36
2,120,44,76,66,22,44,54,22,32,46,20,26,74,24,50
3,98,34,64,45,18,27,53,16,37,54,18,36,40,12,28
3,124,54,70,70,30,40,53,24,29,67,29,38,57,25,32
1,108,22,86,40,10,30,54,12,42,41,11,30,66,10,56
0,98,42,56,48,20,28,50,22,28,56,28,28,42,14,28
2,112,42,70,55,20,35,57,22,35,46,18,28,66,24,42
1,118,28,90,50,14,36,60,14,46,49,15,34,69,13,56
4,266,120,146,110,52,58,145,68,77,141,65,76,124,54,70
4,110,50,60,51,24,27,57,26,31,62,32,30,48,18,30
1,96,26,70,38,10,28,51,16,35,43,15,28,53,11,42
4,122,58,64,60,28,32,62,30,32,52,22,30,70,36,34
1,122,30,92,62,16,46,57,14,43,54,18,36,68,12,56
4,104,46,58,51,22,29,53,24,29,51,21,30,53,25,28
4,116,48,68,59,24,35,57,24,33,49,19,30,66,28,38
4,144,48,96,66,22,44,78,26,52,51,21,30,91,25,66
2,158,50,108,85,26,59,73,24,49,55,21,34,102,28,74
0,122,52,70,60,26,34,62,26,36,78,36,42,44,16,28
0,104,46,58,53,24,29,51,22,29,59,29,30,45,17,28
0,106,48,58,53,24,29,53,24,29,59,29,30,47,19,28
4,100,40,60,47,18,29,52,22,30,53,21,32,47,19,28
2,144,54,90,77,30,47,66,24,42,65,25,40,76,26,50
4,120,48,72,54,22,32,66,26,40,53,23,30,66,24,42
4,110,40,70,54,20,34,54,20,34,68,26,42,42,14,28
2,164,48,116,81,22,59,83,26,57,71,25,46,93,23,70
0,104,48,56,52,24,28,52,24,28,60,32,28,44,16,28
3,92,36,56,44,16,28,48,20,28,44,16,28,48,20,28
2,112,48,64,58,24,34,54,24,30,51,23,28,61,25,36
3,96,38,58,47,18,29,49,20,29,54,24,30,42,14,28
2,112,44,68,60,22,38,52,22,30,49,21,28,63,23,40
1,108,22,86,38,10,28,55,12,43,44,14,30,64,8,56
1,128,32,96,58,16,42,60,16,44,57,17,40,71,15,56
2,114,56,58,59,28,31,55,28,27,46,22,24,66,32,34
3,96,36,60,54,22,32,42,14,28,45,15,30,46,16,30
0,90,30,60,44,14,30,45,16,29,43,13,30,46,16,30
2,116,54,62,52,24,28,64,30,34,51,23,28,63,29,34
4,160,76,84,83,42,41,75,34,41,107,49,58,48,22,26
3,124,52,72,54,22,32,70,30,40,58,24,34,65,27,38
3,162,70,92,75,32,43,84,38,46,77,33,44,82,34,48
1,112,26,86,45,12,33,57,14,43,45,15,30,66,10,56
3,88,34,54,45,18,27,43,16,27,42,16,26,46,18,28
0,98,42,56,48,20,28,50,22,28,57,29,28,41,13,28
3,220,104,116,106,52,54,106,52,54,92,44,48,126,58,68
2,142,48,94,71,24,47,71,24,47,60,22,38,82,26,56
3,116,44,72,59,22,37,57,22,35,65,21,44,45,17,28
4,256,112,144,120,54,66,128,58,70,98,56,42,155,53,102
1,122,28,94,56,16,40,59,12,47,52,14,38,70,14,56
2,300,178,122,158,90,68,142,88,54,167,105,62,122,62,60
1,118,26,92,52,12,40,60,14,46,52,16,36,66,10,56
3,98,40,58,49,20,29,49,20,29,44,14,30,53,25,28
4,124,50,74,64,26,38,60,24,36,57,23,34,65,25,40
1,184,64,120,75,30,45,93,34,59,91,35,56,91,27,64
2,112,42,70,56,22,34,56,20,36,50,20,30,62,22,40
1,118,24,94,48,12,36,59,12,47,51,13,38,66,10,56
1,124,30,94,46,12,34,68,18,50,53,13,40,71,17,54
3,128,50,78,63,24,39,65,26,39,80,30,50,44,16,28
2,116,44,72,58,22,36,58,22,36,48,20,28,67,23,44
4,120,58,62,60,30,30,58,28,30,73,39,34,46,18,28
0,114,50,64,52,22,30,62,28,34,68,34,34,45,15,30
3,108,44,64,53,22,31,55,22,33,53,19,34,54,24,30
3,88,30,58,43,14,29,45,16,29,45,15,30,43,15,28
4,114,52,62,57,26,31,57,26,31,56,26,30,58,26,32
1,138,34,104,48,12,36,73,22,51,63,19,44,74,14,60
0,96,38,58,47,18,29,49,20,29,53,23,30,43,15,28
4,114,52,62,55,24,31,59,28,31,62,26,36,49,23,26
1,120,24,96,50,10,40,62,14,48,54,14,40,66,10,56
4,114,52,62,56,26,30,58,26,32,50,22,28,63,29,34
4,98,42,56,48,20,28,50,22,28,56,28,28,42,14,28
3,90,34,56,44,16,28,46,18,28,45,17,28,45,17,28
2,112,50,62,54,24,30,58,26,32,54,24,30,57,25,32
3,90,22,68,39,10,29,46,12,34,41,11,30,49,11,38
2,112,42,70,55,20,35,57,22,35,49,21,28,63,21,42
0,112,52,60,55,26,29,57,26,31,64,32,32,48,20,28
0,158,70,88,83,38,45,75,32,43,64,34,30,92,34,58
1,76,20,56,37,10,27,38,10,28,38,12,26,38,8,30
2,170,50,120,82,24,58,88,26,62,60,24,36,110,26,84
2,110,42,68,56,20,36,54,22,32,47,19,28,62,22,40
0,108,52,56,52,24,28,56,28,28,62,34,28,46,18,28
1,80,24,56,40,12,28,40,12,28,41,13,28,39,11,28
4,140,48,92,66,22,44,74,26,48,53,23,30,86,24,62
3,124,36,88,61,18,43,63,18,45,68,20,48,55,15,40
1,118,28,90,54,16,38,56,12,44,49,15,34,69,13,56
1,132,34,98,66,16,50,66,18,48,50,18,32,82,16,66
0,108,52,56,54,26,28,54,26,28,60,32,28,48,20,28
1,106,28,78,42,14,28,53,14,39,43,15,28,63,13,50
4,114,50,64,56,24,32,58,26,32,51,23,28,62,26,36
1,122,28,94,60,16,44,59,12,47,52,14,38,69,13,56
1,118,26,92,51,12,39,60,14,46,51,15,36,66,10,56
0,110,52,58,54,24,30,56,28,28,66,34,32,44,18,26
3,98,38,60,48,18,30,50,20,30,53,21,32,45,17,28
2,112,44,68,53,22,31,59,22,37,50,22,28,62,22,40
4,126,48,78,68,24,44,58,24,34,48,20,28,78,28,50
3,102,42,60,51,22,29,50,20,30,48,18,30,54,24,30
1,120,30,90,46,12,34,66,18,48,49,13,36,71,17,54
4,132,50,82,68,24,44,64,26,38,50,22,28,82,28,54
3,98,34,64,47,16,31,50,18,32,49,15,34,49,19,30
1,114,22,92,38,10,28,58,12,46,50,14,36,62,6,56
1,116,26,90,40,12,28,59,14,45,48,14,34,68,12,56
4,102,44,58,50,22,28,52,22,30,50,20,30,51,23,28
0,102,44,58,50,20,30,52,24,28,57,27,30,44,16,28
0,102,46,56,48,20,28,54,26,28,58,30,28,44,16,28
0,104,48,56,50,22,28,54,26,28,59,31,28,43,15,28
2,96,38,58,46,18,28,49,20,29,47,19,28,49,19,30
3,104,40,64,50,20,30,53,20,33,58,22,36,45,17,28
0,96,38,58,47,18,29,49,20,29,46,16,30,50,22,28
1,106,20,86,50,10,40,53,10,43,41,11,30,65,9,56
4,106,50,56,52,24,28,54,26,28,51,23,28,55,27,28
2,228,100,128,100,36,64,124,64,60,122,58,64,103,39,64
2,140,60,80,72,30,42,68,30,38,64,30,34,74,28,46
4,90,34,56,48,18,30,41,16,25,43,15,28,47,19,28
3,122,36,86,51,14,37,65,22,43,72,18,54,49,17,32
4,142,48,94,59,22,37,82,26,56,83,31,52,58,16,42
2,134,46,88,66,24,42,68,22,46,59,23,36,75,23,52
3,86,24,62,42,12,30,43,12,31,46,12,34,39,11,28
1,110,24,86,43,10,33,57,14,43,42,12,30,68,12,56
4,90,36,54,45,18,27,45,18,27,44,18,26,46,18,28
1,234,80,154,116,40,76,118,40,78,116,38,78,118,42,76
2,146,46,100,73,22,51,73,24,49,51,23,28,95,23,72
0,174,64,110,88,30,58,86,34,52,81,31,50,93,33,60
2,202,88,114,104,48,56,98,40,58,79,33,46,113,45,68
3,94,38,56,46,18,28,48,20,28,44,16,28,48,20,28
0,108,52,56,54,26,28,54,26,28,62,34,28,46,18,28
3,90,26,64,43,12,31,46,14,32,48,14,34,41,11,30
2,116,46,70,64,26,38,51,20,31,58,24,34,58,22,36
0,102,46,56,50,22,28,52,24,28,59,31,28,43,15,28
2,202,72,130,83,30,53,116,42,74,66,30,36,134,40,94
3,84,26,58,41,12,29,43,14,29,47,17,30,37,9,28
3,230,108,122,105,50,55,120,58,62,110,48,62,113,53,60
2,104,44,60,52,22,30,52,22,30,50,22,28,54,22,32
2,120,48,72,63,24,39,57,24,33,58,22,36,62,26,36
3,100,42,58,52,22,30,48,20,28,50,20,30,49,21,28
4,98,42,56,48,20,28,50,22,28,57,29,28,41,13,28
3,180,66,114,78,26,52,99,40,59,86,34,52,93,31,62
0,102,38,64,51,18,33,51,20,31,52,22,30,49,15,34
2,122,48,74,64,24,40,58,24,34,52,24,28,70,24,46
1,118,24,94,46,12,34,59,12,47,50,12,38,66,10,56
4,104,40,64,32,14,18,71,26,45,57,21,36,40,12,28
3,136,62,74,53,24,29,80,38,42,76,36,40,58,24,34
0,106,48,58,55,26,29,51,22,29,59,29,30,47,19,28
4,130,58,72,67,30,37,62,28,34,53,23,30,77,35,42
2,132,48,84,67,24,43,65,24,41,49,21,28,83,27,56
2,122,48,74,61,24,37,60,24,36,60,26,34,62,22,40
4,200,84,116,84,34,50,112,50,62,95,41,54,102,40,62
1,124,42,82,60,20,40,62,22,40,48,20,28,75,21,54
1,116,22,94,50,10,40,59,12,47,51,13,38,64,8,56
4,102,46,56,50,22,28,52,24,28,49,21,28,53,25,28
2,138,44,94,65,20,45,73,24,49,53,21,32,85,23,62
2,146,44,102,70,22,48,76,22,54,51,21,30,95,23,72
0,98,44,54,47,20,27,51,24,27,54,28,26,43,15,28
2,120,44,76,60,24,36,58,20,38,65,25,40,55,19,36
4,134,66,68,64,30,34,68,36,32,72,34,38,61,31,30
3,78,22,56,36,10,26,41,12,29,40,12,28,38,10,28
2,150,48,102,79,24,55,71,24,47,55,21,34,95,27,68
1,124,30,94,59,16,43,61,14,47,52,14,38,72,16,56
1,128,42,86,52,22,30,64,20,44,49,17,32,77,23,54
4,122,68,54,62,34,28,60,34,26,67,37,30,54,30,24
3,86,30,56,42,14,28,44,16,28,43,15,28,43,15,28
3,86,22,64,40,10,30,44,12,32,49,13,36,37,9,28
1,100,22,78,43,12,31,49,10,39,38,10,28,61,11,50
3,102,44,58,50,22,28,52,22,30,62,32,30,40,12,28
0,116,56,60,54,26,28,62,30,32,71,39,32,44,16,28
1,92,18,74,38,8,30,47,10,37,43,9,34,49,9,40
2,114,46,68,56,22,34,58,24,34,51,21,30,63,25,38
1,120,24,96,47,12,35,60,12,48,52,12,40,68,12,56
2,106,40,66,52,20,32,54,20,34,50,20,30,56,20,36
2,124,42,82,61,20,41,63,22,41,48,20,28,76,22,54
0,102,46,56,50,22,28,52,24,28,59,31,28,43,15,28
3,132,46,86,65,24,41,66,22,44,66,22,44,62,20,42
0,114,54,60,54,24,30,60,30,30,67,35,32,47,19,28
3,94,30,64,47,14,33,47,16,31,53,17,36,41,13,28
1,118,30,88,40,12,28,62,18,44,48,16,32,70,14,56
2,108,46,62,53,22,31,55,24,31,49,21,28,58,24,34
4,100,44,56,50,22,28,50,22,28,60,32,28,40,12,28
4,114,48,66,62,24,38,52,24,28,55,23,32,59,25,34
3,110,50,60,55,26,29,54,24,30,64,32,32,44,16,28
0,100,44,56,50,22,28,50,22,28,58,30,28,42,14,28
4,118,42,76,58,20,38,60,22,38,48,18,30,70,24,46
2,110,40,70,54,20,34,56,20,36,48,20,28,62,20,42
2,106,40,66,55,20,35,51,20,31,47,19,28,58,20,38
3,104,44,60,48,20,28,56,24,32,57,25,32,47,19,28
2,110,42,68,54,20,34,56,22,34,47,19,28,63,23,40
1,116,22,94,43,10,33,59,12,47,52,14,38,64,8,56
0,94,40,54,47,20,27,47,20,27,53,27,26,41,13,28
4,190,90,100,94,46,48,91,44,47,111,55,56,74,30,44
0,92,36,56,46,18,28,46,18,28,47,19,28,45,17,28
1,118,24,94,38,10,28,61,14,47,52,14,38,66,10,56
4,138,48,90,71,24,47,67,24,43,49,21,28,89,27,62
2,118,48,70,58,24,34,58,24,34,66,28,38,51,19,32
4,112,44,68,56,22,34,56,22,34,50,20,30,62,24,38
2,160,44,116,81,22,59,79,22,57,58,24,34,102,20,82
3,122,56,66,61,28,33,61,28,33,65,31,34,55,23,32
1,112,22,90,38,10,28,57,12,45,46,12,34,66,10,56
2,138,46,92,72,22,50,66,24,42,47,21,26,91,25,66
3,80,24,56,40,12,28,40,12,28,41,13,28,39,11,28
2,128,56,72,66,28,38,62,28,34,71,33,38,57,23,34
0,128,62,66,67,32,35,61,30,31,84,46,38,44,16,28
0,136,66,70,58,28,30,78,38,40,79,43,36,55,21,34
1,116,24,92,40,12,28,58,12,46,50,14,36,66,10,56
3,114,42,72,56,20,36,58,22,36,61,19,42,51,21,30
2,150,48,102,67,22,45,83,26,57,56,24,32,93,23,70
1,106,24,82,38,10,28,55,14,41,45,15,30,60,8,52
2,126,50,76,59,22,37,66,28,38,65,27,38,60,22,38
0,244,112,132,128,56,72,113,56,57,108,40,68,131,67,64
3,114,42,72,58,20,38,56,22,34,61,21,40,53,21,32
4,112,46,66,55,22,33,57,24,33,47,19,28,65,27,38
2,126,42,84,69,22,47,56,20,36,50,22,28,76,20,56
4,100,44,56,50,22,28,50,22,28,58,30,28,42,14,28
1,118,24,94,48,12,36,59,12,47,50,12,38,68,12,56
1,112,28,84,56,14,42,53,14,39,41,13,28,70,14,56
1,106,26,80,41,12,29,54,14,40,38,10,28,66,14,52
1,118,26,92,57,14,43,56,12,44,51,15,36,67,11,56
0,90,28,62,47,14,33,43,14,29,47,13,34,43,15,28
2,136,48,88,65,24,41,71,24,47,52,24,28,84,24,60
0,116,52,64,62,28,34,54,24,30,70,34,36,45,17,28
3,92,34,58,45,16,29,47,18,29,48,18,30,43,15,28
3,88,32,56,44,16,28,44,16,28,42,14,28,46,18,28
1,112,24,88,47,10,37,58,14,44,44,12,32,67,11,56
0,108,52,56,54,26,28,54,26,28,59,31,28,49,21,28
3,88,30,58,43,14,29,45,16,29,51,21,30,37,9,28
0,216,76,140,107,38,69,108,38,70,106,50,56,109,25,84
3,98,32,66,42,14,28,55,18,37,53,17,36,42,12,30
1,98,24,74,38,10,28,51,14,37,41,13,28,56,10,46
3,94,34,60,47,16,31,47,18,29,45,15,30,49,19,30
1,106,24,82,38,10,28,55,14,41,47,15,32,59,9,50
4,150,50,100,74,24,50,75,26,49,62,24,38,87,25,62
2,174,54,120,84,26,58,90,28,62,63,25,38,111,29,82
3,94,36,58,45,16,29,49,20,29,53,23,30,41,13,28
1,116,24,92,44,12,32,58,12,46,50,14,36,66,10,56
1,142,46,96,58,18,40,74,28,46,61,23,38,80,22,58
3,82,24,58,41,12,29,41,12,29,43,13,30,39,11,28
3,92,32,60,47,16,31,45,16,29,46,16,30,46,16,30
3,84,30,54,41,14,27,43,16,27,40,14,26,44,16,28
1,112,24,88,38,10,28,58,14,44,47,13,34,64,10,54
0,106,50,56,52,24,28,54,26,28,62,34,28,44,16,28
0,108,52,56,54,26,28,54,26,28,62,32,30,46,20,26
3,124,52,72,57,24,33,64,28,36,62,28,34,60,22,38
2,120,40,80,62,20,42,58,20,38,48,20,28,72,20,52
0,110,50,60,54,24,30,56,26,30,63,31,32,47,19,28
0,100,42,58,49,20,29,51,22,29,55,25,30,45,17,28
4,144,48,96,69,24,45,73,24,49,58,22,36,86,26,60
4,110,44,66,52,20,32,58,24,34,47,19,28,62,24,38
1,112,22,90,39,10,29,57,12,45,47,13,34,65,9,56
3,128,56,72,65,28,37,60,28,32,90,46,44,38,10,28
2,128,54,74,64,28,36,63,26,37,52,22,30,75,31,44
2,102,40,62,51,20,31,51,20,31,48,20,28,54,20,34
4,212,90,122,101,44,57,111,46,65,102,50,52,109,39,70
0,132,54,78,67,26,41,64,28,36,70,28,42,62,26,36
1,120,30,90,59,14,45,60,16,44,48,14,34,72,16,56
0,102,46,56,50,22,28,52,24,28,59,31,28,43,15,28
2,114,52,62,56,26,30,58,26,32,50,22,28,64,30,34
3,166,70,96,75,32,43,89,38,51,67,31,36,98,38,60
4,138,48,90,72,22,50,66,26,40,61,25,36,77,23,54
1,112,24,88,48,12,36,56,12,44,44,12,32,68,12,56
4,110,44,66,55,22,33,55,22,33,46,20,26,64,24,40
0,98,30,68,47,14,33,51,16,35,47,13,34,51,17,34
3,94,36,58,47,18,29,47,18,29,46,18,28,48,18,30
2,158,58,100,74,28,46,83,30,53,75,27,48,82,30,52
2,104,42,62,51,20,31,53,22,31,47,19,28,57,23,34
4,96,40,56,48,20,28,48,20,28,55,27,28,41,13,28
4,116,56,60,58,28,30,58,28,30,55,23,32,61,33,28
3,94,38,56,46,18,28,48,20,28,45,17,28,49,21,28
1,98,30,68,38,10,28,54,20,34,41,13,28,57,17,40
4,120,48,72,59,24,35,61,24,37,55,21,34,65,27,38
1,118,26,92,38,10,28,62,16,46,48,12,36,69,13,56
2,132,48,84,69,24,45,63,24,39,49,21,28,83,27,56
4,110,52,58,55,26,29,55,26,29,52,22,30,58,30,28
1,114,22,92,38,10,28,58,12,46,49,13,36,65,9,56
2,116,42,74,58,20,38,58,22,36,48,20,28,68,22,46
0,112,54,58,54,26,28,57,28,29,56,26,30,47,19,28
4,112,50,62,55,24,31,57,26,31,56,24,32,56,26,30
0,118,58,60,60,28,32,58,30,28,53,25,28,65,33,32
3,84,28,56,42,14,28,42,14,28,44,16,28,39,11,28
0,102,46,56,50,22,28,52,24,28,61,33,28,41,13,28
2,152,56,96,74,26,48,75,30,45,63,29,34,89,27,62
2,198,94,104,90,42,48,105,52,53,81,37,44,112,52,60
0,104,48,56,52,24,28,52,24,28,61,33,28,43,15,28
2,112,48,64,55,22,33,57,26,31,51,21,30,59,25,34
1,110,22,88,55,12,43,54,10,44,45,13,32,64,8,56
2,144,46,98,72,24,48,72,22,50,50,22,28,94,24,70
4,98,38,60,49,20,29,49,18,31,51,19,32,47,19,28
4,126,38,88,62,18,44,64,20,44,47,19,28,79,19,60
0,110,54,56,54,26,28,56,28,28,62,34,28,48,20,28
2,148,50,98,75,26,49,73,24,49,66,26,40,82,24,58
1,120,26,94,43,12,31,61,14,47,51,13,38,68,12,56
4,112,46,66,55,22,33,57,24,33,61,23,38,50,22,28
0,108,50,58,53,24,29,55,26,29,61,31,30,47,19,28
4,106,44,62,53,22,31,53,22,31,48,20,28,57,23,34
3,80,24,56,40,12,28,40,12,28,39,11,28,41,13,28
4,116,40,76,60,20,40,56,20,36,48,20,28,68,20,48
4,98,38,60,48,18,30,50,20,30,50,18,32,48,20,28
4,114,50,64,56,24,32,58,26,32,51,23,28,63,27,36
3,88,32,56,45,16,29,43,16,27,44,16,28,44,16,28
4,142,70,72,72,36,36,69,34,35,93,49,44,48,20,28
2,124,38,86,59,18,41,64,20,44,47,19,28,77,19,58
1,120,24,96,38,10,28,62,14,48,55,15,40,64,8,56
1,92,26,66,38,10,28,49,16,33,41,13,28,51,13,38
1,114,24,90,40,12,28,57,12,45,46,12,34,68,12,56
3,124,54,70,60,26,34,64,28,36,68,32,36,54,20,34
2,130,42,88,71,22,49,59,20,39,48,20,28,81,21,60
0,116,60,56,55,28,27,61,32,29,59,33,26,54,24,30
4,100,46,54,49,22,27,51,24,27,52,26,26,48,20,28
1,118,26,92,53,14,39,58,12,46,50,14,36,68,12,56
0,100,42,58,48,20,28,51,22,29,58,28,30,42,14,28
2,206,72,134,91,26,65,115,46,69,81,33,48,124,38,86
4,122,54,68,58,26,32,62,28,34,68,32,36,54,22,32
4,108,50,58,53,24,29,55,26,29,54,24,30,54,26,28
0,106,48,58,53,24,29,53,24,29,64,34,30,42,14,28
3,122,52,70,55,22,33,65,30,35,75,33,42,47,19,28
2,120,46,74,62,22,40,58,24,34,50,22,28,70,24,46
1,122,40,82,61,20,41,61,20,41,50,20,30,72,20,52
2,100,40,60,51,20,31,49,20,29,47,19,28,53,21,32
3,110,40,70,55,20,35,55,20,35,60,20,40,50,20,30
4,98,38,60,48,18,30,50,20,30,45,17,28,53,21,32
0,176,84,92,78,38,40,97,46,51,107,49,58,69,35,34
3,76,16,60,38,8,30,37,8,29,40,8,32,36,8,28
3,92,30,62,45,14,31,47,16,31,48,14,34,44,16,28
3,96,32,64,45,14,31,51,18,33,43,13,30,52,18,34
3,92,26,66,44,12,32,47,14,33,53,15,38,39,11,28
2,154,60,94,77,28,49,77,32,45,55,25,30,97,33,64
2,122,48,74,64,24,40,58,24,34,50,22,28,72,26,46
4,104,42,62,56,22,34,48,20,28,46,18,28,57,23,34
3,110,34,76,54,16,38,56,18,38,63,19,44,47,15,32
1,114,26,88,51,12,39,59,14,45,45,13,32,68,12,56
0,108,46,62,53,22,31,55,24,31,65,31,34,43,15,28
3,98,34,64,48,16,32,50,18,32,50,14,36,48,20,28
3,90,26,64,41,12,29,49,14,35,50,14,36,39,11,28
0,104,48,56,52,24,28,52,24,28,50,22,28,54,26,28
2,134,42,92,65,20,45,69,22,47,49,19,30,84,22,62
1,92,22,70,39,10,29,47,12,35,46,12,34,46,10,36
3,78,20,58,39,10,29,39,10,29,41,11,30,37,9,28
2,170,48,122,83,22,61,87,26,61,68,24,44,102,24,78
0,122,54,68,60,26,34,62,28,34,73,35,38,46,16,30
3,76,18,58,36,8,28,39,10,29,41,11,30,35,7,28
3,90,32,58,45,16,29,45,16,29,44,14,30,46,18,28
2,106,40,66,49,18,31,57,22,35,47,19,28,59,21,38
1,124,34,90,57,18,39,62,16,46,50,16,34,74,18,56
3,166,34,132,80,18,62,84,16,68,49,15,34,116,18,98
3,114,48,66,55,22,33,59,26,33,66,30,36,47,17,30
4,112,44,68,55,22,33,57,22,35,47,19,28,65,25,40
3,90,32,58,45,16,29,45,16,29,48,18,30,41,13,28
1,114,22,92,38,10,28,58,12,46,50,14,36,64,8,56
4,102,46,56,50,22,28,52,24,28,58,30,28,43,15,28
1,112,20,92,56,10,46,44,10,34,49,13,36,63,7,56
3,84,28,56,42,14,28,42,14,28,40,12,28,44,16,28
0,114,56,58,57,28,29,57,28,29,68,38,30,46,18,28
4,108,40,68,54,20,34,54,20,34,46,18,28,60,20,40
1,128,32,96,51,14,37,66,18,48,57,17,40,71,15,56
3,108,42,66,53,20,33,55,22,33,48,18,30,60,24,36
2,118,56,62,57,28,29,61,28,33,69,35,34,49,21,28
1,112,32,80,54,14,40,48,18,30,40,12,28,71,19,52
0,104,46,58,53,24,29,51,22,29,61,31,30,43,15,28
4,118,52,66,62,28,34,56,24,32,60,22,38,56,28,28
1,122,26,96,54,14,40,60,12,48,56,16,40,66,10,56
4,116,42,74,60,20,40,56,22,34,47,19,28,69,23,46
3,88,30,58,41,14,27,45,16,29,45,15,30,42,14,28
3,104,44,60,52,22,30,52,22,30,58,26,32,46,18,28
1,114,24,90,38,10,28,59,14,45,48,14,34,66,10,56
3,88,26,62,43,12,31,45,14,31,45,11,34,43,15,28
0,120,56,64,63,32,31,55,24,31,63,31,32,51,19,32
1,116,22,94,40,10,30,59,12,47,52,14,38,64,8,56
0,108,48,60,53,24,29,55,24,31,65,33,32,43,15,28
2,118,44,74,66,24,42,52,20,32,52,22,30,66,22,44
0,160,64,96,87,30,57,73,34,39,80,32,48,78,30,48
0,104,46,58,49,20,29,55,26,29,52,22,30,52,24,28
1,104,28,76,46,12,34,56,16,40,44,14,30,60,14,46
2,102,40,62,46,18,28,56,22,34,47,19,28,55,21,34
4,124,46,78,62,24,38,62,22,40,50,22,28,74,24,50
3,86,22,64,42,10,32,44,12,32,49,13,36,37,9,28
4,118,56,62,56,26,30,61,30,31,62,30,32,54,24,30
4,118,46,72,59,22,37,58,24,34,69,25,44,49,21,28
4,142,50,92,70,24,46,72,26,46,50,22,28,91,27,64
0,102,46,56,50,22,28,52,24,28,53,25,28,49,21,28
0,112,52,60,56,26,30,56,26,30,65,33,32,47,19,28
4,132,64,68,68,32,36,64,32,32,81,41,40,50,22,28
2,180,74,106,82,36,46,94,38,56,94,40,54,84,32,52
4,104,46,58,50,22,28,54,24,30,59,29,30,44,16,28
4,170,90,80,82,44,38,87,46,41,94,50,44,72,36,36
0,130,66,64,64,32,32,66,34,32,77,43,34,53,23,30
0,102,44,58,51,22,29,51,22,29,60,30,30,42,14,28
0,104,44,60,53,22,31,51,22,29,62,30,32,42,14,28
3,108,42,66,51,20,31,56,22,34,56,20,36,50,20,30
2,160,52,108,80,24,56,80,28,52,71,23,48,89,29,60
4,98,42,56,48,20,28,50,22,28,57,29,28,40,12,28
1,116,26,90,57,12,45,57,14,43,48,14,34,68,12,56
2,114,38,76,55,18,37,59,20,39,47,19,28,67,19,48
0,102,44,58,48,20,28,54,24,30,61,31,30,41,13,28
2,146,48,98,70,24,46,76,24,52,68,24,44,76,22,54
3,182,80,102,96,42,54,84,38,46,110,52,58,71,27,44
2,98,42,56,48,20,28,50,22,28,46,18,28,52,24,28
3,168,56,112,62,20,42,101,36,65,71,25,46,95,29,66
1,118,26,92,48,12,36,60,14,46,50,14,36,68,12,56
2,118,46,72,59,24,35,59,22,37,50,22,28,68,24,44
3,88,30,58,41,14,27,47,16,31,41,13,28,46,16,30
4,132,54,78,64,26,38,68,28,40,59,27,32,73,27,46
0,104,50,54,53,26,27,51,24,27,60,32,28,44,18,26
2,124,44,80,64,22,42,60,22,38,50,22,28,74,22,52
1,102,24,78,51,12,39,42,12,30,41,13,28,61,11,50
1,110,26,84,36,8,28,60,18,42,38,10,28,70,14,56
4,110,48,62,53,22,31,56,26,30,66,32,34,44,16,28
1,110,20,90,49,10,39,55,10,45,46,12,34,63,7,56
4,164,92,72,66,36,30,96,56,40,88,48,40,65,33,32
1,100,28,72,46,14,32,48,14,34,45,15,30,55,13,42
3,92,36,56,46,18,28,46,18,28,46,18,28,46,18,28
0,98,42,56,48,20,28,50,22,28,55,27,28,43,15,28
2,108,42,66,53,20,33,55,22,33,49,21,28,59,21,38
2,118,50,68,65,30,35,52,20,32,70,32,38,48,18,30
4,100,38,62,44,16,28,52,22,30,47,19,28,53,19,34
1,110,36,74,44,16,28,65,20,45,43,13,30,66,22,44
2,162,52,110,76,26,50,85,26,59,62,24,38,100,28,72
0,100,44,56,50,22,28,50,22,28,58,30,28,42,14,28
0,98,44,54,49,22,27,49,22,27,57,31,26,41,13,28
3,100,40,60,51,20,31,49,20,29,48,18,30,52,22,30
2,130,46,84,60,22,38,69,24,45,60,22,38,69,23,46
0,158,76,82,82,40,42,76,36,40,85,41,44,71,33,38
1,118,24,94,44,12,32,59,12,47,51,13,38,67,11,56
1,118,30,88,56,16,40,58,14,44,48,16,32,69,13,56
2,118,44,74,56,20,36,62,24,38,59,21,38,57,21,36
4,120,40,80,60,20,40,60,20,40,50,20,30,70,20,50
1,118,24,94,46,12,34,59,12,47,51,13,38,66,10,56
4,108,48,60,54,24,30,54,24,30,57,25,32,49,21,28
1,116,22,94,59,12,47,51,10,41,50,12,38,65,9,56
1,114,22,92,56,10,46,51,12,39,49,13,36,65,9,56
2,110,44,66,55,22,33,55,22,33,48,20,28,62,24,38
1,76,20,56,38,10,28,38,10,28,41,13,28,35,7,28
3,86,22,64,43,12,31,42,10,32,48,12,36,38,10,28
4,116,52,64,56,24,32,60,28,32,54,26,28,62,26,36
0,96,42,54,47,20,27,49,22,27,55,29,26,41,13,28
4,114,50,64,55,24,31,59,26,33,53,23,30,61,27,34
2,164,54,110,80,28,52,84,26,58,68,24,44,95,29,66
1,114,24,90,57,12,45,54,12,42,48,14,34,64,8,56
0,100,44,56,50,22,28,50,22,28,59,31,28,41,13,28
2,108,54,54,53,26,27,55,28,27,51,25,26,57,29,28
3,88,30,58,43,14,29,45,16,29,47,17,30,39,11,28
0,116,58,58,57,28,29,59,30,29,61,31,30,55,27,28
1,120,28,92,53,12,41,62,16,46,53,17,36,67,11,56
4,100,44,56,48,20,28,52,24,28,57,29,28,43,15,28
0,98,42,56,48,20,28,50,22,28,57,29,28,41,13,28
4,110,44,66,53,22,31,57,22,35,48,20,28,62,24,38
4,112,44,68,56,22,34,56,22,34,48,20,28,64,24,40
2,96,38,58,47,18,29,49,20,29,49,19,30,47,19,28
1,116,28,88,44,14,30,57,14,43,50,18,32,66,10,56
0,100,56,44,50,28,22,50,28,22,50,28,22,50,28,22
4,124,46,78,62,24,38,62,22,40,50,20,30,71,23,48
4,152,60,92,57,26,31,82,34,48,83,31,52,60,20,40
2,104,44,60,53,22,31,51,22,29,49,21,28,54,22,32
2,122,42,80,45,18,27,76,24,52,56,20,36,65,21,44
4,104,42,62,52,20,32,52,22,30,48,20,28,56,22,34
4,112,48,64,58,26,32,54,22,32,50,22,28,61,25,36
1,94,22,72,37,10,27,49,12,37,39,11,28,55,11,44
0,110,50,60,61,28,33,49,22,27,67,35,32,43,15,28
2,124,50,74,55,22,33,68,28,40,66,28,38,58,22,36
1,104,24,80,40,12,28,52,12,40,39,11,28,65,13,52
1,110,20,90,55,10,45,38,10,28,47,13,34,63,7,56
1,110,34,76,42,14,28,58,20,38,43,15,28,66,18,48
2,116,38,78,56,18,38,59,20,39,47,19,28,69,19,50
3,90,26,64,46,14,32,43,12,31,48,12,36,42,14,28
2,140,42,98,74,22,52,66,20,46,52,20,32,87,21,66
0,106,48,58,51,22,29,55,26,29,62,32,30,44,16,28
4,128,46,82,64,22,42,64,24,40,48,20,28,80,26,54
3,114,58,56,56,28,28,58,30,28,49,25,24,64,32,32
3,88,30,58,42,14,28,45,16,29,47,17,30,40,12,28
3,92,34,58,47,18,29,45,16,29,45,15,30,47,19,28
2,110,42,68,54,20,34,56,22,34,51,21,30,59,21,38
4,110,52,58,55,26,29,55,26,29,52,22,30,58,30,28
4,148,46,102,74,22,52,74,24,50,49,21,28,99,25,74
1,124,28,96,54,14,40,62,14,48,56,16,40,68,12,56
0,110,52,58,52,24,28,57,28,29,66,36,30,44,16,28
2,94,36,58,47,18,29,47,18,29,46,18,28,48,18,30
1,112,24,88,55,12,43,54,12,42,47,15,32,65,9,56
4,228,80,148,114,40,74,111,40,71,130,50,80,98,30,68
1,112,22,90,45,12,33,55,10,45,46,12,34,66,10,56
1,110,22,88,54,10,44,45,12,33,43,11,32,67,11,56
0,150,56,94,73,26,47,77,30,47,64,26,38,86,30,56
4,128,42,86,70,22,48,58,20,38,48,20,28,80,22,58
4,122,58,64,56,26,30,65,32,33,70,34,36,50,22,28
3,90,32,58,44,16,28,46,16,30,43,15,28,46,16,30
1,126,42,84,61,20,41,64,22,42,52,22,30,74,20,54
3,106,30,76,52,14,38,54,16,38,63,17,46,43,13,30
4,112,50,62,59,28,31,53,22,31,54,24,30,57,25,32
4,110,44,66,56,22,34,54,22,32,53,23,30,57,21,36
3,98,38,60,48,18,30,50,20,30,52,22,30,46,16,30
0,156,70,86,81,36,45,72,34,38,103,49,54,51,19,32
1,102,22,80,50,10,40,47,12,35,38,10,28,64,12,52
3,88,32,56,44,16,28,44,16,28,49,21,28,39,11,28
2,94,34,60,45,16,29,49,18,31,45,17,28,49,17,32
4,176,72,104,80,32,48,96,40,56,84,34,50,90,36,54
2,142,46,96,71,22,49,71,24,47,51,21,30,88,22,66
3,82,24,58,39,10,29,43,14,29,44,14,30,38,10,28
4,94,40,54,47,20,27,47,20,27,44,18,26,50,22,28
3,100,38,62,47,16,31,53,22,31,60,26,34,39,11,28
2,132,60,72,66,32,34,64,28,36,72,36,36,59,23,36
1,104,34,70,49,16,33,51,18,33,44,16,28,60,18,42
2,112,44,68,58,24,34,54,20,34,48,20,28,64,24,40
4,150,42,108,76,20,56,74,22,52,48,20,28,101,21,80
2,104,40,64,51,20,31,53,20,33,48,20,28,56,20,36
4,106,44,62,54,22,32,52,22,30,48,20,28,58,24,34
2,124,48,76,57,20,37,67,28,39,61,27,34,63,21,42
1,120,28,92,41,12,29,67,16,51,48,12,36,72,16,56
4,94,34,60,46,16,30,48,18,30,45,17,28,49,17,32
3,90,34,56,44,16,28,46,18,28,45,17,28,45,17,28
4,98,42,56,48,20,28,50,22,28,57,29,28,41,13,28
4,108,48,60,55,26,29,52,22,30,48,20,28,60,28,32
4,94,38,56,46,18,28,48,20,28,51,23,28,43,15,28
4,108,46,62,52,22,30,56,24,32,53,23,30,54,22,32
4,102,42,60,50,20,30,52,22,30,47,19,28,55,23,32
2,100,38,62,49,18,31,51,20,31,47,19,28,53,19,34
1,110,26,84,39,10,29,59,16,43,39,11,28,70,14,56
4,152,42,110,74,20,54,77,22,55,50,20,30,102,22,80
2,122,48,74,61,24,37,61,24,37,56,24,32,66,24,42
0,140,68,72,71,34,37,69,34,35,63,29,34,76,38,38
2,126,48,78,61,22,39,65,26,39,51,21,30,74,26,48
2,104,40,64,54,20,34,50,20,30,48,20,28,56,20,36
0,106,50,56,54,26,28,52,24,28,63,35,28,43,15,28
0,132,66,66,52,24,28,80,42,38,87,49,38,45,17,28
1,114,22,92,43,10,33,58,12,46,49,13,36,64,8,56
3,96,30,66,41,14,27,55,16,39,53,15,38,40,12,28
3,84,26,58,41,12,29,43,14,29,43,13,30,39,11,28
2,100,42,58,48,20,28,52,22,30,47,21,26,53,21,32
1,118,26,92,60,14,46,53,12,41,47,11,36,70,14,56
3,126,52,74,67,28,39,59,24,35,53,21,32,73,31,42
1,120,26,94,54,14,40,59,12,47,52,14,38,68,12,56
4,100,44,56,50,22,28,50,22,28,49,21,28,51,23,28
1,122,28,94,46,12,34,63,16,47,51,13,38,70,14,56
4,106,50,56,52,24,28,54,26,28,51,23,28,55,27,28
0,126,62,64,53,24,29,72,38,34,81,45,36,45,17,28
1,120,28,92,45,12,33,62,16,46,49,13,36,71,15,56
3,88,26,62,40,12,28,46,14,32,40,10,30,48,16,32
2,92,36,56,46,18,28,46,18,28,46,18,28,46,18,28
1,108,20,88,54,10,44,46,10,36,45,13,32,63,7,56
0,110,52,58,52,24,28,58,28,30,62,32,30,48,20,28
4,112,44,68,57,22,35,55,22,33,48,20,28,64,24,40
0,100,44,56,48,20,28,52,24,28,57,29,28,43,15,28
4,148,42,106,72,20,52,76,22,54,48,20,28,99,21,78
4,154,44,110,76,22,54,78,22,56,48,20,28,105,23,82
1,114,22,92,38,10,28,58,12,46,50,14,36,64,8,56
2,176,52,124,87,26,61,89,26,63,68,24,44,108,28,80
2,130,44,86,73,22,51,57,22,35,55,21,34,75,23,52
1,116,24,92,45,12,33,58,12,46,50,14,36,66,10,56
4,106,40,66,53,20,33,53,20,33,47,19,28,58,20,38
1,110,24,86,55,12,43,41,12,29,45,15,30,65,9,56
0,108,50,58,53,24,29,55,26,29,67,37,30,41,13,28
0,158,62,96,79,30,49,79,32,47,65,29,36,93,33,60
3,102,30,72,50,16,34,51,14,37,52,12,40,50,18,32
1,120,24,96,39,10,29,62,14,48,53,13,40,66,10,56
1,106,22,84,54,12,42,38,10,28,44,12,32,61,9,52
2,110,44,66,57,22,35,53,22,31,52,22,30,58,22,36
2,116,46,70,62,24,38,54,22,32,62,26,36,54,20,34
3,108,50,58,54,24,30,54,26,28,64,34,30,44,16,28
2,154,50,104,74,24,50,80,26,54,54,24,30,99,25,74
4,106,44,62,55,22,33,51,22,29,48,20,28,58,24,34
4,348,144,204,137,56,81,198,88,110,149,67,82,193,71,122
3,98,40,58,49,20,29,49,20,29,56,26,30,42,14,28
1,114,22,92,44,10,34,58,12,46,49,13,36,65,9,56
1,108,24,84,50,10,40,56,14,42,42,14,28,65,9,56
1,128,32,96,60,14,46,66,18,48,56,16,40,71,15,56
0,112,42,70,57,22,35,54,20,34,65,23,42,47,19,28
4,116,56,60,58,28,30,56,28,28,60,28,32,56,28,28
1,118,24,94,40,12,28,59,12,47,52,14,38,66,10,56
1,112,26,86,41,12,29,57,14,43,44,14,30,67,11,56
4,118,42,76,56,20,36,62,22,40,49,21,28,69,21,48
3,122,58,64,61,30,31,61,28,33,77,41,36,45,17,28
1,124,28,96,51,14,37,63,14,49,54,14,40,70,14,56
1,110,22,88,38,10,28,56,12,44,46,14,32,64,8,56
2,86,30,56,42,14,28,44,16,28,43,15,28,43,15,28
4,272,122,150,113,44,69,154,78,76,125,49,76,141,67,74
3,92,34,58,40,12,28,51,22,29,48,18,30,44,16,28
4,102,44,58,50,22,28,52,22,30,46,18,28,55,25,30
2,224,122,102,114,60,54,109,62,47,76,42,34,148,80,68
1,102,26,76,43,12,31,52,14,38,42,14,28,60,12,48
0,156,86,70,79,44,35,75,42,33,103,61,42,53,25,28
3,98,40,58,44,16,28,54,24,30,56,26,30,41,13,28
2,116,46,70,54,22,32,62,24,38,48,20,28,67,25,42
2,130,44,86,67,20,47,63,24,39,49,21,28,81,23,58
0,128,54,74,59,26,33,68,28,40,85,39,46,43,15,28
0,102,44,58,51,22,29,51,22,29,62,32,30,40,12,28
0,314,54,260,134,26,108,155,28,127,167,43,124,147,11,136
4,114,52,62,57,26,31,55,26,29,65,33,32,48,18,30
4,100,44,56,50,22,28,50,22,28,57,27,30,43,17,26
3,130,52,78,64,26,38,66,26,40,81,29,52,43,17,26
4,90,32,58,45,16,29,45,16,29,44,14,30,46,18,28
2,98,38,60,47,18,29,51,20,31,46,18,28,52,20,32
4,126,54,72,62,26,36,64,28,36,51,23,28,75,31,44
4,124,38,86,62,18,44,62,20,42,47,19,28,77,19,58
2,128,46,82,64,20,44,64,26,38,49,21,28,79,25,54
1,86,28,58,42,14,28,43,14,29,39,11,28,46,16,30
4,126,62,64,62,30,32,64,32,32,49,21,28,75,39,36
1,116,22,94,54,10,44,59,12,47,52,14,38,64,8,56
4,100,44,56,50,22,28,50,22,28,46,18,28,54,26,28
0,104,48,56,52,24,28,52,24,28,61,33,28,43,15,28
0,154,70,84,88,38,50,65,32,33,82,46,36,71,23,48
2,100,42,58,52,22,30,48,20,28,48,20,28,52,22,30
1,122,28,94,61,14,47,44,14,30,52,14,38,70,14,56
1,86,24,62,38,10,28,45,14,31,41,13,28,45,11,34
0,108,50,58,53,24,29,55,26,29,61,31,30,47,19,28
0,102,46,56,52,24,28,50,22,28,58,30,28,44,16,28
2,128,46,82,68,24,44,60,22,38,49,19,30,77,25,52
3,82,18,64,39,8,31,42,10,32,43,7,36,39,11,28
0,96,40,56,48,20,28,48,20,28,56,28,28,40,12,28
3,124,52,72,59,24,35,65,28,37,73,29,44,51,23,28
0,100,44,56,48,20,28,52,24,28,54,26,28,46,18,28
4,192,84,108,96,36,60,96,48,48,90,40,50,101,43,58
4,156,50,106,76,24,52,80,26,54,50,22,28,104,26,78
0,102,46,56,50,22,28,52,24,28,48,20,28,52,24,28
1,102,24,78,38,10,28,53,14,39,41,13,28,61,11,50
2,118,48,70,57,22,35,60,26,34,59,27,32,59,21,38
3,80,22,58,38,10,28,41,12,29,43,13,30,37,9,28
4,106,48,58,54,24,30,52,24,28,50,22,28,56,26,30
4,304,132,172,152,70,82,147,62,85,127,57,70,176,74,102
1,106,18,88,36,8,28,54,10,44,43,11,32,63,7,56
3,96,34,62,47,16,31,49,18,31,56,22,34,40,12,28
0,90,34,56,44,16,28,46,18,28,42,14,28,48,20,28
2,154,50,104,75,24,51,79,26,53,68,22,46,85,27,58
4,108,44,64,50,20,30,58,24,34,45,19,26,62,24,38
4,192,72,120,84,30,54,106,42,64,86,40,46,105,31,74
0,104,46,58,51,22,29,53,24,29,59,29,30,45,17,28
1,102,22,80,39,10,29,52,12,40,41,13,28,61,9,52
1,76,20,56,38,10,28,38,10,28,40,12,28,36,8,28
4,112,56,56,56,28,28,56,28,28,63,35,28,49,21,28
3,196,96,100,88,46,42,104,50,54,77,35,42,118,60,58
2,116,42,74,56,20,36,60,22,38,57,21,36,59,21,38
0,106,50,56,52,24,28,54,26,28,61,33,28,45,17,28
1,104,22,82,44,10,34,52,12,40,39,11,28,65,11,54
1,110,20,90,39,8,31,57,12,45,46,12,34,64,8,56
3,96,32,64,43,16,27,53,16,37,54,18,36,39,11,28
3,106,34,72,46,14,32,58,20,38,54,14,40,51,19,32
0,86,28,58,43,14,29,43,14,29,43,13,30,42,14,28
4,168,52,116,84,24,60,84,28,56,66,28,38,102,24,78
1,110,24,86,46,12,34,55,12,43,44,14,30,66,10,56
1,118,22,96,38,10,28,60,12,48,53,13,40,64,8,56
1,122,26,96,53,12,41,62,14,48,53,13,40,67,11,56
3,94,36,58,42,16,26,50,20,30,46,18,28,48,18,30
1,112,20,92,53,10,43,56,10,46,48,12,36,64,8,56
2,168,48,120,81,24,57,87,24,63,62,24,38,106,24,82
3,94,30,64,48,16,32,45,14,31,47,11,36,47,19,28
3,88,32,56,44,16,28,44,16,28,44,16,28,44,16,28
3,118,56,62,53,24,29,63,32,31,63,29,34,55,27,28
1,112,22,90,55,10,45,57,12,45,46,12,34,66,10,56
0,100,44,56,48,20,28,52,24,28,57,29,28,43,15,28
2,138,48,90,71,24,47,67,24,43,48,20,28,88,26,62
3,234,104,130,103,50,53,124,54,70,115,53,62,117,49,68
4,104,46,58,51,22,29,53,24,29,51,21,30,53,25,28
3,84,28,56,42,14,28,42,14,28,46,18,28,38,10,28
3,90,24,66,37,10,27,53,14,39,54,16,38,36,8,28
0,102,44,58,51,22,29,51,22,29,58,28,30,44,16,28
0,98,42,56,48,20,28,50,22,28,55,27,28,43,15,28
1,112,20,92,54,10,44,56,10,46,48,12,36,64,8,56
2,98,40,58,50,20,30,48,20,28,50,20,30,48,20,28
4,150,62,88,77,32,45,73,30,43,65,25,40,85,37,48
0,104,46,58,51,22,29,53,24,29,61,31,30,43,15,28
3,78,18,60,38,8,30,40,10,30,41,9,32,37,9,28
0,152,76,76,72,36,36,77,40,37,78,38,40,74,38,36
4,100,38,62,49,18,31,51,20,31,45,17,28,54,20,34
0,108,54,54,55,28,27,53,26,27,63,37,26,44,16,28
3,86,28,58,43,14,29,43,14,29,44,14,30,42,14,28
4,112,56,56,55,28,27,57,28,29,60,30,30,49,23,26
1,110,24,86,55,12,43,55,12,43,44,14,30,66,10,56
3,86,28,58,40,12,28,45,16,29,45,15,30,40,12,28
1,120,36,84,57,16,41,62,20,42,45,17,28,75,19,56
0,106,48,58,51,22,29,55,26,29,62,32,30,44,16,28
3,90,32,58,42,14,28,48,18,30,50,20,30,40,12,28
0,98,42,56,50,22,28,48,20,28,55,27,28,43,15,28
1,120,28,92,53,14,39,60,14,46,51,15,36,69,13,56
3,106,38,68,52,18,34,54,20,34,58,20,38,43,13,30
3,114,46,68,58,22,36,55,24,31,63,27,36,51,19,32
3,106,42,64,51,20,31,55,22,33,65,29,36,41,13,28
2,112,46,66,56,22,34,56,24,32,49,21,28,63,25,38
0,104,48,56,50,22,28,54,26,28,59,31,28,45,17,28
3,128,60,68,55,26,29,70,34,36,72,36,36,56,24,32
1,86,30,56,42,14,28,44,16,28,43,15,28,43,15,28
4,134,58,76,60,28,32,73,30,43,69,29,40,65,29,36
4,140,66,74,68,32,36,68,34,34,68,36,32,69,27,42
2,138,40,98,75,20,55,63,20,43,51,19,32,87,21,66
1,120,24,96,52,12,40,60,12,48,54,14,40,66,10,56
4,98,44,54,49,22,27,49,22,27,53,27,26,45,17,28
4,88,32,56,42,14,28,46,18,28,44,16,28,43,15,28
4,108,42,66,52,20,32,56,22,34,47,19,28,60,22,38
2,126,56,70,54,24,30,71,32,39,58,26,32,68,30,38
0,98,42,56,48,20,28,50,22,28,57,29,28,41,13,28
0,196,90,106,102,48,54,92,42,50,107,55,52,88,34,54
2,132,46,86,74,22,52,58,24,34,49,21,28,83,25,58
0,112,54,58,55,26,29,57,28,29,69,39,30,43,15,28
4,100,42,58,47,18,29,53,24,29,53,23,30,47,19,28
2,114,42,72,55,20,35,59,22,37,49,21,28,65,21,44
4,110,44,66,55,22,33,55,22,33,48,20,28,61,23,38
0,154,56,98,80,28,52,74,28,46,60,24,36,94,32,62
0,104,48,56,52,24,28,52,24,28,52,24,28,42,14,28
1,112,22,90,38,10,28,57,12,45,47,13,34,65,9,56
1,114,22,92,47,10,37,58,12,46,49,13,36,65,9,56
3,98,22,76,47,10,37,51,12,39,44,10,34,54,12,42
2,156,54,102,78,26,52,78,28,50,50,22,28,104,30,74
2,162,58,104,82,28,54,80,30,50,71,23,48,90,34,56
0,108,44,64,54,22,32,54,22,32,61,25,36,47,19,28
0,102,46,56,50,22,28,52,24,28,58,30,28,43,15,28
3,120,44,76,63,22,41,57,22,35,66,22,44,48,16,32
2,274,122,152,136,56,80,135,66,69,124,52,72,148,68,80
0,100,44,56,50,22,28,50,22,28,58,30,28,42,14,28
2,102,40,62,51,20,31,51,20,31,48,20,28,54,20,34
2,106,40,66,53,20,33,53,20,33,47,19,28,58,20,38
4,98,34,64,50,18,32,48,16,32,51,15,36,47,19,28
2,106,42,64,50,20,30,56,22,34,47,21,26,59,21,38
2,178,48,130,86,22,64,92,26,66,71,23,48,107,25,82
2,116,46,70,58,24,34,57,22,35,55,21,34,58,22,36
2,210,98,112,88,40,48,122,58,64,94,40,54,112,54,58
4,108,42,66,53,20,33,55,22,33,50,20,30,58,22,36
0,90,34,56,44,16,28,46,18,28,45,17,28,45,17,28
2,102,38,64,53,20,33,49,18,31,44,16,28,58,22,36
2,110,46,64,54,22,32,56,24,32,50,20,30,60,26,34
4,118,60,58,58,30,28,60,30,30,72,42,30,45,17,28
1,112,22,90,42,10,32,57,12,45,48,14,34,64,8,56
3,132,48,84,58,20,38,68,28,40,53,15,38,78,32,46
0,102,42,60,51,20,31,51,22,29,61,29,32,41,13,28
0,114,50,64,49,20,29,64,30,34,68,32,36,45,17,28
4,102,44,58,49,20,29,53,24,29,63,31,32,39,13,26
0,108,48,60,54,24,30,54,24,30,66,34,32,42,14,28
0,110,46,64,54,22,32,56,24,32,55,23,32,55,23,32
0,114,58,56,56,28,28,58,30,28,65,37,28,49,21,28
3,106,36,70,57,18,39,49,18,31,61,19,42,44,16,28
3,160,70,90,77,34,43,79,36,43,83,35,48,76,34,42
3,90,34,56,44,16,28,46,18,28,43,15,28,47,19,28
1,120,26,94,38,10,28,63,16,47,55,13,42,64,12,52
0,98,36,62,48,16,32,50,20,30,52,18,34,46,18,28
2,494,210,284,263,108,155,231,102,129,219,97,122,265,103,162
4,86,30,56,42,14,28,44,16,28,43,15,28,43,15,28
0,106,40,66,53,20,33,53,20,33,57,19,38,49,21,28
3,84,24,60,38,10,28,45,14,31,43,11,32,41,13,28
4,148,62,86,71,28,43,76,34,42,107,49,58,41,13,28
4,134,48,86,57,22,35,76,26,50,61,25,36,73,23,50
4,162,62,100,82,32,50,80,30,50,77,29,48,85,33,52
3,74,20,54,37,10,27,37,10,27,42,14,28,32,6,26
4,104,48,56,54,26,28,49,22,27,60,32,28,44,16,28
0,106,46,60,55,24,31,51,22,29,64,32,32,42,14,28
0,106,44,62,53,22,31,53,22,31,62,28,34,44,16,28
1,114,22,92,42,10,32,58,12,46,50,14,36,64,8,56
0,108,50,58,54,24,30,54,26,28,62,32,30,45,17,28
0,106,50,56,52,24,28,54,26,28,63,35,28,43,15,28
3,86,28,58,41,12,29,45,16,29,47,17,30,39,11,28
3,92,34,58,44,16,28,47,18,29,45,15,30,46,18,28
1,112,24,88,52,12,40,56,12,44,47,15,32,65,9,56
2,108,50,58,53,24,29,54,26,28,54,24,30,54,26,28
2,154,46,108,76,22,54,78,24,54,59,23,36,95,23,72
1,112,24,88,35,8,27,61,16,45,45,11,34,67,13,54
0,96,42,54,47,20,27,49,22,27,56,28,28,40,14,26
1,114,24,90,38,10,28,59,14,45,46,12,34,66,10,56
2,174,60,114,86,30,56,88,30,58,70,24,46,103,35,68
2,122,48,74,65,24,41,57,24,33,50,22,28,72,26,46
0,122,60,62,61,30,31,61,30,31,72,38,34,50,22,28
2,220,82,138,113,42,71,97,40,57,102,46,56,117,35,82
4,104,46,58,50,22,28,54,24,30,48,20,28,55,25,30
4,90,34,56,44,16,28,46,18,28,45,17,28,45,17,28
2,132,46,86,65,22,43,67,24,43,46,18,28,84,26,58
4,158,52,106,68,22,46,90,30,60,60,24,36,97,27,70
2,158,52,106,76,24,52,81,28,53,77,23,54,81,29,52
0,124,42,82,61,20,41,63,22,41,67,21,46,56,20,36
4,100,42,58,49,20,29,51,22,29,51,21,30,49,21,28
3,92,34,58,44,16,28,48,18,30,52,22,30,40,12,28
4,126,42,84,67,22,45,59,20,39,45,19,26,81,23,58
4,116,58,58,59,28,31,57,30,27,44,22,22,70,34,36
2,104,42,62,51,20,31,53,22,31,47,21,26,57,21,36
3,94,28,66,42,10,32,51,18,33,50,12,38,44,16,28
1,112,22,90,39,10,29,57,12,45,46,12,34,66,10,56
2,102,42,60,49,20,29,53,22,31,49,21,28,53,21,32
4,90,32,58,45,16,29,45,16,29,44,14,30,46,18,28
4,96,36,60,50,18,32,46,18,28,53,19,34,43,17,26
1,80,22,58,39,10,29,40,12,28,42,12,30,38,10,28
0,114,58,56,55,28,27,59,30,29,52,26,26,62,32,30
1,110,28,82,43,14,29,55,14,41,41,13,28,69,15,54
0,104,48,56,52,24,28,52,24,28,50,22,28,52,24,28
0,100,44,56,50,22,28,50,22,28,59,31,28,41,13,28
4,140,52,88,58,22,36,81,30,51,67,25,42,72,26,46
2,162,80,82,82,40,42,80,40,40,56,26,30,105,53,52
2,146,54,92,55,26,29,89,28,61,62,26,36,83,27,56
4,168,58,110,74,30,44,93,28,65,72,32,40,96,26,70
2,124,58,66,61,28,33,63,30,33,61,25,36,57,27,30
2,102,40,62,51,20,31,51,20,31,47,19,28,55,21,34
4,258,124,134,124,62,62,130,62,68,104,46,58,151,75,76
1,108,32,76,44,16,28,54,16,38,44,16,28,64,16,48
2,104,42,62,55,22,33,49,20,29,54,20,34,49,21,28
2,124,44,80,58,22,36,66,22,44,48,20,28,76,24,52
2,142,44,98,69,22,47,73,22,51,52,22,30,90,22,68
0,104,48,56,50,22,28,54,26,28,60,32,28,43,15,28
0,142,70,72,75,38,37,65,32,33,100,56,44,42,14,28
1,80,18,62,36,8,28,41,10,31,37,9,28,42,8,34
4,112,44,68,52,22,30,60,22,38,48,20,28,64,24,40
4,126,56,70,56,24,32,69,32,37,66,28,38,59,27,32
4,122,48,74,64,24,40,57,24,33,54,24,30,68,24,44
1,110,22,88,49,10,39,55,12,43,44,12,32,65,9,56
1,104,20,84,52,10,42,38,10,28,39,11,28,64,8,56
1,112,28,84,56,14,42,54,14,40,42,14,28,68,12,56
4,116,48,68,56,24,32,58,24,34,69,31,38,46,16,30
1,78,20,58,39,10,29,39,10,29,40,12,28,38,8,30
2,128,46,82,63,22,41,65,24,41,47,21,26,81,25,56
0,112,56,56,53,26,27,59,30,29,65,37,28,46,18,28
3,78,22,56,36,8,28,42,14,28,40,12,28,38,10,28
3,92,36,56,46,18,28,46,18,28,46,18,28,40,12,28
4,102,46,56,50,22,28,52,24,28,59,31,28,43,15,28
0,104,46,58,52,22,30,52,24,28,60,28,32,44,18,26
0,146,76,70,67,34,33,77,42,35,95,53,42,50,22,28
3,106,42,64,52,20,32,54,22,32,58,22,36,47,19,28
3,74,18,56,36,8,28,38,10,28,39,11,28,35,7,28
1,116,32,84,58,16,42,51,16,35,44,16,28,71,15,56
0,104,46,58,51,22,29,53,24,29,61,31,30,43,15,28
3,100,42,58,48,20,28,52,22,30,57,27,30,43,15,28
4,114,56,58,58,28,30,56,28,28,67,37,30,47,19,28
2,172,78,94,86,34,52,86,44,42,82,44,38,90,34,56
4,148,54,94,78,28,50,70,26,44,68,28,40,79,25,54
2,170,54,116,68,22,46,92,32,60,100,32,68,69,21,48
2,294,138,156,122,60,62,166,78,88,165,79,86,128,58,70
4,96,40,56,48,20,28,48,20,28,50,22,28,46,18,28
3,112,42,70,55,20,35,57,22,35,60,20,40,51,21,30
3,136,52,84,68,26,42,68,26,42,74,26,48,60,24,36
3,84,28,56,42,14,28,42,14,28,42,14,28,42,14,28
1,92,34,58,44,16,28,47,18,29,43,15,28,49,19,30
3,108,44,64,53,20,33,55,24,31,52,18,34,56,26,30
1,112,24,88,56,12,44,49,12,37,46,14,32,65,9,56
4,132,66,66,62,30,32,69,36,33,75,37,38,57,29,28
4,142,54,88,79,28,51,61,26,35,65,25,40,77,29,48
3,84,22,62,41,10,31,42,12,30,46,12,34,38,10,28
2,112,50,62,54,24,30,58,26,32,50,22,28,62,28,34
0,100,44,56,50,22,28,50,22,28,56,28,28,44,16,28
2,126,48,78,60,24,36,66,24,42,52,24,28,74,24,50
4,102,46,56,50,22,28,52,24,28,58,30,28,44,16,28
1,92,20,72,38,10,28,46,10,36,39,11,28,52,8,44
0,114,56,58,54,26,28,59,30,29,66,36,30,48,20,28
4,124,40,84,63,20,43,61,20,41,48,20,28,76,20,56
4,100,32,68,50,16,34,50,16,34,54,14,40,46,18,28
3,94,36,58,43,16,27,50,20,30,49,19,30,45,17,28
0,102,46,56,49,22,27,53,24,29,57,29,28,45,17,28
0,112,50,62,52,24,28,60,26,34,65,31,34,47,19,28
4,108,52,56,54,26,28,54,26,28,50,22,28,58,30,28
0,152,70,82,71,32,39,81,38,43,90,44,46,58,22,36
0,100,38,62,51,20,31,49,18,31,52,18,34,48,20,28
0,104,46,58,51,22,29,53,24,29,63,33,30,41,13,28
4,100,44,56,52,24,28,48,20,28,55,27,28,44,16,28
4,98,44,54,48,22,26,50,22,28,50,22,28,44,18,26
2,108,42,66,52,20,32,56,22,34,49,19,30,59,23,36
4,140,66,74,57,26,31,81,40,41,81,39,42,58,26,32
1,122,26,96,60,14,46,60,12,48,54,14,40,67,11,56
3,80,24,56,38,10,28,42,14,28,40,12,28,37,9,28
2,100,36,64,48,16,32,52,20,32,46,18,28,54,18,36
1,114,22,92,38,10,28,58,12,46,49,13,36,65,9,56
4,148,50,98,78,24,54,70,26,44,58,22,36,89,27,62
1,108,20,88,39,10,29,54,10,44,42,10,32,66,10,56
2,102,38,64,47,18,29,55,20,35,46,18,28,56,20,36
1,82,22,60,39,10,29,42,12,30,43,13,30,39,9,30
2,136,44,92,69,22,47,67,22,45,50,22,28,86,22,64
1,116,22,94,38,10,28,59,12,47,50,12,38,66,10,56
4,272,116,156,110,48,62,158,68,90,135,63,72,137,53,84
0,154,64,90,68,26,42,86,38,48,108,46,62,43,15,28
2,94,36,58,47,18,29,47,18,29,46,18,28,48,18,30
1,80,22,58,38,10,28,41,12,29,40,12,28,39,9,30
4,110,40,70,54,20,34,56,20,36,48,20,28,62,20,42
3,278,200,78,137,96,41,141,104,37,136,98,38,131,91,40
2,118,44,74,62,22,40,56,22,34,49,21,28,69,23,46
2,120,48,72,65,26,39,55,22,33,48,20,28,71,27,44
2,112,40,72,53,20,33,59,20,39,46,20,26,66,20,46
0,164,90,74,80,46,34,82,44,38,69,35,34,91,51,40
4,114,40,74,56,18,38,58,22,36,47,19,28,67,21,46
2,124,48,76,65,24,41,59,24,35,48,20,28,76,28,48
3,104,34,70,51,16,35,53,18,35,59,17,42,45,17,28
0,104,46,58,52,22,30,52,24,28,63,33,30,41,13,28
0,132,68,64,65,34,31,66,34,32,87,51,36,45,17,28
2,134,48,86,71,26,45,63,22,41,61,21,40,72,26,46
0,116,48,68,57,26,31,56,22,34,64,24,40,52,24,28
2,110,42,68,54,20,34,55,22,33,55,21,34,55,21,34
0,100,46,54,49,22,27,51,24,27,59,31,28,41,15,26
0,108,48,60,51,22,29,57,26,31,65,33,32,43,15,28
2,146,44,102,75,22,53,71,22,49,48,20,28,97,23,74
0,232,148,84,103,62,41,129,86,43,104,64,40,117,73,44
3,88,30,58,42,14,28,45,16,29,45,15,30,39,11,28
1,122,28,94,50,12,38,63,16,47,52,14,38,70,14,56
3,106,40,66,51,18,33,55,22,33,64,26,38,41,13,28
4,132,44,88,66,22,44,66,22,44,49,21,28,83,23,60
0,116,54,62,57,26,31,59,28,31,67,33,34,49,21,28
1,116,22,94,39,10,29,59,12,47,52,14,38,64,8,56
1,112,24,88,56,12,44,49,12,37,48,12,36,64,12,52
4,98,42,56,48,20,28,50,22,28,56,28,28,42,14,28
3,80,18,62,37,8,29,41,10,31,41,7,34,39,11,28
4,156,44,112,78,22,56,78,22,56,47,19,28,107,23,84
2,132,54,78,64,26,38,68,28,40,53,21,32,77,31,46
2,208,80,128,99,38,61,109,42,67,106,52,54,100,26,74
3,110,40,70,55,20,35,55,20,35,62,20,42,46,18,28
4,108,44,64,56,22,34,52,22,30,49,21,28,59,23,36
1,116,24,92,56,12,44,58,12,46,50,14,36,66,10,56
4,108,46,62,49,20,29,59,26,33,58,24,34,49,21,28
1,112,26,86,40,12,28,57,14,43,44,14,30,68,12,56
2,158,52,106,74,24,50,84,28,56,52,22,30,105,29,76
3,90,30,60,45,16,29,44,14,30,45,15,30,45,15,30
4,124,44,80,68,22,46,56,22,34,50,22,28,74,22,52
0,100,30,70,48,14,34,52,16,36,57,15,42,43,15,28
2,158,54,104,73,28,45,85,26,59,57,23,34,101,31,70
1,108,22,86,39,10,29,55,12,43,42,12,30,66,10,56
3,88,22,66,46,12,34,42,10,32,48,12,36,40,10,30
4,124,38,86,62,18,44,62,20,42,47,19,28,77,19,58
0,108,50,58,53,24,29,55,26,29,64,34,30,44,16,28
2,114,38,76,57,18,39,57,20,37,46,18,28,68,20,48
3,86,30,56,42,14,28,44,16,28,40,12,28,46,18,28
2,108,44,64,54,22,32,54,22,32,52,22,30,56,22,34
2,156,48,108,79,24,55,77,24,53,54,22,32,102,26,76
0,216,104,112,86,42,44,125,62,63,165,83,82,50,20,30
3,96,38,58,48,18,30,48,20,28,48,18,30,48,20,28
0,114,56,58,56,28,28,57,28,29,66,36,30,48,20,28
4,120,44,76,65,22,43,55,22,33,49,21,28,71,23,48
0,100,44,56,48,20,28,52,24,28,57,29,28,43,15,28
3,134,42,92,66,18,48,68,24,44,68,22,46,66,20,46
2,266,122,144,121,54,67,135,68,67,155,75,80,107,43,64
3,84,22,62,42,12,30,41,10,31,45,13,32,39,9,30
0,94,38,56,46,18,28,48,20,28,54,26,28,40,12,28
1,106,32,74,42,14,28,55,18,37,42,14,28,63,17,46
3,122,50,72,58,24,34,61,26,35,60,22,38,59,25,34
4,444,170,274,210,80,130,224,90,134,233,81,152,207,85,122
4,102,42,60,50,20,30,52,22,30,47,21,26,55,21,34
4,112,42,70,57,22,35,53,20,33,66,24,42,46,18,28
0,312,156,156,149,78,71,154,78,76,194,98,96,116,56,60
0,368,268,100,157,110,47,205,158,47,207,157,50,149,99,50
2,190,68,122,87,30,57,103,38,65,88,44,44,101,23,78
3,124,48,76,60,26,34,64,22,42,76,28,48,48,20,28
1,116,22,94,38,10,28,59,12,47,50,12,38,66,10,56
4,104,48,56,52,24,28,52,24,28,62,34,28,42,14,28
3,150,62,88,81,34,47,67,28,39,69,33,36,80,28,52
1,110,22,88,54,10,44,56,12,44,44,12,32,66,10,56
2,100,40,60,50,20,30,50,20,30,48,20,28,52,20,32
3,120,36,84,55,16,39,65,20,45,58,18,40,62,18,44
0,108,48,60,52,22,30,56,26,30,64,32,32,44,16,28
4,130,64,66,63,32,31,64,32,32,83,45,38,47,19,28
0,108,50,58,54,24,30,54,26,28,64,34,30,44,16,28
2,138,54,84,55,20,35,82,34,48,71,29,42,66,24,42
4,110,56,54,55,28,27,55,28,27,50,24,26,60,32,28
1,152,58,94,72,26,46,80,32,48,66,28,38,84,28,56
4,148,72,76,65,32,33,80,40,40,71,37,34,74,32,42
2,102,40,62,51,20,31,51,20,31,46,18,28,56,22,34
4,136,60,76,65,28,37,70,32,38,78,32,46,57,27,30
0,90,30,60,41,12,29,49,18,31,43,13,30,46,16,30
1,106,22,84,38,10,28,54,12,42,39,11,28,66,10,56
4,112,48,64,56,24,32,56,24,32,48,20,28,64,28,36
2,134,50,84,65,26,39,69,24,45,50,22,28,84,28,56
1,116,24,92,51,10,41,60,14,46,49,13,36,67,11,56
2,110,52,58,54,26,28,56,26,30,53,23,30,57,29,28
3,86,24,62,43,12,31,43,12,31,46,12,34,40,12,28
0,94,38,56,44,16,28,50,22,28,50,22,28,43,15,28
3,102,36,66,50,18,32,52,18,34,58,20,38,44,16,28
1,124,28,96,56,14,42,62,14,48,56,16,40,67,11,56
2,86,30,56,42,14,28,44,16,28,42,14,28,44,16,28
1,118,30,88,58,14,44,50,16,34,48,16,32,70,14,56
4,106,48,58,53,24,29,53,24,29,59,29,30,47,19,28
4,112,42,70,52,20,32,60,22,38,48,20,28,63,21,42
0,112,56,56,56,28,28,56,28,28,64,36,28,46,18,28
1,108,22,86,45,10,35,55,12,43,42,12,30,66,10,56
3,112,32,80,40,12,28,71,20,51,62,24,38,50,8,42
2,104,38,66,50,18,32,53,20,33,46,18,28,58,20,38
2,154,42,112,78,20,58,76,22,54,58,22,36,96,20,76
2,134,56,78,58,24,34,74,32,42,62,28,34,72,28,44
2,124,44,80,74,24,50,50,20,30,52,22,30,71,21,50
4,100,38,62,51,20,31,49,18,31,56,22,34,43,15,28
1,118,24,94,59,12,47,56,12,44,54,16,38,64,8,56
0,110,50,60,52,24,28,57,26,31,68,36,32,42,14,28
1,114,26,88,52,14,38,56,12,44,47,15,32,67,11,56
0,286,198,88,152,104,48,134,94,40,168,118,50,116,78,38
4,232,100,132,114,48,66,117,52,65,105,47,58,126,52,74
3,128,34,94,62,16,46,66,18,48,63,19,44,65,15,50
1,120,24,96,38,10,28,62,14,48,54,14,40,66,10,56
0,116,54,62,57,26,31,58,28,30,60,26,34,56,28,28
2,118,46,72,57,22,35,61,24,37,53,23,30,65,23,42
4,108,50,58,53,24,29,55,26,29,53,23,30,55,27,28
1,114,22,92,43,10,33,58,12,46,50,14,36,64,8,56
0,110,50,60,54,24,30,56,26,30,64,32,32,46,18,28
4,102,46,56,50,22,28,52,24,28,57,29,28,45,17,28
4,110,50,60,56,26,30,54,24,30,61,29,32,48,20,28
4,120,64,56,58,30,28,62,34,28,64,32,32,54,30,24
4,102,46,56,50,22,28,52,24,28,61,33,28,41,13,28
3,98,32,66,43,16,27,54,16,38,56,18,38,42,14,28
1,110,22,88,55,12,43,54,10,44,44,12,32,66,10,56
1,118,26,92,51,12,39,60,14,46,49,13,36,69,13,56
2,104,40,64,52,20,32,52,20,32,47,19,28,57,21,36
0,110,52,58,54,24,30,56,28,28,58,30,28,49,19,30
2,170,46,124,84,22,62,86,24,62,67,25,42,103,21,82
1,118,24,94,53,12,41,59,12,47,51,13,38,66,10,56
3,96,28,68,48,14,34,46,14,32,51,11,40,44,16,28
3,102,42,60,48,20,28,53,22,31,52,22,30,49,19,30
3,132,44,88,64,20,44,68,24,44,70,22,48,61,21,40
0,108,52,56,53,24,29,55,28,27,63,35,28,45,17,28
4,110,52,58,55,26,29,55,26,29,60,30,30,50,22,28
2,140,48,92,68,22,46,72,26,46,49,21,28,91,27,64
4,166,52,114,84,26,58,81,26,55,64,26,38,101,25,76
0,94,36,58,47,18,29,47,18,29,46,16,30,47,19,28
4,100,44,56,50,22,28,50,22,28,58,30,28,42,14,28
1,118,22,96,44,10,34,60,12,48,54,14,40,64,8,56
2,102,42,60,48,20,28,54,22,32,45,17,28,56,24,32
0,110,54,56,54,26,28,56,28,28,61,33,28,49,21,28
4,116,40,76,58,20,38,58,20,38,46,20,26,70,20,50
0,106,50,56,53,26,27,53,24,29,51,23,28,54,26,28
0,110,52,58,55,26,29,55,26,29,65,35,30,45,17,28
4,114,48,66,56,24,32,58,24,34,49,19,30,65,29,36
3,96,38,58,48,18,30,48,20,28,55,25,30,40,12,28
2,106,44,62,53,22,31,53,22,31,50,20,30,55,23,32
0,104,46,58,50,22,28,53,24,29,62,32,30,42,14,28
2,122,40,82,60,20,40,62,20,42,48,20,28,74,20,54
4,106,48,58,53,24,29,53,24,29,51,21,30,54,26,28
0,108,50,58,53,24,29,55,26,29,61,31,30,46,18,28
4,134,46,88,70,24,46,64,22,42,49,21,28,85,25,60
1,84,22,62,38,10,28,43,12,31,39,11,28,44,10,34
4,104,44,60,52,22,30,52,22,30,49,21,28,54,22,32
4,152,46,106,76,22,54,76,24,52,48,20,28,103,25,78
2,146,58,88,68,26,42,77,32,45,69,33,36,77,25,52
1,92,24,68,38,10,28,48,14,34,43,15,28,49,9,40
4,110,50,60,47,20,27,63,30,33,55,25,30,51,21,30
1,116,26,90,53,12,41,59,14,45,49,15,34,67,11,56
2,102,40,62,49,18,31,53,22,31,49,21,28,53,19,34
0,108,48,60,54,24,30,54,24,30,66,34,32,42,14,28
4,166,68,98,75,32,43,89,36,53,117,51,66,47,15,32
4,104,46,58,52,22,30,52,24,28,49,21,28,55,25,30
0,112,38,74,57,20,37,55,18,37,67,21,46,45,17,28
3,90,32,58,45,16,29,45,16,29,44,14,30,46,18,28
0,242,118,124,114,50,64,123,68,55,118,62,56,123,55,68
1,120,26,94,47,12,35,63,14,49,51,13,38,68,12,56
0,112,54,58,56,26,30,56,28,28,61,31,30,49,21,28
3,96,30,66,42,14,28,54,16,38,56,18,38,39,11,28
0,100,44,56,48,20,28,52,24,28,58,30,28,42,14,28
4,132,62,70,63,32,31,68,30,38,72,32,40,60,30,30
0,104,48,56,50,22,28,54,26,28,61,33,28,43,15,28
2,114,44,70,58,22,36,56,22,34,48,20,28,65,23,42
4,100,38,62,51,20,31,47,18,29,49,17,32,50,20,30
4,128,40,88,63,20,43,64,20,44,50,20,30,78,20,58
4,114,56,58,56,28,28,58,28,30,65,35,30,45,17,28
3,96,38,58,47,18,29,49,20,29,49,19,30,47,19,28
3,88,32,56,42,14,28,46,18,28,46,18,28,42,14,28
0,102,46,56,48,20,28,54,26,28,57,29,28,44,16,28
2,166,52,114,87,28,59,78,24,54,57,25,32,109,27,82
4,138,56,82,71,28,43,66,28,38,69,25,44,69,31,38
1,118,30,88,49,14,35,60,16,44,48,16,32,70,14,56
1,110,20,90,55,10,45,52,10,42,45,11,34,64,8,56
0,110,52,58,55,26,29,55,26,29,60,30,30,47,19,28
2,94,38,56,46,18,28,48,20,28,46,18,28,48,20,28
0,112,56,56,54,26,28,58,30,28,64,36,28,48,20,28
3,84,28,56,40,12,28,44,16,28,44,16,28,39,11,28
3,70,14,56,34,6,28,35,8,27,35,7,28,35,7,28
1,114,22,92,38,10,28,58,12,46,50,14,36,64,8,56
2,116,40,76,56,18,38,60,22,38,46,18,28,70,22,48
3,98,40,58,47,18,29,51,22,29,53,23,30,44,16,28
1,106,24,82,41,10,31,55,14,41,41,13,28,65,11,54
2,112,42,70,55,20,35,57,22,35,50,22,28,62,20,42
3,98,40,58,47,18,29,51,22,29,56,26,30,41,13,28
2,134,50,84,73,28,45,61,22,39,52,22,30,80,26,54
0,116,58,58,57,28,29,59,30,29,59,29,30,53,25,28
2,170,66,104,87,32,55,83,34,49,84,36,48,85,29,56
0,104,50,54,51,24,27,53,26,27,62,34,28,42,16,26
0,220,108,112,62,28,34,156,80,76,110,58,52,109,49,60
1,122,34,88,47,16,31,62,18,44,48,16,32,73,17,56
3,108,40,68,49,18,31,59,22,37,69,29,40,39,11,28
0,108,52,56,54,26,28,54,26,28,62,34,28,46,18,28
3,136,46,90,70,24,46,66,22,44,73,23,50,60,20,40
2,200,104,96,98,48,50,101,56,45,118,70,48,78,30,48
4,104,40,64,52,20,32,52,20,32,46,18,28,58,22,36
2,106,40,66,53,20,33,53,20,33,48,20,28,58,20,38
0,102,36,66,51,18,33,51,18,33,55,17,38,47,19,28
0,108,52,56,54,26,28,54,26,28,57,29,28,51,23,28
3,88,32,56,44,16,28,44,16,28,45,15,30,42,16,26
4,108,50,58,56,26,30,52,24,28,58,28,30,43,15,28
2,120,58,62,58,28,30,62,30,32,52,24,28,68,34,34
4,138,42,96,70,20,50,68,22,46,48,20,28,90,22,68
3,92,28,64,45,14,31,47,14,33,48,14,34,44,14,30
0,92,38,54,47,20,27,45,18,27,52,24,28,39,13,26
0,106,50,56,52,24,28,54,26,28,64,36,28,42,14,28
3,100,36,64,47,16,31,50,20,30,55,19,36,45,17,28
0,112,54,58,55,26,29,57,28,29,63,33,30,49,21,28
4,142,50,92,72,26,46,65,24,41,49,19,30,91,29,62
3,104,36,68,52,18,34,52,18,34,59,19,40,45,17,28
2,110,50,60,50,22,28,59,28,31,55,25,30,55,25,30
1,124,40,84,60,20,40,62,20,42,47,19,28,76,20,56
0,102,44,58,48,20,28,54,24,30,60,30,30,42,14,28
3,96,38,58,47,18,29,49,20,29,57,27,30,39,11,28
2,100,38,62,53,20,33,47,18,29,46,18,28,54,20,34
1,82,18,64,38,8,30,42,10,32,45,11,34,37,7,30
3,78,18,60,40,10,30,37,8,29,38,8,30,40,10,30
3,90,34,56,44,16,28,46,18,28,47,19,28,43,15,28
1,122,30,92,62,16,46,52,14,38,53,15,38,69,15,54
3,108,46,62,52,22,30,55,24,31,49,19,30,59,27,32
3,80,22,58,39,10,29,41,12,29,42,12,30,37,9,28
2,124,58,66,65,30,35,59,28,31,51,23,28,72,34,38
1,118,22,96,39,10,29,60,12,48,54,14,40,64,8,56
0,102,46,56,49,22,27,53,24,29,56,28,28,46,18,28
1,106,22,84,38,10,28,54,12,42,39,11,28,66,10,56
0,112,54,58,55,26,29,57,28,29,65,35,30,47,19,28
4,112,54,58,55,26,29,57,28,29,55,25,30,52,24,28
2,136,44,92,68,20,48,67,24,43,50,20,30,85,23,62
2,166,90,76,85,48,37,80,42,38,66,28,38,100,62,38
0,106,50,56,52,24,28,54,26,28,53,25,28,43,15,28
1,118,24,94,51,12,39,59,12,47,51,13,38,66,10,56
1,118,28,90,47,14,33,61,14,47,47,13,34,70,14,56
3,120,46,74,55,20,35,64,26,38,75,29,46,44,16,28
4,152,50,102,72,24,48,80,26,54,50,22,28,100,26,74
1,122,28,94,60,14,46,60,14,46,54,16,38,67,11,56
3,124,36,88,64,18,46,60,18,42,64,20,44,60,16,44
4,160,50,110,82,26,56,78,24,54,53,21,32,105,27,78
1,116,22,94,38,10,28,59,12,47,51,13,38,64,8,56
2,162,46,116,78,22,56,84,24,60,67,23,44,95,23,72
1,98,24,74,38,10,28,51,14,37,41,13,28,57,11,46
2,106,42,64,52,20,32,54,22,32,48,20,28,58,22,36
1,112,22,90,38,10,28,57,12,45,46,12,34,66,10,56
2,156,60,96,74,26,48,80,34,46,73,33,40,80,24,56
0,114,48,66,55,22,33,59,26,33,69,31,38,44,16,28
3,90,32,58,45,16,29,45,16,29,50,22,28,40,10,30
4,116,54,62,57,26,31,59,28,31,52,22,30,64,32,32
3,94,36,58,47,18,29,47,18,29,54,24,30,40,12,28
0,90,34,56,45,18,27,45,16,29,46,18,28,44,16,28
1,120,28,92,59,14,45,54,14,40,50,14,36,69,13,56
4,88,32,56,44,16,28,44,16,28,42,14,28,46,18,28
3,94,36,58,45,16,29,49,20,29,47,17,30,47,19,28
1,126,38,88,58,18,40,64,20,44,50,18,32,76,20,56
3,90,32,58,41,14,27,49,18,31,45,15,30,45,17,28
4,120,50,70,61,26,35,59,24,35,68,30,38,50,18,32
3,98,34,64,48,16,32,50,18,32,46,14,32,51,19,32
1,108,26,82,41,10,31,57,16,41,42,12,30,66,14,52
2,100,40,60,50,20,30,50,20,30,48,20,28,52,20,32
4,116,46,70,61,24,37,55,22,33,50,22,28,66,24,42
3,74,16,58,36,8,28,37,8,29,38,8,30,36,8,28
4,110,44,66,56,22,34,53,22,31,63,25,38,46,18,28
3,118,44,74,45,16,29,72,28,44,47,17,30,70,26,44
4,108,44,64,52,20,32,56,24,32,61,25,36,47,19,28
0,138,54,84,69,26,43,69,28,41,71,33,38,66,20,46
3,122,48,74,55,24,31,63,24,39,82,36,46,40,12,28
2,168,52,116,70,24,46,98,28,70,73,29,44,95,23,72
3,106,34,72,48,16,32,57,18,39,66,24,42,40,10,30
1,120,28,92,46,16,30,58,12,46,50,14,36,70,14,56
1,82,22,60,38,10,28,42,12,30,39,11,28,43,11,32
1,110,22,88,49,10,39,52,12,40,43,11,32,67,11,56
3,110,40,70,55,20,35,55,20,35,62,20,42,48,20,28
2,106,38,68,55,18,37,51,20,31,46,18,28,59,19,40
3,110,38,72,54,18,36,55,20,35,64,20,44,46,18,28
3,90,32,58,42,14,28,47,18,29,48,20,28,41,11,30
2,156,50,106,74,24,50,82,26,56,55,25,30,101,25,76
4,102,44,58,49,20,29,53,24,29,57,27,30,45,17,28
3,112,34,78,57,16,41,55,18,37,61,19,42,51,15,36
4,86,30,56,41,14,27,45,16,29,43,15,28,43,15,28
3,90,34,56,44,16,28,46,18,28,44,16,28,46,18,28
4,120,54,66,60,26,34,60,28,32,76,38,38,44,16,28
4,152,44,108,75,22,53,77,22,55,47,19,28,105,25,80
0,100,32,68,50,16,34,50,16,34,56,16,40,44,16,28
0,198,84,114,90,36,54,102,48,54,89,35,54,105,45,60
4,110,48,62,55,24,31,55,24,31,50,22,28,60,26,34
0,170,100,70,86,48,38,84,52,32,93,51,42,77,49,28
2,90,34,56,44,16,28,46,18,28,45,17,28,45,17,28
1,118,24,94,48,12,36,59,12,47,50,12,38,67,11,56
0,102,46,56,50,22,28,52,24,28,59,31,28,43,15,28
3,132,56,76,71,32,39,58,24,34,68,30,38,63,25,38
2,134,48,86,70,24,46,64,24,40,46,18,28,88,30,58
0,116,52,64,58,26,32,58,26,32,74,38,36,41,13,28
3,84,26,58,41,12,29,43,14,29,46,16,30,38,10,28
2,156,66,90,82,32,50,73,34,39,86,46,40,70,20,50
0,262,138,124,119,64,55,143,74,69,167,87,80,94,50,44
0,100,36,64,48,16,32,51,20,31,51,15,36,49,21,28
4,136,48,88,60,22,38,75,26,49,60,26,34,75,21,54
0,100,42,58,49,20,29,51,22,29,59,29,30,41,13,28
2,218,102,116,116,54,62,102,48,54,111,49,62,107,53,54
0,100,32,68,50,16,34,49,16,33,56,16,40,44,16,28
2,120,46,74,58,20,38,62,26,36,49,21,28,71,25,46
2,96,38,58,47,18,29,49,20,29,45,19,26,51,19,32
4,116,44,72,65,22,43,51,22,29,47,19,28,68,24,44
2,122,48,74,62,24,38,60,24,36,51,21,30,71,27,44
4,114,54,60,56,26,30,57,28,29,65,33,32,49,21,28
4,114,40,74,58,20,38,56,20,36,48,20,28,66,20,46
0,106,48,58,53,24,29,53,24,29,62,32,30,44,16,28
1,108,22,86,38,10,28,55,12,43,42,12,30,66,10,56
1,104,18,86,38,8,30,51,10,41,47,11,36,57,7,50
4,116,56,60,55,26,29,61,30,31,67,35,32,48,20,28
0,144,74,70,61,28,33,81,46,35,75,41,34,63,27,36
4,104,40,64,52,20,32,52,20,32,47,19,28,57,21,36
0,144,68,76,66,30,36,77,38,39,100,52,48,43,15,28
4,90,34,56,44,16,28,46,18,28,45,17,28,45,17,28
2,186,72,114,86,28,58,100,44,56,97,47,50,88,24,64
4,118,54,64,58,26,32,60,28,32,65,33,32,53,21,32
3,80,22,58,37,8,29,43,14,29,45,15,30,35,7,28
3,104,44,60,52,22,30,51,22,29,58,26,32,46,18,28
1,104,32,72,48,16,32,50,16,34,42,14,28,62,18,44
1,120,32,88,56,12,44,59,20,39,45,13,32,75,19,56
4,104,46,58,51,22,29,53,24,29,47,17,30,57,29,28
3,86,30,56,42,14,28,44,16,28,43,15,28,43,15,28
4,202,90,112,93,44,49,102,46,56,118,56,62,84,34,50
0,108,46,62,53,20,33,55,26,29,51,21,30,57,25,32
3,102,40,62,49,20,29,52,20,32,56,22,34,46,18,28
0,112,52,60,53,24,29,59,28,31,67,35,32,44,16,28
1,118,26,92,45,12,33,63,14,49,49,13,36,69,13,56
3,92,32,60,42,14,28,50,18,32,51,19,32,41,13,28
4,116,46,70,58,22,36,58,24,34,47,19,28,69,27,42
2,102,40,62,52,20,32,50,20,30,48,20,28,54,20,34
3,86,24,62,40,10,30,45,14,31,45,11,34,40,12,28
3,166,78,88,80,38,42,85,40,45,76,36,40,87,39,48
4,92,36,56,44,16,28,48,20,28,43,15,28,48,20,28
3,104,46,58,50,22,28,54,24,30,48,18,30,56,28,28
0,108,50,58,55,26,29,53,24,29,63,33,30,45,17,28
3,108,38,70,54,20,34,53,18,35,54,18,36,54,20,34
0,100,42,58,49,20,29,51,22,29,55,25,30,43,15,28
2,102,40,62,50,20,30,52,20,32,48,20,28,54,20,34
0,128,62,66,64,30,34,64,32,32,75,41,34,50,18,32
1,118,22,96,38,10,28,60,12,48,52,12,40,66,10,56
0,146,66,80,63,30,33,80,36,44,85,41,44,59,23,36
0,124,52,72,61,24,37,63,28,35,79,35,44,44,16,28
0,114,54,60,60,28,32,54,26,28,69,37,32,45,17,28
3,98,36,62,45,16,29,53,20,33,57,23,34,39,11,28
2,106,38,68,52,18,34,54,20,34,47,19,28,59,19,40
1,90,30,60,40,12,28,48,18,30,41,13,28,49,17,32
2,96,40,56,48,20,28,48,20,28,44,18,26,51,21,30
3,92,28,64,48,16,32,43,12,31,46,14,32,45,13,32
3,96,30,66,49,16,33,46,14,32,53,15,38,42,14,28
0,106,60,46,53,30,23,53,30,23,55,33,22,51,27,24
4,258,162,96,123,74,49,129,88,41,158,104,54,93,51,42
3,96,40,56,48,20,28,48,20,28,48,20,28,48,20,28
3,84,28,56,42,14,28,42,14,28,45,17,28,38,10,28
1,102,20,82,50,10,40,51,10,41,40,12,28,62,8,54
4,112,42,70,54,20,34,57,22,35,51,21,30,61,21,40
4,256,116,140,122,56,66,134,60,74,113,55,58,143,61,82
2,136,46,90,61,22,39,74,24,50,50,20,30,86,26,60
4,334,218,116,131,78,53,202,140,62,163,105,58,169,111,58
1,120,24,96,46,12,34,60,12,48,54,14,40,66,10,56
2,108,44,64,54,22,32,54,22,32,50,22,28,58,22,36
2,112,48,64,56,24,32,56,24,32,49,21,28,63,27,36
3,102,40,62,53,22,31,49,18,31,60,26,34,42,14,28
0,134,68,66,64,32,32,70,36,34,83,45,38,51,23,28
0,110,42,68,58,24,34,51,18,33,66,26,40,44,16,28
0,228,156,72,107,70,37,118,86,32,126,84,42,98,68,30
4,104,48,56,50,22,28,54,26,28,61,33,28,43,15,28
3,100,32,68,41,10,31,59,22,37,48,12,36,51,19,32
4,104,44,60,49,20,29,54,24,30,59,27,32,45,17,28
3,94,38,56,46,18,28,48,20,28,53,25,28,40,12,28
1,118,26,92,46,12,34,62,14,48,49,13,36,69,13,56
1,106,22,84,38,10,28,54,12,42,40,12,28,64,8,56
2,108,42,66,55,22,33,53,20,33,48,20,28,60,22,38
0,118,56,62,59,28,31,58,28,30,79,43,36,39,13,26
4,116,46,70,58,22,36,58,24,34,48,20,28,67,25,42
2,102,50,52,50,24,26,52,26,26,49,23,26,53,27,26
2,252,134,118,118,56,62,132,78,54,183,93,90,55,27,28
0,108,52,56,56,28,28,52,24,28,63,35,28,45,17,28
3,108,36,72,54,18,36,54,18,36,65,21,44,43,15,28
1,114,24,90,52,10,42,59,14,45,46,12,34,67,11,56
3,140,70,70,74,38,36,65,32,33,51,21,30,88,48,40
1,112,26,86,48,14,34,55,12,43,42,12,30,70,14,56
2,100,38,62,50,18,32,50,20,30,47,19,28,53,19,34
2,114,42,72,59,22,37,55,20,35,48,20,28,66,22,44
1,114,22,92,52,10,42,58,12,46,49,13,36,64,8,56
3,192,74,118,88,34,54,102,40,62,77,27,50,111,43,68
0,106,48,58,53,24,29,53,24,29,64,32,32,42,16,26
4,128,58,70,62,28,34,66,30,36,48,20,28,80,38,42
4,136,66,70,64,30,34,72,36,36,55,23,32,81,43,38
0,104,46,58,51,22,29,53,24,29,55,25,30,43,15,28
3,154,68,86,84,38,46,70,30,40,107,51,56,44,14,30
4,120,52,68,55,24,31,64,28,36,58,24,34,61,27,34
3,134,42,92,73,18,55,61,24,37,67,27,40,67,15,52
0,108,50,58,53,24,29,55,26,29,63,33,30,45,17,28
0,104,46,58,51,22,29,53,24,29,63,33,30,41,13,28
2,104,40,64,50,20,30,54,20,34,47,19,28,57,21,36
0,114,56,58,54,26,28,60,30,30,65,35,30,48,20,28
0,208,128,80,106,66,40,102,62,40,128,76,52,80,52,28
4,116,58,58,59,30,29,57,28,29,64,34,30,52,24,28
2,106,40,66,54,20,34,52,20,32,48,20,28,58,20,38
3,88,30,58,46,16,30,42,14,28,46,16,30,42,14,28
3,102,44,58,48,20,28,53,24,29,51,21,30,51,23,28
2,142,54,88,65,28,37,71,26,45,49,19,30,93,35,58
3,132,32,100,42,14,28,87,18,69,64,20,44,67,11,56
2,170,72,98,75,32,43,90,40,50,112,50,62,58,22,36
1,112,22,90,49,10,39,57,12,45,46,12,34,66,10,56
2,98,36,62,49,18,31,49,18,31,46,18,28,52,18,34
3,154,46,108,83,24,59,64,22,42,83,23,60,71,23,48
3,106,46,60,52,22,30,54,24,30,57,25,32,49,21,28
4,114,44,70,62,22,40,52,22,30,49,21,28,65,23,42
3,92,30,62,49,16,33,43,14,29,54,20,34,37,9,28
2,158,44,114,79,22,57,79,22,57,57,23,34,100,20,80
4,112,50,62,55,24,31,57,26,31,53,23,30,59,27,32
3,108,46,62,54,24,30,54,22,32,58,24,34,49,21,28
1,114,22,92,38,10,28,58,12,46,49,13,36,65,9,56
1,96,22,74,38,10,28,49,12,37,41,13,28,55,9,46
3,84,26,58,40,12,28,44,14,30,42,12,30,41,13,28
2,140,50,90,65,24,41,74,26,48,54,24,30,85,25,60
2,160,60,100,63,24,39,97,36,61,70,32,38,89,27,62
0,100,44,56,50,22,28,50,22,28,58,30,28,42,14,28
2,128,44,84,76,22,54,52,22,30,50,22,28,77,21,56
1,120,24,96,55,12,43,60,12,48,54,14,40,65,9,56
3,76,18,58,37,8,29,39,10,29,40,10,30,36,8,28
2,102,44,58,51,22,29,51,22,29,50,22,28,52,22,30
2,120,44,76,63,22,41,57,22,35,48,20,28,72,24,48
1,120,28,92,59,14,45,54,14,40,50,14,36,69,13,56
0,110,52,58,55,26,29,55,26,29,65,35,30,45,17,28
3,118,48,70,56,24,32,61,24,37,54,22,32,64,26,38
1,110,20,90,36,8,28,74,12,62,47,13,34,63,7,56
3,96,40,56,46,18,28,50,22,28,45,17,28,46,18,28
0,104,46,58,48,20,28,56,26,30,59,29,30,45,17,28
1,110,26,84,44,12,32,56,14,42,41,13,28,68,12,56
2,92,40,52,45,18,27,47,22,25,46,20,26,46,20,26
0,134,58,76,67,28,39,67,30,37,61,29,32,72,28,44
0,112,50,62,55,24,31,57,26,31,54,24,30,51,19,32
4,134,48,86,64,24,40,70,24,46,58,24,34,76,24,52
1,118,24,94,47,12,35,59,12,47,51,13,38,67,11,56
1,100,28,72,52,16,36,40,12,28,43,15,28,57,13,44
4,96,38,58,48,18,30,48,20,28,47,19,28,49,19,30
1,128,30,98,62,14,48,57,16,41,59,17,42,69,13,56
3,96,46,50,47,22,25,49,24,25,47,23,24,47,21,26
1,114,22,92,56,10,46,49,12,37,49,13,36,65,9,56
4,106,44,62,53,22,31,53,22,31,52,22,30,54,22,32
2,102,42,60,49,20,29,52,22,30,49,21,28,53,21,32
2,136,52,84,71,26,45,63,26,37,64,26,38,72,26,46
0,108,50,58,53,24,29,55,26,29,56,26,30,48,20,28
3,76,18,58,40,10,30,36,8,28,37,9,28,38,8,30
0,140,48,92,66,24,42,74,24,50,50,20,30,89,27,62
3,96,32,64,48,16,32,48,16,32,52,16,36,43,15,28
2,150,68,82,78,36,42,72,32,40,84,42,42,65,25,40
2,110,42,68,54,20,34,56,22,34,52,20,32,58,22,36
0,112,52,60,55,26,29,57,26,31,68,36,32,44,16,28
4,134,60,74,59,26,33,75,34,41,92,46,46,42,14,28
3,96,34,62,50,18,32,46,16,30,50,18,32,46,16,30
1,120,28,92,45,12,33,62,16,46,49,13,36,70,14,56
2,102,44,58,52,24,28,50,20,30,48,20,28,54,24,30
3,94,38,56,46,18,28,48,20,28,54,26,28,40,12,28
3,88,30,58,42,14,28,46,16,30,44,16,28,44,14,30
3,114,50,64,56,24,32,58,26,32,57,21,36,51,23,28
1,78,22,56,38,10,28,40,12,28,40,12,28,38,10,28
0,106,46,60,55,24,31,51,22,29,62,30,32,44,16,28
0,132,64,68,75,36,39,56,28,28,83,43,40,48,20,28
0,104,48,56,52,24,28,52,24,28,58,30,28,46,18,28
3,90,30,60,45,14,31,45,16,29,51,19,32,38,10,28
4,108,48,60,50,22,28,57,26,31,61,29,32,47,19,28
4,120,46,74,64,24,40,56,22,34,48,20,28,71,25,46
0,116,50,66,57,24,33,59,26,33,71,33,38,45,17,28
4,98,44,54,47,20,27,51,24,27,56,28,28,42,16,26
4,102,46,56,50,22,28,52,24,28,57,29,28,45,17,28
2,124,52,72,48,22,26,75,30,45,47,19,28,76,32,44
1,122,44,78,61,22,39,61,22,39,50,22,28,72,22,50
4,194,106,88,89,48,41,105,58,47,108,62,46,86,44,42
2,156,52,104,72,24,48,84,28,56,53,21,32,102,30,72
3,148,38,110,94,22,72,48,16,32,66,24,42,82,14,68
2,102,44,58,53,22,31,49,22,27,49,21,28,52,22,30
0,96,34,62,45,14,31,49,20,29,50,16,34,46,18,28
2,158,64,94,93,36,57,64,28,36,87,37,50,71,27,44
3,98,34,64,47,18,29,50,16,34,58,22,36,39,11,28
2,112,48,64,60,26,34,52,22,30,46,18,28,65,29,36
2,128,50,78,65,24,41,63,26,37,51,21,30,77,29,48
1,120,26,94,54,12,42,61,14,47,51,13,38,66,10,56
4,104,48,56,52,24,28,52,24,28,60,32,28,43,15,28
2,120,42,78,64,20,44,56,22,34,47,19,28,73,23,50
3,100,44,56,50,22,28,50,22,28,54,26,28,46,18,28
0,102,38,64,50,18,32,52,20,32,54,18,36,48,20,28
4,112,42,70,59,22,37,53,20,33,48,20,28,64,22,42
4,98,36,62,50,18,32,48,18,30,51,17,34,47,19,28
0,106,44,62,53,22,31,53,22,31,50,18,32,54,24,30
3,94,38,56,46,18,28,48,20,28,45,17,28,49,21,28
1,120,30,90,58,16,42,59,14,45,50,16,34,70,14,56
2,126,48,78,65,24,41,61,24,37,50,22,28,76,26,50
0,104,34,70,53,18,35,50,16,34,56,14,42,48,20,28
3,114,52,62,55,26,29,58,26,32,70,36,34,43,15,28
4,98,38,60,45,16,29,53,22,31,54,22,32,44,16,28
3,80,20,60,39,10,29,40,10,30,43,11,32,37,9,28
3,108,44,64,50,20,30,57,24,33,51,21,30,57,23,34
2,130,56,74,69,28,41,61,28,33,51,23,28,78,32,46
0,110,54,56,56,28,28,54,26,28,64,36,28,46,18,28
1,108,22,86,38,10,28,55,12,43,43,13,30,64,8,56
1,122,28,94,56,16,40,58,12,46,55,17,38,67,11,56
4,100,46,54,49,22,27,51,24,27,51,23,28,44,18,26
3,88,28,60,40,12,28,48,16,32,49,17,32,39,11,28
1,114,22,92,38,10,28,58,12,46,48,12,36,66,10,56
3,110,38,72,53,18,35,57,20,37,62,18,44,47,19,28
4,98,36,62,47,16,31,51,20,31,49,17,32,49,19,30
1,116,26,90,54,12,42,55,14,41,50,14,36,66,12,54
3,152,50,102,75,24,51,77,26,51,64,22,42,84,24,60
2,100,40,60,50,20,30,50,20,30,48,20,28,52,20,32
3,108,48,60,52,22,30,56,26,30,52,20,32,56,28,28
3,104,46,58,51,22,29,52,24,28,57,27,30,47,19,28
4,114,56,58,57,28,29,57,28,29,64,34,30,50,22,28
3,104,42,62,51,20,31,53,22,31,64,30,34,39,11,28
4,132,48,84,70,22,48,62,26,36,47,19,28,83,27,56
1,116,24,92,58,12,46,57,12,45,52,16,36,64,8,56
3,82,26,56,40,12,28,42,14,28,42,14,28,40,12,28
2,204,72,132,95,30,65,109,42,67,83,37,46,119,33,86
0,104,48,56,50,22,28,54,26,28,61,33,28,43,15,28
3,94,34,60,46,16,30,48,18,30,54,22,32,39,11,28
3,106,34,72,51,16,35,55,18,37,63,19,44,43,15,28
4,280,136,144,123,62,61,147,74,73,147,77,70,129,55,74
0,178,90,88,82,38,44,96,52,44,100,54,46,75,33,42
2,100,42,58,49,20,29,51,22,29,48,20,28,51,21,30
2,98,40,58,48,20,28,50,20,30,50,20,30,48,20,28
1,118,24,94,47,12,35,59,12,47,50,12,38,67,11,56
1,120,26,94,41,12,29,61,14,47,53,15,38,67,11,56
0,102,44,58,51,22,29,51,22,29,58,28,30,43,15,28
4,112,58,54,55,28,27,57,30,27,50,22,28,60,34,26
3,110,50,60,54,24,30,56,26,30,61,29,32,49,21,28
1,210,78,132,108,40,68,93,38,55,92,34,58,117,43,74
2,102,42,60,50,20,30,52,22,30,49,21,28,53,21,32
3,88,30,58,43,14,29,45,16,29,49,19,30,38,10,28
2,108,48,60,54,24,30,54,24,30,46,20,26,62,28,34
0,110,52,58,55,26,29,55,26,29,62,32,30,48,20,28
2,112,40,72,56,20,36,55,20,35,52,20,32,60,20,40
0,102,46,56,50,22,28,52,24,28,56,28,28,46,18,28
1,120,24,96,40,10,30,62,14,48,54,14,40,66,10,56
2,104,42,62,52,22,30,52,20,32,50,20,30,54,22,32
1,128,32,96,61,16,45,63,16,47,56,16,40,70,14,56
0,110,52,58,55,26,29,55,26,29,60,30,30,48,20,28
4,92,36,56,46,18,28,46,18,28,47,19,28,45,17,28
2,176,48,128,84,22,62,92,26,66,74,28,46,102,20,82
2,166,50,116,78,22,56,88,28,60,67,27,40,99,23,76
3,130,38,92,64,18,46,66,20,46,69,21,48,59,15,44
4,106,44,62,48,20,28,57,24,33,51,19,32,54,24,30
3,80,22,58,41,12,29,39,10,29,41,11,30,39,11,28
2,118,42,76,58,20,38,60,22,38,51,21,30,67,21,46
4,132,58,74,66,30,36,65,28,37,69,29,40,63,29,34
3,100,44,56,50,22,28,50,22,28,54,26,28,46,18,28
0,96,40,56,48,20,28,48,20,28,51,23,28,45,17,28
0,110,50,60,55,24,31,55,26,29,66,34,32,44,16,28
2,294,108,186,150,56,94,143,52,91,190,80,110,102,26,76
3,94,36,58,45,16,29,49,20,29,46,16,30,48,20,28
2,132,44,88,65,22,43,67,22,45,49,21,28,82,22,60
4,100,42,58,50,20,30,50,22,28,46,18,28,53,23,30
1,104,20,84,50,10,40,52,10,42,40,12,28,63,7,56
0,94,38,56,45,18,27,49,20,29,50,22,28,44,16,28
1,114,22,92,47,10,37,58,12,46,48,12,36,66,10,56
1,316,96,220,148,46,102,160,50,110,134,46,88,182,50,132
2,118,48,70,53,20,33,64,28,36,57,23,34,59,23,36
4,116,46,70,61,24,37,55,22,33,48,20,28,68,26,42
1,118,24,94,53,10,43,61,14,47,52,14,38,66,10,56
1,108,24,84,49,12,37,54,12,42,40,12,28,67,11,56
4,132,56,76,60,24,36,71,32,39,60,26,34,70,28,42
3,80,18,62,38,8,30,41,10,31,41,7,34,38,10,28
1,112,22,90,48,10,38,57,12,45,47,13,34,64,8,56
3,102,40,62,48,18,30,54,22,32,55,23,32,46,16,30
4,98,40,58,49,20,29,49,20,29,48,20,28,50,20,30
1,120,26,94,51,12,39,61,14,47,51,13,38,69,13,56
0,114,56,58,55,26,29,59,30,29,65,35,30,49,21,28
2,110,40,70,55,20,35,55,20,35,48,20,28,62,20,42
2,114,50,64,60,26,34,54,24,30,53,23,30,60,26,34
1,124,30,94,50,14,36,63,16,47,54,16,38,70,14,56
1,104,18,86,36,8,28,53,10,43,42,12,30,62,6,56
2,102,42,60,51,20,31,51,22,29,49,21,28,53,21,32
4,114,50,64,55,24,31,58,26,32,66,32,34,48,18,30
3,102,42,60,49,20,29,53,22,31,56,24,32,45,17,28
4,100,38,62,49,18,31,51,20,31,47,19,28,53,19,34
4,114,44,70,60,22,38,54,22,32,48,20,28,64,22,42
0,112,56,56,56,28,28,56,28,28,61,33,28,51,23,28
1,118,26,92,45,12,33,60,14,46,49,13,36,68,12,56
2,126,38,88,62,18,44,64,20,44,57,19,38,69,19,50
3,120,38,82,56,18,38,64,20,44,72,20,52,47,17,30
1,132,34,98,57,18,39,66,16,50,60,18,42,70,14,56
0,90,30,60,44,14,30,46,16,30,46,14,32,44,16,28
1,118,26,92,50,12,38,60,14,46,50,14,36,68,12,56
4,98,40,58,50,20,30,48,20,28,57,27,30,41,13,28
2,100,40,60,51,20,31,49,20,29,46,18,28,54,22,32
3,98,38,60,47,18,29,50,20,30,47,17,30,51,21,30
1,110,22,88,38,10,28,56,12,44,46,14,32,64,8,56
1,76,18,58,36,8,28,39,10,29,39,11,28,37,7,30
1,112,20,92,36,8,28,58,12,46,48,12,36,64,8,56
3,100,36,64,50,18,32,50,18,32,55,19,36,44,16,28
1,118,22,96,38,10,28,60,12,48,54,14,40,64,8,56
3,118,56,62,59,28,31,58,28,30,60,28,32,56,26,30
2,144,50,94,61,22,39,83,28,55,61,23,38,82,26,56
2,152,46,106,75,22,53,77,24,53,65,23,42,87,23,64
0,108,52,56,52,24,28,56,28,28,63,35,28,45,17,28
3,98,42,56,50,22,28,48,20,28,47,19,28,51,23,28
1,84,28,56,42,14,28,42,14,28,40,12,28,44,16,28
0,142,72,70,70,36,34,71,36,35,82,44,38,59,27,32
3,132,48,84,67,24,43,65,24,41,61,21,40,70,26,44
4,112,44,68,56,22,34,56,22,34,48,20,28,64,24,40
1,122,28,94,52,16,36,58,12,46,56,18,38,66,10,56
2,104,40,64,54,20,34,50,20,30,48,20,28,56,20,36
3,136,38,98,66,18,48,70,20,50,94,24,70,38,10,28
4,128,42,86,62,20,42,66,22,44,48,20,28,80,22,58
1,106,18,88,39,8,31,54,10,44,42,10,32,64,8,56
3,112,42,70,56,20,36,56,22,34,63,21,42,49,21,28
4,104,42,62,50,20,30,54,22,32,47,19,28,56,22,34
2,110,44,66,54,22,32,56,22,34,52,22,30,58,22,36
4,190,76,114,78,32,46,111,44,67,79,37,42,111,39,72
1,108,26,82,44,12,32,55,14,41,41,13,28,67,13,54
0,178,98,80,82,44,38,96,54,42,132,80,52,45,17,28
3,90,32,58,44,16,28,45,16,29,42,14,28,48,18,30
1,118,26,92,52,12,40,60,14,46,50,14,36,68,12,56
0,110,54,56,54,26,28,56,28,28,56,28,28,51,23,28
0,114,54,60,58,28,30,56,26,30,64,32,32,50,22,28
2,128,52,76,64,24,40,64,28,36,49,19,30,79,33,46
2,184,86,98,87,42,45,95,44,51,119,59,60,64,26,38
2,274,136,138,132,62,70,135,74,61,154,78,76,117,55,62
4,90,34,56,44,16,28,46,18,28,45,17,28,45,17,28
0,114,54,60,56,26,30,58,28,30,69,37,32,45,17,28
2,278,116,162,112,48,64,159,68,91,145,61,84,130,52,78
0,104,48,56,52,24,28,52,24,28,60,32,28,44,16,28
1,106,20,86,53,10,43,48,10,38,42,12,30,64,8,56
2,138,50,88,71,24,47,67,26,41,51,23,28,87,27,60
2,104,42,62,51,20,31,53,22,31,49,21,28,55,21,34
0,112,50,62,54,24,30,58,26,32,58,26,32,48,18,30
0,102,46,56,50,22,28,52,24,28,60,32,28,42,14,28
3,92,32,60,45,16,29,46,16,30,42,14,28,50,18,32
1,116,22,94,38,10,28,59,12,47,52,14,38,64,8,56
1,122,26,96,38,10,28,64,16,48,54,14,40,68,12,56
1,108,22,86,49,10,39,55,12,43,41,11,30,66,10,56
3,90,34,56,44,16,28,46,18,28,50,22,28,40,12,28
1,116,30,86,55,12,43,51,18,33,44,14,30,72,16,56
2,176,74,102,90,36,54,86,38,48,84,42,42,91,31,60
4,110,52,58,55,26,29,55,26,29,64,34,30,45,17,28
2,134,48,86,72,24,48,62,24,38,50,22,28,84,26,58
0,108,50,58,53,24,29,55,26,29,65,35,30,43,15,28
1,116,24,92,42,12,30,57,12,45,52,16,36,64,8,56
1,120,28,92,60,16,44,58,12,46,51,15,36,69,13,56
1,112,24,88,44,10,34,58,14,44,46,14,32,66,10,56
4,102,44,58,51,22,29,51,22,29,60,30,30,42,14,28
2,138,64,74,69,32,37,69,32,37,66,36,30,72,28,44
0,104,46,58,53,24,29,51,22,29,50,20,30,54,26,28
4,84,28,56,40,12,28,44,16,28,42,14,28,42,14,28
0,116,50,66,52,22,30,62,28,34,62,26,36,54,24,30
4,144,38,106,72,18,54,72,20,52,47,19,28,97,19,78
4,132,60,72,62,28,34,70,32,38,69,35,34,63,25,38
2,94,36,58,47,18,29,47,18,29,45,17,28,48,18,30
3,76,18,58,37,8,29,38,10,28,38,8,30,38,10,28
2,98,40,58,49,20,29,49,20,29,48,20,28,50,20,30
3,94,36,58,47,18,29,47,18,29,44,14,30,49,21,28
2,152,48,104,75,26,49,77,22,55,60,22,38,92,26,66
3,98,36,62,49,18,31,49,18,31,48,14,34,49,21,28
3,138,70,68,66,32,34,72,38,34,69,35,34,69,35,34
3,258,102,156,113,52,61,126,50,76,111,45,66,144,54,90
2,106,42,64,51,20,31,55,22,33,47,19,28,59,23,36
2,108,46,62,54,22,32,54,24,30,50,22,28,57,23,34
4,100,44,56,50,22,28,50,22,28,57,29,28,43,15,28
2,198,82,116,82,40,42,115,42,73,98,44,54,99,37,62
0,102,44,58,52,22,30,50,22,28,61,31,30,41,13,28
0,108,46,62,51,22,29,57,24,33,59,27,32,48,18,30
0,244,108,136,120,54,66,121,54,67,102,44,58,139,61,78
0,174,76,98,87,38,49,87,38,49,81,39,42,93,37,56
4,134,58,76,55,24,31,79,34,45,90,42,48,44,16,28
3,122,64,58,60,32,28,62,32,30,50,26,24,69,35,34
3,94,36,58,44,16,28,49,20,29,41,11,30,51,23,28
3,138,52,86,70,30,40,61,22,39,50,18,32,83,29,54
4,116,52,64,56,26,30,60,26,34,50,20,30,65,31,34
3,96,38,58,47,18,29,49,20,29,48,18,30,47,19,28
2,110,44,66,56,22,34,54,22,32,45,19,26,64,24,40
3,130,52,78,59,24,35,65,28,37,62,24,38,64,24,40
3,82,24,58,42,12,30,40,12,28,40,12,28,42,12,30
0,306,150,156,152,78,74,149,72,77,175,89,86,127,57,70
3,88,28,60,44,14,30,44,14,30,46,14,32,42,14,28
0,106,50,56,52,24,28,54,26,28,58,30,28,48,20,28
4,90,34,56,44,16,28,46,18,28,42,14,28,47,19,28
4,132,64,68,64,30,34,67,34,33,71,35,36,56,24,32
2,156,58,98,76,28,48,80,30,50,72,24,48,84,34,50
4,132,46,86,43,18,25,88,28,60,54,18,36,77,27,50
1,112,24,88,46,10,36,58,14,44,44,12,32,68,12,56
1,74,18,56,36,8,28,38,10,28,39,11,28,35,7,28
2,128,46,82,67,24,43,61,22,39,50,20,30,76,24,52
1,118,24,94,46,12,34,59,12,47,52,14,38,66,10,56
4,124,44,80,60,22,38,64,22,42,47,19,28,76,24,52
3,94,36,58,47,18,29,47,18,29,48,18,30,41,13,28
0,106,50,56,54,26,28,52,24,28,61,33,28,44,16,28
3,148,68,80,68,32,36,76,36,40,79,37,42,67,29,38
1,106,28,78,38,10,28,57,18,39,42,12,30,62,14,48
2,110,42,68,55,20,35,55,22,33,47,19,28,63,23,40
0,84,28,56,42,14,28,42,14,28,40,12,28,44,16,28
3,96,38,58,47,18,29,49,20,29,54,24,30,42,14,28
0,106,48,58,50,22,28,56,26,30,60,30,30,45,17,28
2,128,56,72,59,24,35,69,32,37,53,25,28,74,30,44
2,134,64,70,75,36,39,59,28,31,50,24,26,84,40,44
2,128,44,84,64,22,42,64,22,42,48,20,28,70,14,56
4,234,104,130,115,50,65,114,54,60,121,53,68,105,43,62
2,150,54,96,79,26,53,71,28,43,63,23,40,87,31,56
3,96,38,58,46,18,28,50,20,30,41,13,28,55,25,30
1,114,24,90,49,12,37,57,12,45,48,14,34,66,10,56
0,116,52,64,56,24,32,60,28,32,69,33,36,47,19,28
3,140,60,80,68,28,40,69,32,37,86,42,44,54,18,36
2,106,46,60,55,24,31,51,22,29,48,20,28,56,24,32
1,118,28,90,59,16,43,55,12,43,49,15,34,69,13,56
2,142,54,88,74,28,46,66,26,40,63,27,36,79,27,52
3,76,20,56,38,10,28,38,10,28,37,9,28,39,11,28
3,188,76,112,98,36,62,85,40,45,99,39,60,88,36,52
0,96,34,62,47,16,31,49,18,31,51,17,34,45,17,28
2,392,286,106,169,116,53,222,170,52,194,144,50,191,135,56
0,108,50,58,55,26,29,53,24,29,63,33,30,44,16,28
0,102,46,56,50,22,28,52,24,28,60,30,30,42,16,26
0,106,50,56,54,26,28,52,24,28,61,33,28,43,15,28
1,108,22,86,38,10,28,55,12,43,44,14,30,64,8,56
1,78,20,58,38,10,28,39,10,29,41,13,28,37,7,30
1,114,28,86,45,12,33,62,16,46,47,13,34,66,14,52
2,166,54,112,81,28,53,85,26,59,62,24,38,104,30,74
0,104,48,56,50,22,28,54,26,28,61,33,28,43,15,28
1,108,22,86,38,10,28,55,12,43,44,14,30,64,8,56
1,112,22,90,57,12,45,52,10,42,45,11,34,65,9,56
0,104,48,56,52,24,28,52,24,28,58,30,28,46,18,28
3,96,32,64,46,14,32,50,18,32,52,16,36,44,16,28
1,116,22,94,46,10,36,59,12,47,50,12,38,66,10,56
3,80,22,58,39,10,29,41,12,29,39,9,30,41,13,28
4,142,66,76,67,32,35,73,34,39,56,24,32,86,42,44
3,94,30,64,48,16,32,46,14,32,43,13,30,50,16,34
4,102,44,58,47,20,27,53,24,29,58,28,30,43,15,28
2,104,44,60,52,22,30,52,22,30,50,22,28,54,22,32
1,114,22,92,38,10,28,58,12,46,49,13,36,65,9,56
0,148,72,76,61,30,31,85,42,43,95,51,44,53,21,32
0,102,44,58,50,22,28,52,22,30,58,28,30,44,16,28
1,120,26,94,56,14,42,59,12,47,53,15,38,67,11,56
1,108,22,86,38,10,28,55,12,43,44,14,30,64,8,56
4,118,58,60,57,28,29,60,30,30,49,25,24,69,33,36
1,102,24,78,38,10,28,53,14,39,38,12,26,63,11,52
3,140,46,94,75,24,51,65,22,43,70,22,48,69,23,46
3,120,40,80,56,18,38,64,22,42,59,19,40,61,21,40
3,108,42,66,52,20,32,56,22,34,62,24,38,46,18,28
4,108,46,62,53,22,31,55,24,31,49,21,28,59,25,34
3,92,32,60,46,16,30,46,16,30,44,16,28,48,16,32
0,104,48,56,50,22,28,54,26,28,59,31,28,45,17,28
4,108,42,66,52,20,32,56,22,34,48,20,28,60,22,38
4,114,54,60,55,26,29,59,28,31,61,31,30,50,20,30
3,252,128,124,109,56,53,137,72,65,121,61,60,130,66,64
4,114,44,70,52,20,32,62,24,38,47,19,28,66,24,42
0,124,64,60,57,28,29,67,36,31,75,43,32,47,19,28
4,186,84,102,92,44,48,92,40,52,89,39,50,92,40,52
1,112,22,90,48,10,38,57,12,45,47,13,34,65,9,56
2,122,40,82,61,20,41,61,20,41,48,20,28,74,20,54
2,120,46,74,63,24,39,57,22,35,50,22,28,70,24,46
0,114,50,64,56,24,32,58,26,32,68,32,36,46,18,28
1,118,28,90,61,16,45,57,12,45,49,15,34,69,13,56
4,116,44,72,61,22,39,55,22,33,51,21,30,65,23,42
1,112,24,88,49,12,37,56,12,44,45,13,32,67,11,56
4,114,54,60,57,26,31,57,28,29,53,23,30,61,31,30
1,110,24,86,54,12,42,55,12,43,45,15,30,64,8,56
0,108,46,62,49,20,29,58,26,32,61,27,34,47,19,28
0,108,50,58,53,24,29,55,26,29,63,33,30,45,17,28
4,110,52,58,52,24,28,57,28,29,55,25,30,55,27,28
4,112,48,64,56,24,32,56,24,32,48,20,28,64,28,36
2,106,40,66,53,20,33,53,20,33,48,20,28,58,20,38
3,90,36,54,45,18,27,45,18,27,52,26,26,38,10,28
2,102,42,60,51,20,31,51,22,29,47,19,28,55,23,32
3,82,26,56,40,12,28,42,14,28,39,11,28,42,14,28
0,188,100,88,96,52,44,91,48,43,140,80,60,48,20,28
3,194,92,102,94,46,48,98,46,52,93,53,40,98,36,62
4,98,40,58,49,20,29,49,20,29,47,19,28,50,20,30
0,126,42,84,65,20,45,61,22,39,74,20,54,51,21,30
4,98,42,56,48,20,28,50,22,28,57,29,28,41,13,28
2,104,42,62,51,20,31,53,22,31,49,21,28,55,21,34
0,108,52,56,53,24,29,55,28,27,57,31,26,51,21,30
3,90,30,60,44,14,30,46,16,30,48,16,32,42,14,28
3,98,42,56,48,20,28,50,22,28,55,27,28,43,15,28
0,106,50,56,50,22,28,56,28,28,58,30,28,48,20,28
1,124,30,94,45,14,31,68,16,52,53,15,38,70,14,56
3,108,52,56,54,26,28,54,26,28,55,27,28,52,24,28
1,112,26,86,48,10,38,57,16,41,42,12,30,70,14,56
3,96,36,60,48,18,30,48,18,30,54,22,32,42,14,28
1,120,28,92,58,16,42,58,12,46,50,14,36,70,14,56
0,144,70,74,61,28,33,83,42,41,100,54,46,43,15,28
4,104,62,42,50,30,20,53,32,21,50,32,18,51,27,24
3,94,34,60,44,16,28,49,18,31,52,20,32,42,14,28
1,102,30,72,52,16,36,43,14,29,40,12,28,62,18,44
3,104,40,64,55,22,33,49,18,31,55,19,36,42,14,28
0,100,42,58,50,22,28,50,20,30,57,27,30,43,15,28
4,146,70,76,75,36,39,67,34,33,68,30,38,78,40,38
1,90,24,66,43,12,31,45,12,33,40,12,28,50,12,38
1,120,28,92,55,14,41,59,14,45,52,16,36,68,12,56
3,104,42,62,50,20,30,53,22,31,60,26,34,44,16,28
4,130,42,88,50,20,30,79,22,57,53,19,34,77,23,54
3,88,28,60,44,14,30,43,14,29,44,12,32,44,16,28
2,114,44,70,60,22,38,54,22,32,47,19,28,66,24,42
3,86,30,56,42,14,28,44,16,28,45,17,28,41,13,28
2,160,50,110,85,24,61,75,26,49,68,22,46,92,28,64
0,106,48,58,50,22,28,56,26,30,56,26,30,48,20,28
1,118,28,90,57,14,43,56,14,42,49,15,34,69,13,56
0,90,34,56,43,16,27,47,18,29,46,18,28,43,15,28
3,78,22,56,38,10,28,40,12,28,37,9,28,41,13,28
0,100,44,56,50,22,28,50,22,28,58,30,28,42,14,28
1,112,22,90,47,10,37,57,12,45,48,14,34,64,8,56
4,138,62,76,72,32,40,63,30,33,89,41,48,49,21,28
0,134,66,68,64,32,32,69,34,35,79,39,40,52,24,28
3,168,76,92,82,40,42,81,36,45,79,37,42,87,37,50
4,92,36,56,46,18,28,46,18,28,44,16,28,48,20,28
3,80,20,60,42,12,30,38,8,30,44,12,32,36,8,28
3,92,32,60,46,16,30,46,16,30,54,22,32,38,10,28
0,106,48,58,50,22,28,56,26,30,61,31,30,45,17,28
2,118,50,68,58,24,34,60,26,34,63,27,36,54,22,32
2,108,46,62,56,24,32,52,22,30,53,23,30,54,22,32
2,126,46,80,61,22,39,65,24,41,49,21,28,77,25,52
0,122,60,62,59,28,31,62,32,30,67,37,30,55,23,32
2,136,44,92,66,22,44,70,22,48,70,22,48,66,22,44
0,100,42,58,49,20,29,51,22,29,58,28,30,42,14,28
1,118,22,96,53,10,43,60,12,48,54,14,40,64,8,56
1,118,24,94,57,12,45,59,12,47,52,14,38,66,10,56
3,96,32,64,46,14,32,50,18,32,45,15,30,51,17,34
1,132,40,92,65,20,45,63,20,43,78,24,54,54,16,38
4,124,50,74,63,26,37,59,24,35,61,23,38,61,25,36
2,130,64,66,61,28,33,68,36,32,70,34,36,60,30,30
0,184,88,96,93,46,47,86,42,44,136,68,68,42,14,28
4,108,50,58,52,24,28,56,26,30,65,35,30,43,15,28
0,110,52,58,55,26,29,55,26,29,54,24,30,56,28,28
0,104,48,56,52,24,28,52,24,28,59,31,28,45,17,28
4,128,48,80,57,22,35,71,26,45,47,21,26,81,27,54
2,126,52,74,62,26,36,64,26,38,50,22,28,76,30,46
4,110,42,68,54,20,34,56,22,34,49,21,28,61,21,40
3,102,34,68,41,14,27,59,20,39,54,16,38,48,18,30
0,174,70,104,86,36,50,88,34,54,68,32,36,102,34,68
1,88,24,64,38,10,28,46,14,32,44,14,30,43,9,34
1,116,28,88,48,14,34,58,14,44,44,12,32,70,14,56
3,120,50,70,58,22,36,62,28,34,71,29,42,47,19,28
0,94,38,56,46,18,28,48,20,28,49,21,28,45,17,28
2,112,50,62,54,24,30,58,26,32,49,21,28,63,29,34
4,128,54,74,63,26,37,65,28,37,53,23,30,75,31,44
4,124,42,82,64,22,42,60,20,40,48,20,28,76,22,54
0,124,58,66,61,30,31,63,28,35,74,36,38,48,20,28
2,284,120,164,129,52,77,152,68,84,180,92,88,102,26,76
0,114,56,58,56,28,28,58,28,30,69,39,30,45,17,28
4,104,40,64,46,18,28,56,22,34,47,17,30,57,23,34
0,112,54,58,55,26,29,57,28,29,54,24,30,58,30,28
3,102,44,58,51,22,29,51,22,29,56,26,30,45,17,28
1,114,22,92,52,10,42,58,12,46,49,13,36,64,8,56
1,110,24,86,38,10,28,57,14,43,47,15,32,63,9,54
2,346,174,172,178,88,90,162,86,76,148,70,78,193,99,94
4,114,52,62,54,24,30,60,28,32,49,21,28,64,30,34
4,106,48,58,52,24,28,54,24,30,62,32,30,44,16,28
0,106,48,58,54,26,28,52,22,30,57,27,30,45,17,28
3,106,36,70,54,18,36,51,18,33,56,20,36,50,16,34
1,122,28,94,44,12,32,65,16,49,51,13,38,70,14,56
4,162,72,90,78,36,42,84,36,48,56,24,32,104,46,58
2,106,48,58,51,22,29,55,26,29,57,27,30,49,21,28
2,188,70,118,57,20,37,130,50,80,103,43,60,85,27,58
3,116,48,68,54,22,32,62,26,36,56,20,36,57,25,32
4,106,48,58,50,22,28,56,26,30,62,32,30,44,16,28
0,108,40,68,49,18,31,58,22,36,62,22,40,46,18,28
2,136,46,90,70,22,48,66,24,42,51,21,30,85,25,60
4,106,44,62,50,20,30,56,24,32,47,19,28,58,24,34
2,150,62,88,68,28,40,79,34,45,85,35,50,62,24,38
3,100,42,58,51,22,29,49,20,29,53,23,30,46,18,28
2,132,44,88,66,22,44,66,22,44,50,22,28,82,22,60
0,98,42,56,48,20,28,50,22,28,57,29,28,41,13,28
3,114,38,76,54,18,36,60,20,40,68,22,46,42,12,30
1,126,34,92,48,14,34,72,20,52,52,16,36,74,18,56
2,162,44,118,82,22,60,80,22,58,58,22,36,104,22,82
3,120,54,66,60,26,34,58,28,30,70,32,38,49,21,28
4,104,48,56,52,24,28,52,24,28,60,32,28,44,16,28
0,184,76,108,86,32,54,95,44,51,137,57,80,47,19,28
1,120,32,88,54,16,38,60,16,44,53,15,38,66,16,50
4,114,46,68,56,22,34,58,24,34,51,21,30,63,25,38
4,106,50,56,52,24,28,54,26,28,51,23,28,55,27,28
1,116,32,84,45,16,29,58,16,42,46,14,32,70,18,52
4,158,58,100,98,34,64,60,24,36,83,33,50,75,25,50
4,112,48,64,53,22,31,59,26,33,67,31,36,45,17,28
0,114,56,58,57,28,29,57,28,29,66,36,30,48,20,28
2,132,44,88,69,20,49,63,24,39,47,19,28,84,24,60
4,102,46,56,50,22,28,52,24,28,48,20,28,54,26,28
0,106,50,56,52,24,28,54,26,28,59,31,28,46,18,28
3,92,36,56,46,18,28,46,18,28,50,22,28,41,13,28
3,98,42,56,50,22,28,48,20,28,50,22,28,48,20,28
0,116,54,62,57,26,31,59,28,31,67,33,34,49,21,28
1,114,22,92,38,10,28,58,12,46,50,14,36,64,8,56
0,110,52,58,55,26,29,55,26,29,66,36,30,43,15,28
4,130,50,80,67,24,43,63,26,37,56,24,32,74,26,48
0,84,28,56,42,14,28,42,14,28,41,13,28,43,15,28
4,106,38,68,51,18,33,54,20,34,51,19,32,55,19,36
4,98,42,56,50,22,28,48,20,28,50,22,28,48,20,28
0,112,46,66,51,22,29,61,24,37,51,21,30,60,24,36
3,110,38,72,53,16,37,57,22,35,70,26,44,39,11,28
4,118,40,78,57,20,37,60,20,40,47,19,28,71,21,50
2,98,36,62,49,18,31,49,18,31,46,18,28,52,18,34
0,124,60,64,56,24,32,67,36,31,83,47,36,41,13,28
1,110,20,90,55,10,45,55,10,45,46,12,34,64,8,56
3,100,36,64,48,18,30,51,18,33,45,15,30,54,20,34
1,98,26,72,40,12,28,50,14,36,41,13,28,57,13,44
0,108,50,58,52,24,28,55,26,29,63,33,30,45,17,28
0,114,52,62,60,28,32,53,24,29,72,38,34,42,14,28
0,154,52,102,76,26,50,78,26,52,72,24,48,81,27,54
1,148,34,114,74,18,56,71,16,55,82,24,58,66,10,56
4,122,50,72,61,26,35,61,24,37,73,29,44,49,21,28
0,102,44,58,49,20,29,53,24,29,60,30,30,42,14,28
1,116,24,92,38,10,28,60,14,46,50,14,36,66,10,56
0,108,50,58,53,24,29,55,26,29,66,36,30,42,14,28
3,104,46,58,53,24,29,51,22,29,57,27,30,47,19,28
2,124,40,84,65,20,45,59,20,39,47,19,28,77,21,56
0,114,54,60,56,26,30,57,28,29,67,35,32,47,19,28
3,88,30,58,42,14,28,45,16,29,50,20,30,38,10,28
3,100,42,58,52,22,30,48,20,28,53,25,28,46,16,30
4,98,40,58,49,20,29,49,20,29,48,20,28,50,20,30
2,108,42,66,54,20,34,54,22,32,47,19,28,61,23,38
2,142,50,92,72,24,48,70,26,44,63,23,40,78,26,52
1,118,22,96,54,12,42,58,10,48,54,14,40,63,7,56
3,86,30,56,42,14,28,44,16,28,43,15,28,43,15,28
0,110,52,58,58,28,30,52,24,28,65,35,30,45,17,28
2,100,42,58,49,20,29,51,22,29,48,20,28,51,21,30
3,78,20,58,38,10,28,39,10,29,40,10,30,38,10,28
0,100,44,56,48,20,28,52,24,28,57,29,28,43,15,28
3,94,38,56,48,20,28,46,18,28,52,24,28,42,14,28
1,112,28,84,50,14,36,57,14,43,44,14,30,66,12,54
1,118,26,92,44,12,32,64,14,50,49,13,36,69,13,56
1,128,50,78,65,26,39,63,24,39,50,22,28,78,28,50
3,96,34,62,47,16,31,49,18,31,53,19,34,43,15,28
1,116,24,92,38,10,28,60,14,46,51,15,36,65,9,56
1,126,32,94,49,14,35,65,18,47,54,16,38,71,15,56
4,108,44,64,54,22,32,54,22,32,46,18,28,62,26,36
0,100,44,56,50,22,28,50,22,28,56,28,28,44,16,28
0,110,52,58,52,24,28,57,28,29,66,36,30,44,16,28
1,122,26,96,56,12,44,62,14,48,54,14,40,68,12,56
0,112,52,60,56,26,30,56,26,30,69,37,32,43,15,28
2,146,44,102,75,22,53,71,22,49,48,20,28,97,23,74
2,118,54,64,53,24,29,65,30,35,53,23,30,63,29,34
3,94,34,60,48,18,30,46,16,30,54,22,32,40,12,28
0,126,58,68,62,28,34,63,30,33,77,37,40,44,16,28
3,96,28,68,42,12,30,52,16,36,55,15,40,41,13,28
3,102,34,68,48,16,32,54,18,36,57,19,38,45,15,30
4,118,46,72,62,24,38,56,22,34,49,21,28,68,24,44
3,152,58,94,76,28,48,75,30,45,100,36,64,52,22,30
4,120,56,64,55,24,31,64,32,32,53,23,30,67,33,34
0,200,126,74,91,58,33,109,68,41,158,112,46,41,13,28
3,86,22,64,44,12,32,41,10,31,48,12,36,38,10,28
4,136,46,90,69,24,45,67,22,45,49,21,28,87,25,62
1,116,22,94,38,10,28,59,12,47,52,14,38,64,8,56
3,96,40,56,48,20,28,48,20,28,50,22,28,46,18,28
0,110,50,60,55,24,31,55,26,29,63,31,32,47,19,28
3,152,88,64,80,48,32,72,40,32,80,42,38,72,46,26
0,114,50,64,53,22,31,61,28,33,64,32,32,50,18,32
0,104,48,56,52,24,28,52,24,28,59,31,28,45,17,28
3,100,42,58,49,20,29,51,22,29,54,24,30,46,18,28
4,136,70,66,70,36,34,66,34,32,73,39,34,60,28,32
1,108,26,82,46,12,34,55,14,41,50,14,36,58,12,46
1,116,24,92,48,12,36,59,12,47,49,13,36,67,11,56
1,120,26,94,58,14,44,59,12,47,52,14,38,68,12,56
2,124,44,80,61,22,39,63,22,41,48,20,28,75,23,52
4,118,52,66,55,24,31,63,28,35,53,25,28,65,27,38
1,114,24,90,51,12,39,57,12,45,45,11,34,68,12,56
0,104,48,56,52,24,28,52,24,28,62,34,28,42,14,28
4,92,34,58,45,16,29,47,18,29,48,18,30,44,16,28
4,124,58,66,58,28,30,64,30,34,60,26,34,64,32,32
1,108,22,86,37,10,27,55,12,43,44,14,30,64,8,56
2,108,46,62,52,22,30,55,24,31,51,23,28,57,23,34
1,114,22,92,47,10,37,58,12,46,50,14,36,64,8,56
2,134,62,72,61,28,33,70,34,36,79,41,38,55,21,34
0,108,50,58,53,24,29,55,26,29,60,30,30,48,20,28
3,96,36,60,45,16,29,50,20,30,55,23,32,41,13,28
1,104,24,80,38,10,28,54,14,40,39,11,28,62,10,52
3,78,18,60,38,8,30,39,10,29,40,8,32,38,10,28
3,84,26,58,43,14,29,41,12,29,43,13,30,39,11,28
1,122,28,94,58,16,42,59,12,47,54,16,38,68,12,56
4,122,50,72,64,26,38,58,24,34,60,22,38,59,25,34
3,98,40,58,47,18,29,51,22,29,50,20,30,48,20,28
4,116,44,72,61,24,37,54,20,34,51,21,30,64,22,42
3,90,28,62,43,12,31,47,16,31,49,15,34,41,13,28
4,114,44,70,61,22,39,53,22,31,47,19,28,67,25,42
3,96,38,58,47,18,29,49,20,29,48,18,30,48,20,28
0,142,70,72,79,42,37,59,28,31,100,56,44,42,14,28
3,104,30,74,50,14,36,53,16,37,65,19,46,39,11,28
4,106,40,66,50,20,30,56,20,36,59,23,36,47,17,30
1,106,24,82,47,12,35,53,12,41,41,13,28,65,11,54
3,100,42,58,49,20,29,51,22,29,46,18,28,54,24,30
4,98,40,58,49,20,29,49,20,29,51,21,30,47,19,28
3,100,36,64,50,18,32,47,18,29,58,22,36,42,14,28
0,96,40,56,48,20,28,48,20,28,48,20,28,48,20,28
3,196,86,110,97,44,53,94,42,52,98,44,54,96,40,56
4,158,66,92,77,32,45,81,34,47,96,40,56,61,25,36
0,246,124,122,126,62,64,118,62,56,140,76,64,104,46,58
4,124,40,84,60,20,40,64,20,44,47,19,28,76,20,56
4,124,66,58,63,32,31,61,34,27,71,41,30,53,25,28
1,116,22,94,39,10,29,59,12,47,50,12,38,66,10,56
3,100,38,62,46,18,28,52,20,32,59,25,34,41,13,28
2,144,62,82,84,36,48,59,26,33,74,36,38,70,26,44
0,160,82,78,73,36,37,85,46,39,111,61,50,49,21,28
2,196,78,118,81,30,51,114,48,66,96,38,58,99,39,60
1,114,22,92,36,8,28,60,14,46,48,12,36,66,10,56
0,126,50,76,61,24,37,63,26,37,67,27,40,59,23,36
0,104,48,56,52,24,28,52,24,28,60,32,28,44,16,28
1,118,28,90,49,14,35,59,14,45,49,15,34,68,12,56
2,140,58,82,86,38,48,54,20,34,78,38,40,62,20,42
2,212,92,120,106,48,58,104,44,60,134,68,66,78,24,54
3,118,54,64,59,26,33,59,28,31,70,34,36,48,20,28
0,104,50,54,51,24,27,53,26,27,57,31,26,47,19,28
1,118,26,92,59,14,45,58,12,46,50,14,36,68,12,56
1,114,26,88,42,12,30,58,14,44,48,16,32,66,10,56
3,96,36,60,41,14,27,54,22,32,55,23,32,40,12,28
2,136,46,90,67,22,45,69,24,45,51,23,28,85,23,62
3,78,22,56,38,10,28,40,12,28,39,11,28,38,10,28
0,114,54,60,58,28,30,56,26,30,63,31,32,51,23,28
3,76,20,56,38,10,28,38,10,28,37,9,28,39,11,28
0,108,48,60,53,24,29,55,24,31,51,21,30,56,26,30
0,104,48,56,52,24,28,52,24,28,56,28,28,48,20,28
4,98,42,56,48,20,28,50,22,28,49,21,28,49,21,28
2,134,44,90,73,22,51,61,22,39,51,21,30,83,23,60
0,140,60,80,71,30,41,69,30,39,47,23,24,92,36,56
0,104,48,56,52,24,28,52,24,28,52,24,28,44,16,28
3,110,40,70,55,20,35,55,20,35,65,23,42,43,15,28
2,96,40,56,48,20,28,48,20,28,46,20,26,50,20,30
4,106,56,50,54,28,26,52,28,24,46,22,24,60,34,26
2,126,44,82,64,22,42,62,22,40,54,20,34,71,23,48
1,118,22,96,52,10,42,60,12,48,52,12,40,64,8,56
3,102,36,66,41,12,29,56,24,32,45,13,32,56,22,34
0,104,48,56,52,24,28,52,24,28,62,34,28,42,14,28
2,122,48,74,54,20,34,67,28,39,66,28,38,56,20,36
3,98,42,56,48,20,28,50,22,28,54,26,28,43,15,28
0,156,62,94,76,30,46,80,32,48,62,26,36,92,34,58
3,110,32,78,54,16,38,56,16,40,69,19,50,37,9,28
1,112,24,88,56,12,44,55,12,43,46,14,32,66,10,56
2,104,44,60,52,22,30,52,22,30,50,22,28,54,22,32
1,114,22,92,38,10,28,58,12,46,49,13,36,64,8,56
2,132,52,80,68,26,42,63,26,37,66,30,36,66,22,44
4,172,76,96,86,38,48,83,38,45,80,36,44,89,37,52
1,116,22,94,38,10,28,59,12,47,51,13,38,65,9,56
0,106,46,60,52,22,30,54,24,30,63,33,30,43,13,30
0,104,48,56,52,24,28,52,24,28,59,31,28,45,17,28
4,188,60,128,86,30,56,102,30,72,55,23,32,133,37,96
3,80,20,60,39,10,29,40,10,30,42,10,32,38,10,28
2,106,38,68,48,18,30,58,20,38,50,20,30,56,18,38
1,116,28,88,58,14,44,52,14,38,47,15,32,69,13,56
0,104,48,56,52,24,28,52,24,28,57,29,28,47,19,28
0,118,52,66,58,26,32,60,26,34,70,32,38,48,20,28
0,148,72,76,69,32,37,78,40,38,91,45,46,57,27,30
2,124,42,82,60,20,40,64,22,42,50,20,30,74,22,52
4,144,60,84,63,26,37,81,34,47,74,34,40,68,24,44
3,98,40,58,47,18,29,51,22,29,46,16,30,51,23,28
1,118,24,94,48,10,38,61,14,47,52,14,38,66,10,56
0,110,48,62,58,26,32,50,22,28,68,34,34,42,14,28
2,122,48,74,61,24,37,61,24,37,48,20,28,74,28,46
4,130,60,70,66,30,36,64,30,34,58,26,32,70,32,38
1,116,26,90,58,14,44,57,12,45,48,14,34,68,12,56
4,208,92,116,112,50,62,94,42,52,95,43,52,111,47,64
0,202,136,66,97,66,31,104,70,34,127,87,40,71,45,26
1,114,22,92,38,10,28,58,12,46,50,14,36,64,8,56
4,120,48,72,63,26,37,55,22,33,53,21,32,66,26,40
0,100,42,58,49,20,29,51,22,29,58,28,30,41,13,28
0,108,52,56,54,26,28,54,26,28,52,24,28,48,20,28
4,134,48,86,62,22,40,72,26,46,48,20,28,85,27,58
1,112,24,88,38,10,28,58,14,44,46,14,32,66,10,56
0,118,56,62,59,28,31,59,28,31,56,26,30,60,28,32
1,112,22,90,47,10,37,57,12,45,48,14,34,64,8,56
1,132,36,96,50,18,32,66,18,48,58,18,40,73,17,56
4,100,42,58,51,22,29,49,20,29,47,19,28,53,23,30
0,98,42,56,48,20,28,50,22,28,48,20,28,43,15,28
4,104,42,62,49,20,29,55,22,33,47,19,28,57,23,34
0,160,84,76,73,36,37,87,48,39,96,54,42,62,28,34
1,118,28,90,61,16,45,40,12,28,48,14,34,70,14,56
0,106,48,58,52,22,30,54,26,28,63,33,30,43,15,28
1,118,26,92,49,12,37,60,14,46,52,14,38,66,12,54
4,114,52,62,52,24,28,62,28,34,72,38,34,42,14,28
0,184,102,82,94,52,42,89,50,39,115,65,50,61,29,32
1,116,24,92,58,12,46,53,12,41,51,15,36,65,9,56
2,168,54,114,86,26,60,81,28,53,65,23,42,102,30,72
0,110,52,58,53,24,29,57,28,29,66,36,30,44,16,28
2,100,34,66,49,16,33,51,18,33,45,17,28,55,17,38
0,102,44,58,49,20,29,52,24,28,55,25,30,46,18,28
0,98,40,58,48,20,28,49,20,29,56,26,30,42,14,28
4,120,44,76,61,20,41,59,24,35,49,21,28,71,23,48
3,128,38,90,58,16,42,68,22,46,72,22,50,55,15,40
1,124,30,94,59,14,45,63,16,47,53,15,38,71,15,56
1,112,22,90,38,10,28,57,12,45,47,13,34,65,9,56
0,148,64,84,67,30,37,76,34,42,73,31,42,75,33,42
2,160,44,116,84,22,62,76,22,54,63,21,42,96,22,74
4,198,92,106,96,48,48,98,44,54,97,47,50,96,40,56
1,116,34,82,45,16,29,59,18,41,45,17,28,71,17,54
0,114,42,72,55,20,35,58,22,36,67,23,44,46,18,28
0,108,50,58,53,24,29,55,26,29,64,34,30,44,16,28
3,82,26,56,40,12,28,42,14,28,41,13,28,40,12,28
0,100,44,56,50,22,28,50,22,28,58,30,28,42,14,28
0,102,46,56,50,22,28,52,24,28,61,33,28,41,13,28
0,138,62,76,59,26,33,79,36,43,83,41,42,54,20,34
3,110,38,72,53,18,35,57,20,37,60,20,40,50,18,32
4,128,48,80,66,24,42,62,24,38,48,20,28,80,28,52
1,106,28,78,53,14,39,47,14,33,42,14,28,64,14,50
3,90,32,58,45,16,29,45,16,29,46,16,30,44,16,28
1,112,26,86,50,12,38,57,14,43,43,13,30,69,13,56
1,100,20,80,38,10,28,50,10,40,39,11,28,60,8,52
3,136,62,74,63,30,33,71,32,39,77,33,44,57,27,30
0,126,60,66,65,32,33,58,28,30,83,45,38,42,14,28
2,106,44,62,48,20,28,58,24,34,48,20,28,58,24,34
1,114,22,92,38,10,28,58,12,46,48,12,36,66,10,56
1,116,22,94,39,10,29,59,12,47,51,13,38,65,9,56
3,92,34,58,45,16,29,47,18,29,42,12,30,50,22,28
2,96,36,60,50,18,32,46,18,28,45,17,28,51,19,32
2,164,68,96,87,36,51,77,32,45,70,34,36,94,34,60
2,104,40,64,52,20,32,52,20,32,48,18,30,56,22,34
2,104,42,62,51,20,31,53,22,31,48,20,28,56,22,34
0,120,50,70,62,24,38,58,26,32,48,20,28,72,30,42
2,130,46,84,60,22,38,70,24,46,55,23,32,75,23,52
1,124,30,94,59,14,45,63,16,47,52,14,38,72,16,56
1,110,18,92,56,10,46,36,8,28,47,11,36,62,6,56
0,122,56,66,63,28,35,59,28,31,57,25,32,64,30,34
1,104,26,78,43,12,31,53,14,39,41,13,28,63,13,50
2,104,42,62,55,22,33,49,20,29,50,22,28,54,20,34
2,146,60,86,66,30,36,79,30,49,65,27,38,79,31,48
3,92,28,64,45,14,31,46,14,32,52,16,36,39,11,28
2,104,44,60,53,22,31,51,22,29,50,22,28,54,22,32
3,84,26,58,41,12,29,42,14,28,37,9,28,46,16,30
2,104,40,64,52,20,32,52,20,32,47,17,30,56,22,34
4,130,44,86,65,22,43,65,22,43,54,22,32,76,22,54
3,96,34,62,46,16,30,49,18,31,45,15,30,51,19,32
4,120,50,70,64,28,36,54,22,32,52,22,30,68,28,40
1,128,34,94,61,18,43,63,16,47,55,17,38,72,16,56
2,118,52,66,58,26,32,60,26,34,49,21,28,69,31,38
3,98,38,60,47,18,29,51,20,31,55,23,32,43,15,28
4,118,48,70,59,24,35,59,24,35,45,19,26,73,29,44
1,114,28,86,57,14,43,54,14,40,46,16,30,68,12,56
3,130,54,76,69,30,39,57,24,33,51,21,30,79,33,46
3,96,36,60,47,18,29,48,18,30,48,18,30,48,18,30
0,128,60,68,62,30,32,66,30,36,80,40,40,48,20,28
3,80,22,58,41,12,29,38,10,28,42,12,30,38,10,28
0,98,44,54,49,22,27,49,22,27,55,29,26,43,15,28
0,120,44,76,62,22,40,57,22,35,68,24,44,52,20,32
1,116,22,94,40,10,30,59,12,47,52,14,38,64,8,56
2,148,48,100,79,24,55,69,24,45,52,22,30,96,26,70
0,102,46,56,48,20,28,54,26,28,55,27,28,47,19,28
0,110,54,56,54,26,28,56,28,28,66,38,28,44,16,28
1,118,22,96,46,10,36,60,12,48,54,14,40,64,8,56
0,104,46,58,51,22,29,53,24,29,60,30,30,44,16,28
0,104,46,58,51,22,29,53,24,29,61,31,30,43,15,28
4,94,38,56,46,18,28,48,20,28,45,17,28,47,19,28
3,78,22,56,38,10,28,40,12,28,39,11,28,39,11,28
0,104,48,56,50,22,28,54,26,28,62,34,28,42,14,28
2,134,46,88,68,22,46,66,24,42,50,22,28,84,24,60
1,126,32,94,56,14,42,65,18,47,52,14,38,74,18,56
2,126,54,72,58,24,34,67,30,37,67,29,38,58,24,34
4,102,40,62,49,20,29,53,20,33,46,18,28,55,21,34
3,94,36,58,45,16,29,49,20,29,48,18,30,46,18,28
3,90,34,56,44,16,28,46,18,28,43,15,28,47,19,28
1,112,22,90,55,10,45,56,12,44,47,13,34,64,8,56
0,114,50,64,55,24,31,59,26,33,75,37,38,39,13,26
0,102,46,56,50,22,28,52,24,28,50,22,28,52,24,28
0,120,60,60,59,30,29,61,30,31,58,30,28,58,26,32
2,108,40,68,54,20,34,54,20,34,50,20,30,58,20,38
0,98,42,56,48,20,28,50,22,28,55,27,28,43,15,28
3,100,34,66,49,16,33,51,18,33,54,16,38,46,18,28
0,106,50,56,52,24,28,54,26,28,61,33,28,45,17,28
0,110,50,60,54,24,30,55,26,29,65,33,32,45,17,28
4,106,44,62,52,22,30,54,22,32,49,21,28,57,23,34
1,128,30,98,61,14,47,65,16,49,56,14,42,71,15,56
4,112,56,56,56,28,28,56,28,28,58,28,30,52,26,26
3,112,40,72,46,18,28,65,22,43,63,23,40,48,16,32
2,136,44,92,55,22,33,81,22,59,55,23,32,81,21,60
1,118,26,92,56,14,42,58,12,46,49,13,36,68,12,56
1,120,30,90,55,14,41,61,16,45,48,14,34,71,15,56
4,104,38,66,50,18,32,54,20,34,46,18,28,57,19,38
4,140,44,96,66,22,44,74,22,52,48,20,28,91,23,68
0,116,56,60,54,26,28,61,30,31,59,29,30,57,27,30
4,210,96,114,105,50,55,105,46,59,89,43,46,117,49,68
1,120,26,94,50,12,38,61,14,47,52,14,38,68,12,56
3,92,34,58,45,16,29,47,18,29,46,16,30,46,18,28
3,88,30,58,43,14,29,45,16,29,45,15,30,43,15,28
1,110,22,88,38,10,28,56,12,44,44,12,32,66,10,56
0,108,52,56,54,26,28,54,26,28,63,35,28,45,17,28
4,220,108,112,115,58,57,104,50,54,117,57,60,97,45,52
1,368,254,114,181,120,61,183,134,49,156,108,48,211,145,66
1,118,26,92,53,14,39,55,12,43,50,14,36,68,12,56
0,172,72,100,74,32,42,92,40,52,109,51,58,62,20,42
4,90,30,60,43,14,29,46,16,30,45,13,32,45,17,28
2,106,40,66,53,20,33,53,20,33,48,20,28,58,20,38
1,96,16,80,48,8,40,41,8,33,44,8,36,52,8,44
2,96,34,62,48,18,30,47,16,31,44,16,28,52,18,34
4,130,52,78,70,28,42,60,24,36,52,24,28,77,27,50
1,116,24,92,40,12,28,58,12,46,50,14,36,66,10,56
0,124,58,66,57,26,31,67,32,35,78,40,38,45,17,28
2,92,38,54,46,18,28,46,20,26,43,17,26,49,21,28
2,116,52,64,57,26,31,59,26,33,54,24,30,62,28,34
3,114,48,66,55,24,31,57,24,33,57,23,34,56,24,32
1,122,28,94,46,12,34,63,16,47,52,14,38,70,14,56
4,138,70,68,66,34,32,71,36,35,58,26,32,80,44,36
0,104,46,58,51,22,29,53,24,29,60,30,30,44,16,28
0,230,116,114,126,66,60,101,50,51,143,79,64,82,32,50
4,104,46,58,51,22,29,53,24,29,51,21,30,53,25,28
0,106,48,58,53,24,29,53,24,29,61,31,30,45,17,28
3,142,70,72,73,36,37,69,34,35,77,37,40,65,33,32
4,122,56,66,60,28,32,62,28,34,50,22,28,72,34,38
3,94,36,58,47,18,29,47,18,29,48,18,30,46,18,28
3,98,40,58,47,18,29,51,22,29,53,23,30,45,17,28
1,118,24,94,59,12,47,58,12,46,52,14,38,66,10,56
3,74,18,56,36,8,28,38,10,28,38,10,28,36,8,28
3,92,36,56,44,16,28,48,20,28,49,21,28,42,14,28
3,112,46,66,55,22,33,57,24,33,64,26,38,46,18,28
3,106,46,60,52,22,30,54,24,30,50,20,30,54,24,30
4,112,52,60,56,26,30,56,26,30,67,35,32,45,17,28
0,136,58,78,58,26,32,75,32,43,84,38,46,48,16,32
1,126,32,94,51,14,37,66,18,48,53,15,38,72,16,56
1,122,34,88,51,10,41,69,24,45,52,20,32,70,14,56
2,104,44,60,49,20,29,55,24,31,52,22,30,51,21,30
4,104,46,58,50,22,28,54,24,30,57,29,28,47,17,30
1,124,36,88,62,18,44,59,18,41,50,18,32,74,18,56
0,100,44,56,50,22,28,50,22,28,51,23,28,42,14,28
1,100,20,80,50,10,40,49,10,39,40,12,28,60,8,52
0,154,70,84,75,36,39,77,34,43,102,46,56,50,22,28
3,102,42,60,48,18,30,54,24,30,52,20,32,48,20,28
1,112,22,90,43,10,33,57,12,45,48,14,34,64,8,56
0,118,56,62,62,30,32,56,26,30,73,39,34,45,17,28
2,92,36,56,46,18,28,46,18,28,46,18,28,46,18,28
2,104,38,66,51,18,33,53,20,33,49,19,30,55,19,36
2,124,42,82,65,22,43,59,20,39,48,20,28,76,22,54
3,104,42,62,50,20,30,54,22,32,52,20,32,47,17,30
2,94,36,58,47,18,29,47,18,29,46,18,28,48,18,30
3,98,36,62,49,18,31,47,18,29,46,16,30,52,20,32
2,102,42,60,53,22,31,48,20,28,52,22,30,50,20,30
4,124,38,86,60,18,42,64,20,44,46,18,28,77,19,58
3,110,36,74,45,16,29,65,20,45,60,20,40,50,16,34
1,114,22,92,48,10,38,58,12,46,48,12,36,66,10,56
3,194,88,106,89,40,49,102,48,54,106,50,56,88,38,50
4,148,44,104,70,20,50,78,24,54,49,21,28,99,23,76
0,108,50,58,53,24,29,55,26,29,63,33,30,45,17,28
0,98,42,56,48,20,28,50,22,28,56,28,28,42,14,28
4,98,42,56,48,20,28,50,22,28,54,26,28,44,16,28
1,110,24,86,41,12,29,55,12,43,43,13,30,66,10,56
1,112,26,86,54,12,42,57,14,43,44,14,30,67,11,56
1,80,22,58,37,10,27,41,12,29,40,12,28,40,10,30
4,102,44,58,51,22,29,51,22,29,50,22,28,52,22,30
1,112,28,84,56,14,42,50,14,36,46,14,32,66,14,52
2,128,46,82,64,22,42,64,24,40,50,20,30,78,26,52
3,96,38,58,47,18,29,49,20,29,53,23,30,43,15,28
4,124,54,70,64,28,36,59,26,33,68,30,38,56,24,32
1,76,18,58,36,8,28,39,10,29,39,11,28,37,7,30
2,160,72,88,76,32,44,82,40,42,67,29,38,93,43,50
2,98,38,60,48,18,30,50,20,30,47,19,28,51,19,32
4,106,48,58,51,22,29,55,26,29,53,23,30,53,25,28
4,96,40,56,48,20,28,48,20,28,48,20,28,48,20,28
1,108,20,88,54,10,44,50,10,40,43,11,32,65,9,56
1,124,32,92,57,16,41,62,16,46,52,16,36,71,15,56
0,102,44,58,51,22,29,51,22,29,60,30,30,42,14,28
3,78,20,58,37,8,29,40,12,28,40,10,30,37,9,28
1,120,32,88,60,16,44,53,16,37,48,16,32,72,16,56
0,98,44,54,49,22,27,49,22,27,56,28,28,42,16,26
3,98,40,58,49,20,29,48,20,28,48,18,30,50,22,28
0,106,48,58,55,26,29,51,22,29,62,32,30,44,16,28
1,88,26,62,44,14,30,41,12,29,42,14,28,46,12,34
4,116,44,72,52,22,30,64,22,42,48,20,28,68,24,44
4,88,30,58,43,14,29,45,16,29,49,19,30,39,11,28
1,114,22,92,38,10,28,58,12,46,50,14,36,64,8,56
2,172,48,124,82,22,60,90,26,64,70,26,44,102,22,80
3,122,42,80,62,20,42,60,22,38,68,18,50,51,21,30
0,104,42,62,42,18,24,62,24,38,55,23,32,49,19,30
4,102,44,58,51,22,29,51,22,29,58,28,30,44,16,28
1,116,20,96,58,10,48,51,10,41,52,12,40,64,8,56
4,102,42,60,50,20,30,52,22,30,49,21,28,53,21,32
2,104,44,60,52,22,30,52,22,30,50,22,28,54,22,32
1,112,26,86,51,12,39,57,14,43,45,15,30,67,11,56
0,110,52,58,52,24,28,58,28,30,67,37,30,43,15,28
3,90,34,56,44,16,28,46,18,28,44,16,28,46,18,28
1,122,28,94,55,12,43,63,16,47,52,14,38,70,14,56
2,106,44,62,54,22,32,52,22,30,53,23,30,53,21,32
1,122,24,98,49,10,39,63,14,49,56,14,42,66,10,56
3,94,38,56,46,18,28,48,20,28,47,19,28,47,19,28
2,124,42,82,62,20,42,62,22,40,52,20,32,71,21,50
2,138,46,92,75,22,53,63,24,39,53,21,32,84,24,60
4,130,44,86,66,20,46,64,24,40,48,20,28,82,24,58
3,104,48,56,50,22,28,54,26,28,55,27,28,49,21,28
3,110,50,60,53,24,29,57,26,31,49,19,30,61,31,30
1,120,24,96,52,12,40,60,12,48,54,14,40,66,10,56
2,238,98,140,117,44,73,119,54,65,131,49,82,106,48,58
3,102,38,64,51,18,33,51,20,31,57,21,36,44,16,28
0,138,68,70,68,32,36,70,36,34,72,38,34,66,30,36
0,112,52,60,56,26,30,56,26,30,61,29,32,51,23,28
1,86,28,58,42,14,28,43,14,29,41,13,28,45,15,30
1,122,28,94,52,12,40,64,16,48,52,14,38,69,13,56
0,164,92,72,81,46,35,83,46,37,120,76,44,44,16,28
2,160,48,112,80,24,56,80,24,56,61,23,38,99,25,74
1,120,26,94,50,14,36,59,12,47,52,14,38,68,12,56
1,124,30,94,53,14,39,65,16,49,53,15,38,70,14,56
3,102,38,64,55,20,35,47,18,29,54,18,36,48,20,28
0,106,48,58,51,22,29,55,26,29,53,23,30,53,25,28
1,106,22,84,51,10,41,54,12,42,38,10,28,67,11,56
3,144,52,92,64,22,42,80,30,50,86,30,56,56,20,36
3,116,44,72,60,24,36,52,20,32,59,21,38,57,23,34
2,102,42,60,49,20,29,53,22,31,48,20,28,54,22,32
0,110,52,58,55,26,29,55,26,29,61,31,30,48,20,28
3,92,36,56,46,18,28,46,18,28,51,23,28,41,13,28
0,106,50,56,52,24,28,54,26,28,61,33,28,45,17,28
1,114,26,88,51,14,37,55,12,43,47,15,32,67,11,56
1,120,24,96,55,12,43,60,12,48,53,13,40,66,10,56
0,108,48,60,55,24,31,53,24,29,63,31,32,45,17,28
1,118,26,92,55,12,43,60,14,46,51,15,36,66,10,56
3,86,28,58,43,14,29,43,14,29,46,18,28,40,10,30
4,120,50,70,58,24,34,62,26,36,75,33,42,45,17,28
2,176,76,100,84,36,48,92,40,52,90,44,46,86,32,54
3,122,38,84,63,20,43,59,18,41,75,21,54,47,17,30
3,96,40,56,46,18,28,50,22,28,47,19,28,49,21,28
2,112,44,68,55,20,35,57,24,33,51,21,30,61,23,38
1,106,24,82,38,10,28,55,14,41,40,12,28,66,12,54
1,114,22,92,48,10,38,58,12,46,50,14,36,64,8,56
3,218,150,68,112,76,36,104,74,30,85,51,34,124,90,34
3,116,34,82,59,18,41,57,16,41,52,18,34,64,16,48
4,94,34,60,46,16,30,48,18,30,46,14,32,48,20,28
3,90,34,56,44,16,28,46,18,28,43,15,28,45,17,28
2,104,46,58,51,22,29,53,24,29,50,20,30,53,25,28
0,96,42,54,49,22,27,47,20,27,54,28,26,42,14,28
0,106,50,56,51,24,27,55,26,29,60,32,28,46,18,28
2,158,70,88,84,38,46,74,32,42,83,43,40,75,27,48
2,122,40,82,64,20,44,57,20,37,48,20,28,74,20,54
4,114,46,68,54,22,32,60,24,36,47,19,28,65,25,40
3,84,20,64,37,8,29,44,12,32,45,9,36,38,10,28
0,106,48,58,50,22,28,56,26,30,63,33,30,43,15,28
2,112,40,72,57,20,37,55,20,35,48,20,28,64,20,44
0,120,48,72,55,22,33,64,26,38,79,35,44,41,13,28
2,114,42,72,58,20,38,56,22,34,49,21,28,65,21,44
2,116,42,74,57,20,37,59,22,37,48,20,28,68,22,46
1,122,28,94,59,14,45,61,14,47,53,15,38,69,13,56
0,102,46,56,50,22,28,52,24,28,60,32,28,42,14,28
2,138,48,90,68,22,46,69,26,43,49,21,28,87,25,62
3,158,56,102,74,24,50,83,32,51,90,30,60,66,24,42
1,104,20,84,38,10,28,52,10,42,39,11,28,64,8,56
3,84,24,60,42,12,30,42,12,30,46,14,32,38,10,28
1,100,24,76,50,12,38,40,12,28,42,14,28,58,10,48
2,102,40,62,48,18,30,54,22,32,48,20,28,53,19,34
4,100,44,56,50,22,28,50,22,28,58,30,28,42,14,28
4,102,44,58,48,20,28,54,24,30,50,22,28,52,22,30
2,126,42,84,62,20,42,64,22,42,48,20,28,78,22,56
2,110,42,68,54,20,34,55,22,33,52,22,30,58,20,38
4,120,44,76,63,22,41,56,22,34,48,20,28,72,24,48
3,92,32,60,43,14,29,48,18,30,49,17,32,43,15,28
2,108,42,66,55,22,33,53,20,33,50,20,30,58,22,36
3,78,20,58,39,10,29,39,10,29,40,10,30,38,10,28
0,100,38,62,51,20,31,49,18,31,50,16,34,50,22,28
3,88,30,58,42,14,28,45,16,29,48,18,30,39,11,28
4,150,44,106,80,22,58,70,22,48,51,21,30,99,23,76
1,76,20,56,38,10,28,38,10,28,40,12,28,36,8,28
3,78,22,56,38,10,28,40,12,28,39,11,28,39,11,28
0,124,52,72,62,26,36,62,26,36,56,24,32,68,28,40
4,130,62,68,66,32,34,64,30,34,50,24,26,79,37,42
0,90,32,58,45,16,29,45,16,29,46,16,30,44,16,28
4,106,42,64,54,20,34,52,22,30,47,19,28,59,23,36
0,116,46,70,51,22,29,59,24,35,59,29,30,56,16,40
1,100,20,80,48,10,38,50,10,40,39,11,28,61,9,52
0,106,46,60,52,22,30,54,24,30,65,33,32,41,13,28
4,126,62,64,62,30,32,63,32,31,71,39,32,53,21,32
0,300,162,138,134,74,60,163,88,75,188,106,82,109,53,56
2,126,46,80,59,22,37,67,24,43,49,21,28,77,25,52
1,114,24,90,53,12,41,57,12,45,45,11,34,69,13,56
1,116,24,92,40,12,28,58,12,46,50,14,36,66,10,56
3,114,38,76,56,18,38,57,20,37,64,20,44,47,15,32
0,102,46,56,50,22,28,52,24,28,60,32,28,42,14,28
0,106,48,58,53,24,29,52,24,28,62,32,30,44,16,28
4,114,46,68,50,22,28,64,24,40,71,31,40,43,15,28
2,100,38,62,52,20,32,47,18,29,56,22,34,44,16,28
4,126,60,66,61,28,33,65,32,33,77,39,38,49,21,28
0,198,84,114,95,38,57,99,46,53,142,64,78,52,16,36
3,94,38,56,46,18,28,48,20,28,46,18,28,48,20,28
4,98,40,58,48,20,28,50,20,30,48,20,28,50,20,30
4,104,44,60,49,20,29,54,24,30,55,23,32,49,21,28
4,114,46,68,58,24,34,56,22,34,49,21,28,65,25,40
0,104,46,58,52,22,30,52,24,28,61,31,30,41,13,28
3,98,36,62,49,18,31,48,18,30,55,21,34,43,15,28
1,118,24,94,48,10,38,61,14,47,52,14,38,66,10,56
3,98,38,60,48,18,30,50,20,30,53,21,32,44,16,28
1,112,24,88,56,12,44,48,12,36,47,15,32,65,9,56
4,102,44,58,48,20,28,53,24,29,55,25,30,47,19,28
1,124,28,96,54,14,40,62,14,48,56,16,40,68,12,56
2,166,50,116,80,24,56,86,26,60,62,24,38,104,26,78
3,138,66,72,58,26,32,78,40,38,70,34,36,67,31,36
2,126,44,82,69,22,47,57,22,35,49,21,28,77,23,54
3,96,38,58,47,18,29,49,20,29,54,24,30,42,14,28
0,116,58,58,57,28,29,59,30,29,67,37,30,44,16,28
0,100,44,56,50,22,28,50,22,28,58,30,28,42,14,28
0,100,40,60,50,20,30,50,20,30,50,18,32,50,22,28
4,142,60,82,66,28,38,75,32,43,69,27,42,72,32,40
4,116,44,72,58,22,36,58,22,36,65,21,44,51,23,28
3,86,26,60,42,12,30,44,14,30,43,11,32,43,15,28
4,126,50,76,65,24,41,61,26,35,51,21,30,74,28,46
3,86,30,56,42,14,28,44,16,28,43,15,28,43,15,28
3,202,78,124,79,32,47,116,46,70,85,33,52,114,42,72
3,112,46,66,52,22,30,60,24,36,64,26,38,47,19,28
1,108,20,88,43,10,33,54,10,44,45,13,32,63,7,56
4,106,44,62,52,22,30,54,22,32,46,18,28,60,26,34
2,96,36,60,47,18,29,49,18,31,46,18,28,50,18,32
0,106,50,56,54,26,28,52,24,28,60,32,28,46,18,28
0,124,60,64,64,30,34,60,30,30,77,41,36,47,19,28
1,118,28,90,40,12,28,61,16,45,50,16,34,68,12,56
3,98,42,56,50,22,28,48,20,28,45,17,28,53,25,28
3,88,30,58,43,14,29,45,16,29,47,17,30,41,13,28
0,134,60,74,70,30,40,64,30,34,88,42,46,46,18,28
0,102,46,56,52,24,28,50,22,28,58,30,28,43,15,28
2,98,40,58,49,20,29,49,20,29,48,20,28,50,20,30
4,126,48,78,66,26,40,58,22,36,61,25,36,65,23,42
3,134,78,56,65,38,27,68,40,28,56,28,28,71,43,28
4,148,54,94,70,24,46,78,30,48,49,21,28,97,31,66
1,104,22,82,38,10,28,53,12,41,39,11,28,64,10,54
0,108,50,58,53,24,29,55,26,29,51,23,28,57,27,30
1,122,28,94,55,16,39,59,12,47,56,14,42,65,13,52
4,116,56,60,59,28,31,57,28,29,48,22,26,68,34,34
1,118,30,88,50,12,38,62,18,44,46,14,32,72,16,56
1,92,26,66,40,12,28,47,14,33,40,12,28,51,13,38
0,166,86,80,82,42,40,84,44,40,97,55,42,68,30,38
4,98,38,60,48,18,30,50,20,30,49,17,32,48,20,28
1,112,22,90,43,10,33,57,12,45,48,14,34,64,8,56
0,112,46,66,55,22,33,57,24,33,64,26,38,48,20,28
0,104,48,56,52,24,28,52,24,28,50,22,28,46,18,28
2,248,96,152,103,42,61,145,54,91,157,67,90,89,27,62
3,108,42,66,53,20,33,55,22,33,56,20,36,50,20,30
0,110,50,60,54,24,30,56,26,30,65,33,32,45,17,28
2,160,54,106,81,28,53,79,26,53,66,24,42,93,29,64
3,98,42,56,48,20,28,50,22,28,55,27,28,43,15,28
0,156,70,86,71,32,39,79,38,41,103,51,52,53,19,34
2,112,50,62,56,24,32,56,26,30,51,23,28,61,27,34
4,116,46,70,56,22,34,60,24,36,52,22,30,64,24,40
1,120,24,96,52,12,40,60,12,48,54,14,40,66,10,56
1,118,24,94,38,10,28,61,14,47,51,13,38,66,10,56
4,108,44,64,52,20,32,56,24,32,47,19,28,61,25,36
0,200,132,68,100,68,32,100,64,36,101,61,40,86,58,28
3,96,34,62,46,16,30,50,18,32,47,19,28,48,14,34
1,112,26,86,55,14,41,55,12,43,45,15,30,66,10,56
4,132,62,70,68,30,38,64,32,32,48,22,26,82,38,44
0,106,48,58,53,24,29,53,24,29,60,30,30,46,18,28
2,102,40,62,51,20,31,51,20,31,48,20,28,54,20,34
4,242,118,124,118,54,64,122,64,58,109,53,56,132,64,68
0,116,54,62,58,26,32,57,28,29,72,38,34,44,16,28
4,114,42,72,59,22,37,55,20,35,45,19,26,69,23,46
2,116,46,70,57,22,35,59,24,35,49,21,28,65,23,42
3,88,32,56,44,16,28,44,16,28,44,16,28,44,16,28
2,154,56,98,77,28,49,75,28,47,74,34,40,80,22,58
1,76,20,56,36,8,28,40,12,28,40,12,28,36,8,28
3,108,46,62,52,22,30,56,24,32,55,27,28,51,17,34
2,118,44,74,64,22,42,53,22,31,50,20,30,67,23,44
3,112,40,72,64,22,42,48,18,30,54,20,34,58,20,38
2,102,44,58,52,22,30,50,22,28,46,20,26,55,23,32
0,84,26,58,41,12,29,43,14,29,43,13,30,41,13,28
0,140,64,76,71,34,37,68,30,38,90,46,44,50,18,32
2,144,46,98,70,22,48,74,24,50,61,23,38,83,23,60
0,148,58,90,82,30,52,66,28,38,68,36,32,80,22,58
0,106,48,58,53,24,29,53,24,29,60,30,30,44,16,28
0,108,48,60,51,22,29,57,26,31,57,25,32,47,19,28
4,162,50,112,72,22,50,90,28,62,60,24,36,101,25,76
1,116,28,88,38,10,28,62,18,44,46,14,32,69,13,56
4,116,50,66,58,26,32,57,24,33,59,23,36,57,27,30
4,106,42,64,52,20,32,54,22,32,47,19,28,59,23,36
1,110,24,86,41,12,29,55,12,43,43,13,30,67,11,56
2,134,50,84,66,24,42,67,26,41,67,29,38,67,21,46
1,126,34,92,55,16,39,64,18,46,52,16,36,74,18,56
3,86,28,58,43,14,29,43,14,29,48,18,30,38,10,28
4,98,42,56,48,20,28,50,22,28,57,29,28,41,13,28
1,116,28,88,43,14,29,58,14,44,46,14,32,70,14,56
0,102,46,56,50,22,28,52,24,28,59,31,28,42,14,28
3,92,32,60,46,16,30,46,16,30,50,18,32,42,14,28
4,100,44,56,50,22,28,50,22,28,58,30,28,41,13,28
4,150,48,102,72,22,50,78,26,52,50,22,28,99,25,74
0,100,40,60,48,18,30,52,22,30,51,19,32,49,21,28
3,100,34,66,49,18,31,50,16,34,54,18,36,46,16,30
3,118,48,70,60,26,34,53,22,31,68,30,38,50,18,32
3,106,50,56,52,24,28,54,26,28,48,18,30,57,31,26
4,110,50,60,55,26,29,54,24,30,64,32,32,46,18,28
4,110,50,60,55,24,31,55,26,29,51,25,26,59,25,34
3,88,30,58,43,14,29,45,16,29,45,15,30,43,15,28
2,220,148,72,107,72,35,113,76,37,120,88,32,99,59,40
2,130,48,82,59,22,37,70,26,44,52,22,30,76,24,52
2,132,42,90,66,20,46,66,22,44,50,22,28,82,20,62
2,128,46,82,61,22,39,67,24,43,49,21,28,79,25,54
4,104,44,60,52,22,30,52,22,30,46,18,28,56,24,32
1,98,22,76,38,10,28,50,12,38,39,11,28,59,11,48
0,122,60,62,58,28,30,64,32,32,71,37,34,50,22,28
4,108,46,62,53,22,31,54,24,30,47,19,28,59,25,34
4,156,50,106,84,26,58,72,24,48,53,21,32,103,29,74
2,156,52,104,74,24,50,82,28,54,53,23,30,103,29,74
2,104,44,60,52,22,30,52,22,30,50,22,28,54,22,32
2,110,40,70,55,20,35,55,20,35,46,20,26,64,20,44
2,118,46,72,58,22,36,60,24,36,51,23,28,67,23,44
0,106,46,60,52,22,30,53,24,29,65,33,32,41,13,28
2,118,44,74,59,22,37,59,22,37,52,22,30,66,22,44
1,120,24,96,43,10,33,62,14,48,53,13,40,67,11,56
1,118,30,88,57,14,43,60,16,44,47,15,32,71,15,56
3,86,26,60,42,12,30,44,14,30,45,13,32,41,13,28
3,120,40,80,59,20,39,60,20,40,72,20,52,48,20,28
0,108,50,58,50,22,28,57,28,29,64,34,30,44,16,28
0,112,54,58,55,26,29,57,28,29,69,39,30,43,15,28
3,102,40,62,50,20,30,51,20,31,54,24,30,48,16,32
3,98,42,56,48,20,28,50,22,28,44,16,28,54,26,28
4,128,46,82,62,22,40,66,24,42,49,21,28,79,25,54
0,124,56,68,60,28,32,64,28,36,77,37,40,46,18,28
4,122,46,76,66,24,42,56,22,34,48,20,28,74,26,48
3,130,36,94,65,18,47,65,18,47,67,21,46,62,14,48
3,76,20,56,38,10,28,38,10,28,39,11,28,36,8,28
1,116,26,90,56,14,42,53,12,41,48,14,34,68,12,56
3,104,32,72,55,18,37,48,14,34,56,14,42,48,18,30
2,158,56,102,64,28,36,93,28,65,75,29,46,83,27,56
2,170,52,118,85,26,59,85,26,59,64,24,40,106,28,78
3,126,36,90,64,18,46,62,18,44,66,20,46,60,16,44
1,106,22,84,39,10,29,54,12,42,39,11,28,66,10,56
0,184,88,96,89,42,47,95,46,49,118,56,62,66,32,34
3,84,24,60,36,8,28,46,16,30,47,15,32,37,9,28
3,224,96,128,109,46,63,111,50,61,112,50,62,112,46,66
3,92,26,66,47,14,33,45,12,33,50,12,38,42,14,28
4,106,44,62,53,22,31,53,22,31,49,21,28,56,22,34
3,96,38,58,46,18,28,49,20,29,51,21,30,45,17,28
0,106,46,60,52,22,30,54,24,30,61,29,32,45,17,28
3,94,36,58,44,16,28,49,20,29,52,22,30,41,13,28
4,104,48,56,52,24,28,52,24,28,62,34,28,42,14,28
2,120,46,74,64,22,42,56,24,32,49,21,28,71,25,46
3,96,38,58,47,18,29,49,20,29,48,18,30,42,14,28
3,86,22,64,41,10,31,44,12,32,45,9,36,41,13,28
2,142,58,84,66,26,40,74,32,42,84,38,46,58,20,38
4,100,40,60,49,20,29,51,20,31,48,20,28,52,20,32
0,100,42,58,49,20,29,51,22,29,59,29,30,41,13,28
1,112,20,92,53,10,43,56,10,46,50,14,36,62,6,56
1,116,26,90,44,12,32,59,14,45,49,15,34,67,11,56
3,94,36,58,48,18,30,46,18,28,45,17,28,49,19,30
0,126,56,70,60,26,34,66,30,36,53,23,30,72,32,40
2,160,68,92,67,28,39,89,40,49,82,32,50,78,36,42
2,110,38,72,55,18,37,55,20,35,46,18,28,64,20,44
1,102,34,68,44,16,28,52,18,34,42,14,28,60,20,40
4,96,36,60,48,18,30,48,18,30,46,18,28,50,18,32
3,86,28,58,43,14,29,43,14,29,48,18,30,38,10,28
2,142,44,98,73,22,51,69,22,47,48,20,28,94,24,70
1,126,30,96,51,14,37,64,16,48,57,17,40,69,13,56
0,130,52,78,64,26,38,66,26,40,54,26,28,76,26,50
4,102,48,54,51,24,27,51,24,27,54,28,26,48,20,28
0,104,46,58,48,20,28,55,26,29,61,31,30,43,15,28
2,120,48,72,65,24,41,55,24,31,52,22,30,66,24,42
3,90,34,56,46,18,28,44,16,28,47,19,28,42,14,28
0,148,72,76,70,34,36,76,38,38,89,49,40,57,21,36
0,106,50,56,52,24,28,54,26,28,61,33,28,45,17,28
0,106,48,58,50,22,28,55,26,29,62,32,30,44,16,28
1,114,26,88,52,14,38,55,12,43,46,14,32,68,12,56
1,114,24,90,57,12,45,54,12,42,49,15,34,64,8,56
0,108,50,58,53,24,29,54,26,28,64,34,30,44,16,28
4,108,48,60,54,24,30,54,24,30,50,22,28,58,26,32
3,76,16,60,37,8,29,39,8,31,37,7,30,38,8,30
2,184,58,126,87,26,61,95,32,63,75,33,42,109,25,84
2,192,70,122,93,36,57,98,34,64,90,44,46,101,25,76
2,106,46,60,52,22,30,54,24,30,50,22,28,56,24,32
1,122,26,96,53,14,39,60,12,48,54,14,40,67,11,56
3,102,36,66,51,18,33,51,18,33,53,15,38,47,19,28
4,118,46,72,57,22,35,60,24,36,61,21,40,56,24,32
4,122,60,62,59,28,31,63,32,31,55,23,32,67,37,30
2,132,56,76,61,26,35,69,30,39,69,29,40,59,23,36
3,106,38,68,49,18,31,57,20,37,56,20,36,50,18,32
4,156,56,100,75,24,51,79,32,47,61,25,36,95,31,64
3,86,28,58,43,14,29,43,14,29,43,13,30,43,15,28
2,114,44,70,52,20,32,62,24,38,49,21,28,65,23,42
4,110,52,58,54,24,30,56,28,28,59,29,30,45,17,28
0,104,44,60,52,22,30,52,22,30,60,28,32,44,16,28
2,114,44,70,56,22,34,58,22,36,51,21,30,63,23,40
0,122,48,74,60,24,36,62,24,38,75,29,46,47,19,28
1,110,28,82,55,14,41,55,14,41,42,14,28,68,14,54
4,104,38,66,53,20,33,51,18,33,50,18,32,53,19,34
2,134,50,84,67,24,43,67,26,41,66,26,40,68,24,44
0,102,46,56,53,24,29,49,22,27,60,32,28,42,14,28
2,104,40,64,52,20,32,52,20,32,46,20,26,58,20,38
3,106,34,72,55,18,37,51,16,35,42,12,30,64,22,42
1,106,22,84,39,10,29,54,12,42,39,11,28,66,10,56
0,104,48,56,52,24,28,52,24,28,60,32,28,44,16,28
4,134,44,90,70,22,48,64,22,42,49,21,28,85,23,62
4,148,40,108,72,20,52,76,20,56,48,20,28,99,19,80
3,96,32,64,47,16,31,49,16,33,54,18,36,42,14,28
4,104,48,56,52,24,28,52,24,28,58,30,28,46,18,28
0,128,72,56,73,40,33,55,32,23,64,42,22,64,30,34
4,110,54,56,54,26,28,56,28,28,62,34,28,48,20,28
1,112,20,92,56,10,46,50,10,40,48,12,36,64,8,56
1,76,20,56,38,10,28,38,10,28,38,10,28,38,10,28
4,122,64,58,62,34,28,59,30,29,56,28,28,66,36,30
3,92,32,60,43,14,29,48,18,30,49,19,30,42,12,30
2,148,46,102,78,22,56,70,24,46,54,24,30,94,22,72
1,116,26,90,54,14,40,57,12,45,46,12,34,70,14,56
1,120,30,90,61,16,45,59,14,45,53,15,38,66,14,52
0,106,44,62,53,22,31,52,22,30,66,32,34,40,12,28
0,102,44,58,52,22,30,50,22,28,61,31,30,41,13,28
2,110,42,68,55,20,35,55,22,33,49,21,28,61,21,40
1,118,24,94,49,10,39,61,14,47,50,12,38,66,10,56
1,98,30,68,42,14,28,50,16,34,40,12,28,58,18,40
4,112,42,70,60,22,38,52,20,32,47,19,28,64,22,42
0,108,52,56,54,26,28,54,26,28,61,33,28,47,19,28
3,84,28,56,42,14,28,42,14,28,42,14,28,42,14,28
3,106,48,58,53,24,29,53,24,29,55,25,30,51,23,28
0,124,60,64,64,30,34,60,30,30,80,44,36,44,16,28
1,128,26,102,46,14,32,63,12,51,60,14,46,67,11,56
2,108,42,66,53,20,33,55,22,33,51,21,30,57,21,36
4,214,82,132,83,38,45,128,44,84,110,42,68,99,35,64
4,102,44,58,49,20,29,53,24,29,55,25,30,47,19,28
3,112,40,72,59,20,39,53,20,33,60,20,40,51,19,32
4,128,44,84,58,20,38,70,24,46,47,19,28,80,24,56
1,128,40,88,61,20,41,64,20,44,51,19,32,76,20,56
0,92,36,56,46,18,28,46,18,28,45,17,28,47,19,28
1,118,22,96,48,10,38,60,12,48,54,14,40,64,8,56
0,108,40,68,52,18,34,56,22,34,58,18,40,50,22,28
2,110,44,66,55,22,33,55,22,33,50,22,28,60,22,38
3,120,50,70,65,28,37,54,22,32,75,33,42,43,15,28
3,100,40,60,50,20,30,50,20,30,50,22,28,49,17,32
2,116,44,72,59,22,37,57,22,35,50,22,28,66,22,44
2,104,38,66,47,18,29,57,20,37,46,18,28,58,20,38
2,104,40,64,52,20,32,52,20,32,46,18,28,58,22,36
2,152,58,94,71,24,47,81,34,47,65,23,42,87,35,52
0,98,40,58,49,20,29,49,20,29,58,28,30,40,12,28
0,116,50,66,45,22,23,71,28,43,58,28,30,58,22,36
2,158,44,114,79,22,57,79,22,57,66,22,44,92,22,70
4,94,38,56,48,20,28,46,18,28,46,18,28,48,20,28
0,152,72,80,61,30,31,91,42,49,99,51,48,53,21,32
3,90,34,56,44,16,28,46,18,28,45,17,28,45,17,28
2,140,56,84,70,28,42,70,28,42,58,22,36,80,32,48
0,112,52,60,57,26,31,55,26,29,63,31,32,49,21,28
2,102,38,64,49,18,31,53,20,33,47,19,28,55,19,36
1,122,26,96,41,12,29,62,14,48,54,14,40,68,12,56
0,222,102,120,76,34,42,141,68,73,155,77,78,60,18,42
4,110,42,68,54,20,34,56,22,34,49,21,28,61,21,40
4,120,50,70,61,26,35,58,24,34,50,20,30,70,30,40
0,102,46,56,50,22,28,52,24,28,57,29,28,44,16,28
3,114,36,78,58,18,40,56,18,38,62,18,44,50,16,34
3,108,36,72,43,16,27,65,20,45,57,17,40,51,19,32
0,102,40,62,50,20,30,52,20,32,62,28,34,40,12,28
2,108,42,66,52,20,32,56,22,34,47,19,28,61,23,38
2,126,50,76,67,26,41,59,24,35,49,21,28,76,28,48
2,136,56,80,67,28,39,69,28,41,57,23,34,78,32,46
0,102,46,56,51,22,29,51,24,27,60,32,28,42,14,28
2,160,60,100,78,28,50,82,32,50,96,38,58,64,22,42
1,120,26,94,51,14,37,59,12,47,52,14,38,68,12,56
3,120,48,72,52,20,32,67,28,39,75,33,42,44,14,30
1,120,40,80,60,20,40,60,20,40,48,20,28,72,20,52
2,162,50,112,79,26,53,83,24,59,57,23,34,104,26,78
1,124,30,94,45,12,33,68,18,50,51,13,38,73,17,56
3,92,36,56,44,16,28,48,20,28,44,16,28,48,20,28
1,112,24,88,56,12,44,53,12,41,46,14,32,65,9,56
2,102,42,60,48,20,28,53,22,31,52,22,30,50,20,30
1,120,26,94,44,12,32,67,14,53,51,13,38,69,13,56
0,140,44,96,70,24,46,68,20,48,58,18,40,80,24,56
2,124,46,78,65,22,43,59,24,35,49,21,28,75,25,50
1,114,26,88,56,12,44,43,14,29,47,15,32,67,11,56
3,92,34,58,45,16,29,47,18,29,52,22,30,39,11,28
3,130,48,82,61,22,39,65,26,39,74,28,46,55,19,36
0,108,52,56,54,26,28,54,26,28,64,36,28,44,16,28
3,88,30,58,41,12,29,47,18,29,47,17,30,39,11,28
1,118,26,92,54,14,40,55,12,43,51,15,36,67,11,56
3,82,26,56,40,14,26,41,12,29,40,12,28,42,14,28
4,112,42,70,54,20,34,58,22,36,47,19,28,64,22,42
3,96,38,58,46,18,28,49,20,29,55,25,30,41,13,28
3,122,46,76,61,26,35,59,20,39,64,22,42,58,24,34
1,166,54,112,73,22,51,88,32,56,88,34,54,76,18,58
4,104,40,64,52,20,32,52,20,32,48,20,28,56,20,36
2,120,40,80,61,20,41,59,20,39,48,20,28,72,20,52
0,116,50,66,54,24,30,60,26,34,74,36,38,41,13,28
1,112,22,90,38,10,28,57,12,45,47,13,34,64,8,56
0,104,44,60,51,22,29,53,22,31,61,29,32,43,15,28
3,90,34,56,44,16,28,46,18,28,52,24,28,38,10,28
0,112,52,60,60,28,32,52,24,28,68,36,32,44,16,28
0,108,50,58,53,24,29,55,26,29,65,35,30,43,15,28
0,88,32,56,42,14,28,46,18,28,45,17,28,43,15,28
4,102,40,62,50,20,30,52,20,32,51,19,32,51,21,30
1,116,20,96,58,10,48,52,10,42,52,12,40,63,7,56
3,88,32,56,44,16,28,44,16,28,44,16,28,44,16,28
2,170,58,112,80,28,52,90,30,60,68,22,46,100,34,66
0,104,48,56,49,22,27,54,26,28,58,28,30,45,19,26
3,114,42,72,60,22,38,54,20,34,62,24,38,52,18,34
2,110,52,58,55,26,29,55,26,29,53,23,30,57,29,28
4,102,46,56,50,22,28,52,24,28,49,21,28,53,25,28
4,128,40,88,64,20,44,64,20,44,46,18,28,80,20,60
0,104,46,58,50,22,28,54,24,30,62,32,30,42,14,28
4,106,42,64,51,20,31,55,22,33,47,19,28,57,21,36
4,118,46,72,54,24,30,63,22,41,52,24,28,65,21,44
1,116,26,90,48,14,34,57,12,45,47,13,34,68,12,56
0,102,46,56,50,22,28,52,24,28,59,31,28,43,15,28
4,110,46,64,55,22,33,55,24,31,49,21,28,61,25,36
4,118,50,68,60,26,34,58,24,34,50,22,28,68,28,40
4,208,92,116,93,42,51,110,50,60,135,59,76,67,27,40
2,160,70,90,79,36,43,80,34,46,103,47,56,57,23,34
0,120,48,72,55,22,33,65,26,39,55,23,32,65,25,40
1,110,22,88,38,10,28,56,12,44,46,14,32,64,8,56
1,124,34,90,65,20,45,54,14,40,49,15,34,75,19,56
4,222,110,112,116,58,58,100,52,48,168,84,84,49,21,28
0,118,60,58,55,28,27,62,32,30,67,37,30,47,19,28
0,102,46,56,52,24,28,50,22,28,59,31,28,42,14,28
3,88,28,60,45,16,29,42,12,30,47,15,32,41,13,28
1,104,28,76,54,16,38,40,12,28,40,12,28,62,14,48
3,92,36,56,44,16,28,48,20,28,49,21,28,43,15,28
4,98,40,58,49,20,29,49,20,29,46,20,26,52,20,32
1,80,22,58,38,10,28,41,12,29,38,10,28,42,12,30
0,150,66,84,58,26,32,91,40,51,105,49,56,45,17,28
0,294,150,144,148,78,70,137,72,65,168,90,78,124,58,66
3,114,50,64,55,24,31,57,26,31,49,17,32,63,31,32
1,118,28,90,51,16,35,57,12,45,49,15,34,69,13,56
3,90,34,56,44,16,28,46,18,28,44,16,28,46,18,28
2,94,36,58,47,18,29,47,18,29,46,18,28,48,18,30
3,126,52,74,65,28,37,60,24,36,55,23,32,70,28,42
0,122,66,56,60,32,28,62,34,28,72,42,30,48,22,26
3,86,28,58,43,14,29,42,14,28,44,14,30,42,14,28
3,98,38,60,49,18,31,49,20,29,51,19,32,47,19,28
0,94,38,56,46,18,28,48,20,28,52,24,28,42,14,28
2,146,42,104,72,20,52,74,22,52,48,20,28,95,19,76
4,120,62,58,57,30,27,63,32,31,69,39,30,48,20,28
1,124,26,98,51,12,39,63,14,49,58,16,42,66,10,56
0,314,228,86,155,110,45,158,118,40,189,141,48,124,86,38
4,102,46,56,52,24,28,50,22,28,48,20,28,54,26,28
1,118,26,92,47,10,37,62,16,46,48,12,36,69,13,56
1,114,22,92,41,10,31,59,12,47,48,12,36,66,10,56
4,110,40,70,54,20,34,56,20,36,48,20,28,62,20,42
2,110,42,68,55,20,35,55,22,33,50,20,30,59,21,38
0,110,52,58,55,26,29,55,26,29,66,36,30,44,16,28
2,130,46,84,65,22,43,65,24,41,49,21,28,81,25,56
4,148,46,102,72,22,50,76,24,52,48,20,28,100,26,74
3,76,18,58,39,10,29,37,8,29,40,10,30,36,8,28
3,94,38,56,48,20,28,46,18,28,50,22,28,44,16,28
2,104,38,66,51,18,33,53,20,33,47,19,28,57,19,38
2,108,48,60,53,24,29,55,24,31,52,22,30,55,25,30
1,120,26,94,58,14,44,59,12,47,52,14,38,68,12,56
4,104,40,64,52,20,32,52,20,32,45,17,28,58,22,36
2,142,46,96,72,24,48,69,22,47,53,23,30,89,23,66
0,100,44,56,50,22,28,50,22,28,56,28,28,43,15,28
3,96,36,60,48,18,30,48,18,30,46,18,28,50,18,32
3,94,34,60,45,16,29,49,18,31,50,20,30,44,14,30
2,118,52,66,59,26,33,59,26,33,55,27,28,62,24,38
4,244,88,156,114,42,72,124,46,78,110,48,62,133,39,94
1,102,22,80,38,10,28,52,12,40,41,13,28,61,9,52
3,106,40,66,50,18,32,56,22,34,53,21,32,53,19,34
3,84,26,58,41,12,29,43,14,29,40,10,30,44,16,28
2,142,60,82,68,30,38,74,30,44,50,26,24,92,34,58
0,106,52,54,53,26,27,53,26,27,62,36,26,44,16,28
2,108,46,62,53,22,31,55,24,31,51,21,30,56,24,32
1,186,70,116,86,34,52,81,36,45,93,39,54,93,31,62
0,130,64,66,64,32,32,63,32,31,83,45,38,47,19,28
1,116,30,86,45,14,31,59,16,43,48,18,30,68,12,56
2,96,38,58,47,18,29,49,20,29,48,20,28,48,18,30
2,108,42,66,51,20,31,56,22,34,48,20,28,58,20,38
4,96,40,56,47,20,27,49,20,29,44,18,26,52,22,30
3,82,24,58,41,12,29,41,12,29,42,12,30,40,12,28
0,120,56,64,60,28,32,60,28,32,55,25,30,65,31,34
0,108,52,56,54,26,28,54,26,28,62,34,28,46,18,28
3,96,38,58,47,18,29,49,20,29,52,22,30,44,16,28
4,224,64,160,107,30,77,116,34,82,101,33,68,121,29,92
0,106,48,58,54,24,30,52,24,28,63,33,30,43,15,28
4,114,40,74,57,20,37,57,20,37,48,20,28,66,20,46
4,112,42,70,60,22,38,52,20,32,48,20,28,64,22,42
1,114,24,90,57,12,45,50,12,38,49,15,34,65,9,56
4,104,48,56,52,24,28,52,24,28,58,30,28,46,18,28
1,98,24,74,49,12,37,40,12,28,42,14,28,56,10,46
1,124,42,82,60,20,40,63,22,41,49,21,28,75,21,54
0,114,54,60,56,26,30,58,28,30,68,36,32,46,18,28
2,138,46,92,73,22,51,65,24,41,56,22,34,82,24,58
3,82,26,56,42,14,28,40,12,28,42,14,28,40,12,28
4,114,48,66,60,24,36,54,24,30,51,23,28,63,25,38
2,98,38,60,48,18,30,50,20,30,47,19,28,51,19,32
1,78,20,58,36,8,28,41,12,29,38,10,28,39,9,30
4,150,56,94,73,26,47,77,30,47,82,30,52,66,24,42
4,114,50,64,53,22,31,60,28,32,56,24,32,58,26,32
0,90,32,58,45,16,29,45,16,29,42,12,30,48,20,28
3,136,70,66,66,32,34,70,38,32,84,48,36,52,22,30
1,122,28,94,51,14,37,61,14,47,56,16,40,66,12,54
2,104,44,60,52,22,30,52,22,30,50,22,28,54,22,32
2,148,48,100,74,24,50,74,24,50,70,26,44,78,22,56
4,94,38,56,46,18,28,48,20,28,47,19,28,47,19,28
3,108,50,58,52,22,30,56,28,28,66,36,30,42,14,28
1,116,28,88,58,14,44,56,14,42,49,17,32,67,11,56
2,144,44,100,72,22,50,72,22,50,49,21,28,95,23,72
3,128,56,72,61,24,37,66,32,34,87,43,44,40,12,28
3,88,28,60,43,14,29,44,14,30,42,14,28,46,14,32
3,100,40,60,51,20,31,49,20,29,52,20,32,48,20,28
3,90,32,58,45,16,29,45,16,29,47,17,30,43,15,28
2,98,38,60,48,18,30,50,20,30,47,19,28,51,19,32
1,110,20,90,36,8,28,57,12,45,46,12,34,64,8,56
0,110,52,58,52,24,28,58,28,30,66,36,30,44,16,28
2,106,42,64,52,20,32,54,22,32,45,17,28,61,25,36
3,164,76,88,71,34,37,89,42,47,59,25,34,104,50,54
2,106,42,64,53,20,33,53,22,31,46,18,28,60,24,36
1,112,22,90,38,10,28,57,12,45,46,12,34,66,10,56
4,116,44,72,53,20,33,63,24,39,50,20,30,65,23,42
0,102,46,56,50,22,28,52,24,28,60,32,28,42,14,28
0,96,38,58,47,18,29,49,20,29,49,19,30,47,19,28
0,106,48,58,52,24,28,54,24,30,62,32,30,44,16,28
2,120,50,70,55,22,33,65,28,37,65,29,36,55,21,34
1,100,20,80,39,10,29,50,10,40,40,12,28,60,8,52
1,108,24,84,53,12,41,54,12,42,42,14,28,65,9,56
1,122,26,96,60,14,46,60,12,48,55,15,40,67,11,56
3,126,40,86,60,18,42,66,22,44,67,21,46,59,19,40
0,326,236,90,148,106,42,178,130,48,181,127,54,139,103,36
0,102,44,58,49,20,29,53,24,29,59,29,30,43,15,28
4,98,40,58,49,20,29,49,20,29,47,19,28,51,21,30
1,120,22,98,40,10,30,61,12,49,56,14,42,64,8,56
0,138,66,72,63,30,33,74,36,38,75,39,36,62,26,36
3,88,28,60,46,16,30,42,12,30,45,13,32,41,13,28
4,112,50,62,58,26,32,54,24,30,55,23,32,57,27,30
4,108,50,58,53,24,29,55,26,29,60,30,30,45,17,28
1,106,30,76,42,14,28,54,16,38,43,15,28,63,15,48
4,136,60,76,67,28,39,69,32,37,65,29,36,65,25,40
0,100,44,56,48,20,28,52,24,28,58,30,28,42,14,28
2,132,46,86,67,22,45,65,24,41,63,23,40,69,23,46
1,116,30,86,51,14,37,59,16,43,46,16,30,70,14,56
1,126,56,70,62,28,34,64,28,36,54,26,28,72,30,42
4,104,48,56,52,24,28,52,24,28,59,31,28,44,16,28
2,148,78,70,70,36,34,78,42,36,75,39,36,73,39,34
4,148,48,100,66,20,46,82,28,54,55,25,30,93,23,70
1,114,24,90,40,10,30,59,14,45,46,12,34,68,12,56
0,98,42,56,48,20,28,50,22,28,54,26,28,43,15,28
1,108,24,84,39,10,29,56,14,42,40,12,28,67,11,56
2,144,50,94,72,24,48,72,26,46,57,23,34,87,27,60
3,110,44,66,49,20,29,61,24,37,56,20,36,52,22,30
3,110,40,70,54,18,36,56,22,34,69,27,42,41,13,28
4,100,42,58,49,20,29,51,22,29,49,19,30,51,23,28
3,98,42,56,48,20,28,50,22,28,58,30,28,40,12,28
3,114,38,76,55,18,37,59,20,39,69,23,46,41,11,30
3,98,36,62,44,16,28,54,20,34,53,19,34,45,17,28
4,114,46,68,56,22,34,58,24,34,48,20,28,66,26,40
2,110,44,66,55,22,33,55,22,33,48,20,28,62,24,38
4,120,50,70,63,24,39,57,26,31,52,22,30,67,27,40
0,100,44,56,50,22,28,50,22,28,58,30,28,42,14,28
0,102,46,56,50,22,28,52,24,28,51,23,28,50,22,28
0,196,104,92,76,40,36,118,64,54,151,85,66,45,19,26
2,110,52,58,56,26,30,54,26,28,53,25,28,57,27,30
2,130,50,80,64,24,40,66,26,40,65,23,42,65,27,38
1,116,28,88,43,12,31,65,16,49,48,12,36,66,14,52
3,94,34,60,46,16,30,48,18,30,44,14,30,50,20,30
4,96,40,56,48,20,28,48,20,28,55,27,28,40,12,28
3,102,44,58,49,20,29,53,24,29,57,27,30,44,16,28
4,100,44,56,50,22,28,50,22,28,58,30,28,42,14,28
1,124,30,94,58,16,42,61,14,47,55,17,38,69,13,56
2,108,42,66,55,22,33,53,20,33,48,20,28,60,22,38
1,114,22,92,49,10,39,58,12,46,48,12,36,66,10,56
3,110,40,70,55,20,35,55,20,35,64,22,42,46,18,28
3,134,46,88,57,20,37,72,26,46,55,19,36,78,26,52
4,132,50,82,68,26,42,64,24,40,49,21,28,83,29,54
4,136,44,92,68,22,46,68,22,46,49,19,30,86,24,62
3,100,44,56,50,22,28,50,22,28,53,25,28,47,19,28
0,114,44,70,58,22,36,56,22,34,67,25,42,47,19,28
3,104,46,58,51,22,29,53,24,29,57,27,30,47,19,28
2,148,48,100,73,24,49,75,24,51,51,21,30,95,25,70
3,120,56,64,55,26,29,65,30,35,62,30,32,57,25,32
0,94,36,58,47,18,29,47,18,29,46,16,30,46,18,28
4,108,50,58,54,26,28,53,24,29,58,28,30,49,21,28
1,114,24,90,57,12,45,51,12,39,48,14,34,65,9,56
2,158,48,110,74,22,52,84,26,58,57,23,34,99,23,76
4,126,40,86,62,20,42,64,20,44,47,19,28,78,20,58
1,90,26,64,41,12,29,46,14,32,50,16,34,40,10,30
4,116,46,70,58,22,36,58,24,34,49,21,28,66,24,42
0,110,54,56,54,26,28,56,28,28,64,36,28,46,18,28
0,108,48,60,54,24,30,54,24,30,62,30,32,46,18,28
2,146,64,82,68,28,40,76,36,40,85,39,46,59,23,36
1,118,26,92,55,14,41,52,12,40,50,14,36,68,12,56
2,140,60,80,62,26,36,76,34,42,75,37,38,65,23,42
4,100,40,60,50,20,30,50,20,30,54,22,32,46,18,28
3,88,32,56,44,16,28,44,16,28,46,18,28,41,13,28
1,100,22,78,38,10,28,51,12,39,41,13,28,59,9,50
0,100,44,56,47,20,27,52,24,28,61,31,30,39,13,26
3,112,54,58,54,26,28,58,28,30,48,20,28,63,33,30
3,88,32,56,44,16,28,44,16,28,44,16,28,44,16,28
1,118,26,92,41,12,29,60,14,46,51,15,36,66,10,56
0,100,44,56,50,22,28,50,22,28,59,31,28,41,13,28
1,112,22,90,40,10,30,57,12,45,46,12,34,66,10,56
3,78,22,56,39,12,27,39,10,29,39,11,28,39,11,28
3,86,30,56,41,14,27,45,16,29,41,15,26,45,15,30
2,102,42,60,50,20,30,52,22,30,45,19,26,57,23,34
3,88,30,58,43,14,29,45,16,29,46,16,30,42,14,28
2,158,52,106,81,26,55,77,26,51,53,23,30,105,29,76
2,198,74,124,92,32,60,103,42,61,111,49,62,87,25,62
1,116,22,94,48,10,38,59,12,47,52,14,38,64,8,56
0,96,36,60,46,16,30,50,20,30,47,17,30,49,19,30
4,102,40,62,48,18,30,53,22,31,51,21,30,51,19,32
0,106,48,58,53,24,29,53,24,29,62,32,30,44,16,28
1,120,26,94,44,14,30,59,12,47,51,13,38,68,12,56
3,108,42,66,55,22,33,52,20,32,70,32,38,38,10,28
2,102,40,62,52,20,32,50,20,30,48,20,28,54,20,34
3,92,32,60,49,18,31,43,14,29,41,11,30,50,20,30
4,116,54,62,57,26,31,59,28,31,69,35,34,46,18,28
0,108,48,60,54,24,30,54,24,30,63,31,32,45,17,28
1,124,32,92,61,16,45,60,16,44,52,16,36,72,16,56
0,158,74,84,70,30,40,84,44,40,68,32,36,90,42,48
2,102,42,60,50,20,30,52,22,30,45,19,26,55,21,34
3,80,22,58,39,10,29,41,12,29,39,9,30,40,12,28
3,84,28,56,40,12,28,44,16,28,40,12,28,43,15,28
1,114,22,92,37,10,27,58,12,46,49,13,36,65,9,56
1,116,24,92,46,10,36,60,14,46,48,12,36,68,12,56
1,116,22,94,59,12,47,53,10,43,51,13,38,65,9,56
3,90,30,60,42,14,28,47,16,31,48,16,32,41,13,28
3,118,38,80,46,18,28,72,20,52,53,19,34,65,19,46
4,134,64,70,65,32,33,69,32,37,76,38,38,58,26,32
2,126,56,70,67,30,37,59,26,33,50,22,28,76,34,42
4,104,42,62,51,20,31,53,22,31,49,21,28,55,21,34
2,124,44,80,61,22,39,63,22,41,48,20,28,75,23,52
4,98,40,58,47,18,29,51,22,29,49,19,30,49,21,28
4,100,44,56,50,22,28,50,22,28,58,30,28,42,14,28
2,94,34,60,46,16,30,48,18,30,47,17,30,47,17,30
2,108,44,64,52,22,30,56,22,34,48,20,28,60,24,36
3,96,36,60,49,18,31,47,18,29,54,22,32,40,12,28
1,114,22,92,38,10,28,58,12,46,50,14,36,64,8,56
1,120,32,88,55,16,39,60,16,44,48,16,32,71,15,56
2,126,40,86,59,20,39,67,20,47,44,18,26,82,22,60
3,128,56,72,54,24,30,72,32,40,76,38,38,51,17,34
0,108,52,56,54,26,28,54,26,28,62,34,28,46,18,28
2,146,50,96,70,24,46,76,26,50,60,22,38,86,28,58
3,88,32,56,44,16,28,44,16,28,48,20,28,40,12,28
2,150,48,102,76,22,54,73,26,47,69,29,40,81,19,62
2,160,56,104,78,26,52,82,30,52,57,23,34,102,32,70
3,98,40,58,49,20,29,49,20,29,52,22,30,46,18,28
0,112,54,58,55,26,29,57,28,29,59,29,30,51,23,28
0,126,44,82,48,20,28,78,24,54,64,24,40,62,20,42
0,226,112,114,108,56,52,112,56,56,123,59,64,98,48,50
2,100,40,60,51,20,31,49,20,29,47,19,28,53,21,32
1,120,26,94,45,12,33,63,14,49,50,12,38,68,12,56
3,76,20,56,38,10,28,38,10,28,38,10,28,38,10,28
1,122,28,94,52,14,38,61,14,47,54,16,38,67,11,56
2,112,44,68,58,22,36,54,22,32,50,20,30,62,24,38
3,92,34,58,44,16,28,47,18,29,47,17,30,39,11,28
0,116,56,60,56,26,30,60,30,30,71,39,32,45,17,28
0,104,48,56,52,24,28,52,24,28,58,30,28,43,15,28
0,190,104,86,110,60,50,80,44,36,95,55,40,92,46,46
2,102,38,64,50,18,32,52,20,32,44,18,26,57,19,38
2,186,64,122,91,30,61,95,34,61,89,37,52,97,27,70
3,92,30,62,44,14,30,47,16,31,47,17,30,45,13,32
1,112,24,88,41,10,31,58,14,44,46,14,32,66,10,56
3,108,32,76,53,16,37,55,16,39,63,19,44,44,12,32
3,110,38,72,54,18,36,56,20,36,64,20,44,40,12,28
4,250,120,130,103,50,53,141,70,71,118,60,58,128,56,72
3,88,32,56,42,14,28,46,18,28,43,15,28,45,17,28
2,106,40,66,53,20,33,53,20,33,50,20,30,56,20,36
1,96,32,64,46,16,30,48,16,32,48,16,32,47,15,32
2,108,48,60,54,24,30,54,24,30,49,21,28,59,27,32
2,138,46,92,66,22,44,71,24,47,58,22,36,79,23,56
4,124,46,78,60,22,38,63,24,39,57,23,34,67,23,44
3,90,32,58,43,14,29,47,18,29,50,20,30,40,12,28
4,96,40,56,48,20,28,48,20,28,48,20,28,45,17,28
3,92,36,56,44,16,28,48,20,28,44,16,28,47,19,28
1,122,32,90,48,14,34,68,18,50,54,16,38,67,15,52
4,114,46,68,56,22,34,58,24,34,51,21,30,63,25,38
0,110,52,58,53,24,29,57,28,29,63,33,30,47,19,28
4,128,48,80,67,24,43,61,24,37,49,21,28,79,27,52
2,90,32,58,45,16,29,45,16,29,46,16,30,44,16,28
2,144,60,84,75,32,43,66,28,38,68,30,38,76,30,46
0,98,44,54,49,22,27,49,22,27,56,30,26,42,14,28
2,106,38,68,51,18,33,55,20,35,49,19,30,57,19,38
1,124,30,94,48,14,34,63,16,47,51,13,38,72,16,56
1,104,20,84,42,10,32,52,10,42,40,12,28,63,7,56
4,130,42,88,64,20,44,66,22,44,47,19,28,82,22,60
2,108,44,64,56,22,34,51,22,29,53,21,32,55,23,32
4,110,46,64,52,20,32,58,26,32,54,26,28,56,20,36
3,94,36,58,44,16,28,49,20,29,53,25,28,41,11,30
1,102,18,84,36,8,28,52,10,42,39,11,28,62,6,56
1,112,30,82,51,14,37,55,16,39,47,15,32,64,14,50
0,104,34,70,49,16,33,54,18,36,60,18,42,44,16,28
1,138,40,98,64,20,44,68,20,48,55,15,40,82,24,58
2,132,58,74,62,26,36,70,32,38,50,22,28,81,35,46
0,110,46,64,53,22,31,57,24,33,57,25,32,49,17,32
2,108,42,66,53,20,33,55,22,33,47,19,28,60,22,38
4,98,38,60,50,20,30,48,18,30,49,17,32,49,21,28
4,102,42,60,51,20,31,51,22,29,53,23,30,48,18,30
4,108,46,62,55,22,33,53,24,29,51,21,30,57,25,32
3,140,52,88,66,24,42,72,28,44,63,23,40,77,29,48
2,96,38,58,49,20,29,47,18,29,48,20,28,48,18,30
2,96,40,56,48,20,28,48,20,28,46,18,28,49,21,28
4,94,38,56,46,18,28,48,20,28,53,25,28,41,13,28
1,118,28,90,50,14,36,59,14,45,49,15,34,68,12,56
3,98,42,56,48,20,28,50,22,28,55,27,28,43,15,28
3,86,28,58,44,14,30,42,14,28,44,14,30,42,14,28
2,142,52,90,72,26,46,70,26,44,68,26,42,74,26,48
0,266,186,80,139,92,47,124,94,30,143,107,36,123,79,44
2,140,52,88,72,28,44,68,24,44,68,26,42,70,24,46
2,394,156,238,171,64,107,219,92,127,176,72,104,217,83,134
3,154,60,94,76,30,46,77,30,47,76,26,50,76,32,44
1,120,26,94,54,12,42,61,14,47,52,14,38,67,11,56
0,102,42,60,51,20,31,51,22,29,61,29,32,41,13,28
0,108,52,56,54,26,28,54,26,28,65,37,28,43,15,28
3,88,28,60,43,14,29,44,14,30,41,11,30,47,17,30
1,116,24,92,58,12,46,57,12,45,52,16,36,64,8,56
0,104,46,58,51,22,29,53,24,29,61,31,30,43,15,28
2,156,72,84,79,36,43,73,36,37,78,36,42,78,36,42
0,106,48,58,51,22,29,55,26,29,60,30,30,46,18,28
0,332,156,176,135,70,65,189,86,103,211,101,110,116,50,66
2,110,40,70,53,20,33,57,20,37,47,19,28,63,21,42
4,100,42,58,49,20,29,51,22,29,51,21,30,49,21,28
1,126,28,98,63,14,49,47,14,33,57,15,42,69,13,56
2,98,38,60,48,18,30,50,20,30,49,19,30,49,19,30
2,248,144,104,152,94,58,96,50,46,113,69,44,130,70,60
0,134,54,80,67,26,41,67,28,39,55,23,32,79,31,48
1,118,26,92,38,10,28,63,16,47,49,13,36,69,13,56
4,122,46,76,66,24,42,56,22,34,49,21,28,73,25,48
3,92,36,56,44,16,28,48,20,28,52,24,28,40,12,28
1,116,28,88,40,12,28,60,16,44,50,18,32,66,10,56
3,118,56,62,54,24,30,64,32,32,77,43,34,41,13,28
0,96,40,56,48,20,28,48,20,28,47,19,28,48,20,28
4,108,46,62,52,22,30,56,24,32,47,19,28,61,27,34
2,242,116,126,113,50,63,128,66,62,150,82,68,87,29,58
4,106,38,68,52,18,34,54,20,34,47,19,28,59,19,40
4,108,52,56,52,24,28,56,28,28,54,26,28,47,19,28
4,96,28,68,45,14,31,48,14,34,55,15,40,41,13,28
4,140,42,98,72,22,50,68,20,48,48,20,28,92,22,70
3,122,52,70,59,26,33,63,26,37,71,29,42,50,22,28
1,116,24,92,38,10,28,60,14,46,50,14,36,65,9,56
4,126,52,74,58,24,34,66,28,38,57,25,32,69,27,42
0,92,34,58,43,16,27,47,18,29,45,15,30,47,19,28
1,118,28,90,59,14,45,55,14,41,47,13,34,71,15,56
2,106,42,64,51,20,31,55,22,33,49,21,28,57,21,36
2,144,64,80,75,34,41,69,30,39,61,29,32,82,34,48
0,120,58,62,58,28,30,61,30,31,72,40,32,48,18,30
4,108,42,66,54,22,32,54,20,34,48,20,28,60,22,38
3,86,28,58,40,12,28,46,16,30,46,16,30,40,12,28
3,88,26,62,42,12,30,46,14,32,45,13,32,43,13,30
1,118,22,96,46,10,36,60,12,48,54,14,40,64,8,56
2,108,42,66,53,20,33,55,22,33,50,20,30,57,21,36
0,96,40,56,48,20,28,48,20,28,54,26,28,42,14,28
1,114,30,84,47,14,33,58,16,42,43,15,28,70,14,56
2,100,42,58,49,20,29,51,22,29,49,21,28,51,21,30
4,112,46,66,56,22,34,56,24,32,52,22,30,60,24,36
1,110,22,88,38,10,28,56,12,44,46,14,32,64,8,56
0,116,54,62,61,28,33,55,26,29,72,38,34,44,16,28
4,152,42,110,74,20,54,78,22,56,48,20,28,103,21,82
3,98,32,66,49,16,33,49,16,33,52,14,38,46,18,28
3,114,44,70,52,20,32,58,24,34,53,25,28,61,19,42
3,96,36,60,45,16,29,50,20,30,51,21,30,45,15,30
3,92,30,62,47,16,31,45,14,31,51,17,34,41,13,28
3,78,22,56,38,10,28,40,12,28,36,8,28,42,14,28
2,182,102,80,82,46,36,100,56,44,98,56,42,70,32,38
4,106,42,64,57,22,35,49,20,29,48,20,28,58,22,36
2,104,46,58,50,22,28,54,24,30,50,22,28,54,24,30
1,120,26,94,52,14,38,59,12,47,53,15,38,67,11,56
4,134,62,72,67,30,37,67,32,35,85,41,44,49,21,28
3,106,44,62,55,22,33,51,22,29,58,26,32,48,18,30
3,102,40,62,51,20,31,50,20,30,52,22,30,50,18,32
4,112,56,56,57,28,29,55,28,27,52,24,28,60,32,28
1,116,40,76,58,20,38,58,20,38,48,20,28,68,20,48
3,92,28,64,49,16,33,43,12,31,50,14,36,42,14,28
3,116,60,56,59,30,29,57,30,27,58,32,26,57,27,30
4,102,44,58,50,22,28,51,22,29,51,21,30,51,23,28
3,102,42,60,53,22,31,49,20,29,50,18,32,51,23,28
0,106,36,70,55,18,37,51,18,33,61,19,42,44,16,28
1,114,24,90,38,10,28,59,14,45,48,14,34,66,10,56
1,116,26,90,57,12,45,44,14,30,47,13,34,69,13,56
4,154,72,82,77,38,39,75,34,41,72,32,40,75,33,42
3,340,174,166,152,76,76,179,98,81,188,92,96,147,77,70
0,102,44,58,51,22,29,51,22,29,58,28,30,44,16,28
0,110,52,58,54,26,28,55,26,29,61,31,30,49,21,28
2,140,50,90,66,24,42,74,26,48,62,24,38,78,26,52
3,98,38,60,45,16,29,53,22,31,51,19,32,45,17,28
2,224,116,108,114,54,60,110,62,48,114,54,60,100,52,48
4,106,48,58,54,24,30,52,24,28,60,32,28,46,16,30
3,90,30,60,43,14,29,46,16,30,41,11,30,47,17,30
2,114,44,70,53,20,33,61,24,37,48,20,28,66,24,42
4,138,70,68,67,34,33,71,36,35,68,30,38,69,39,30
1,120,28,92,48,14,34,60,14,46,54,14,40,66,14,52
0,120,58,62,59,28,31,61,30,31,52,26,26,65,29,36
3,80,22,58,39,10,29,41,12,29,41,11,30,39,11,28
0,102,36,66,54,20,34,48,16,32,53,15,38,48,20,28
1,108,30,78,40,12,28,57,18,39,45,17,28,63,13,50
3,86,28,58,41,12,29,45,16,29,45,15,30,41,13,28
1,124,42,82,59,20,39,63,22,41,47,19,28,77,23,54
3,122,44,78,63,22,41,59,22,37,54,22,32,68,22,46
0,108,48,60,54,24,30,54,24,30,59,29,30,48,18,30
0,108,52,56,52,24,28,56,28,28,59,31,28,48,20,28
4,104,46,58,53,24,29,51,22,29,50,20,30,53,25,28
2,104,44,60,51,22,29,53,22,31,49,21,28,54,22,32
2,160,50,110,79,22,57,80,28,52,66,28,38,94,22,72
1,118,36,82,56,18,38,59,18,41,44,16,28,74,20,54
0,106,50,56,54,26,28,52,24,28,60,32,28,46,18,28
0,100,44,56,48,20,28,52,24,28,51,23,28,43,15,28
1,160,62,98,83,32,51,73,30,43,71,31,40,89,31,58
4,114,44,70,60,22,38,54,22,32,49,21,28,65,23,42
4,120,44,76,66,22,44,54,22,32,54,22,32,66,22,44
3,118,48,70,63,26,37,55,22,33,73,33,40,44,14,30
2,112,42,70,51,20,31,61,22,39,50,20,30,62,22,40
2,112,44,68,57,22,35,55,22,33,52,20,32,59,23,36
3,106,46,60,52,22,30,53,24,29,57,25,32,49,21,28
0,116,54,62,59,28,31,57,26,31,70,36,34,45,17,28
0,108,50,58,53,24,29,55,26,29,65,35,30,43,15,28
2,136,54,82,65,24,41,71,30,41,66,32,34,69,21,48
3,116,44,72,56,20,36,60,24,36,63,21,42,53,23,30
3,96,36,60,49,18,31,47,18,29,57,25,32,39,11,28
4,110,50,60,53,24,29,56,26,30,65,33,32,44,16,28
2,148,50,98,77,26,51,71,24,47,69,25,44,79,25,54
2,124,46,78,68,22,46,56,24,32,49,21,28,74,24,50
1,114,22,92,38,10,28,58,12,46,49,13,36,65,9,56
2,106,44,62,55,22,33,51,22,29,50,22,28,56,22,34
0,124,54,70,56,24,32,64,30,34,66,30,36,57,23,34
2,122,38,84,60,18,42,62,20,42,47,19,28,75,19,56
3,92,36,56,46,18,28,46,18,28,44,16,28,48,20,28
4,98,42,56,48,20,28,50,22,28,51,23,28,41,13,28
0,102,44,58,51,22,29,51,22,29,60,30,30,42,14,28
2,140,44,96,70,22,48,70,22,48,48,20,28,92,24,68
2,106,46,60,52,22,30,54,24,30,51,23,28,55,23,32
4,104,42,62,52,20,32,52,22,30,49,21,28,55,21,34
0,114,54,60,56,26,30,57,28,29,69,37,32,44,16,28
2,106,36,70,53,18,35,52,18,34,48,18,30,58,18,40
0,202,88,114,98,42,56,99,46,53,116,54,62,86,34,52
4,98,42,56,48,20,28,50,22,28,57,29,28,41,13,28
0,122,52,70,61,26,35,60,26,34,67,25,42,54,26,28
4,130,46,84,64,22,42,66,24,42,48,20,28,81,25,56
4,96,38,58,47,18,29,48,20,28,47,19,28,49,19,30
4,228,110,118,110,56,54,114,54,60,83,39,44,143,69,74
4,142,44,98,72,22,50,70,22,48,48,20,28,94,24,70
3,100,38,62,53,20,33,47,18,29,52,18,34,42,14,28
4,116,50,66,62,26,36,54,24,30,48,20,28,67,29,38
4,104,44,60,52,22,30,52,22,30,50,18,32,54,26,28
0,104,48,56,52,24,28,52,24,28,51,23,28,47,19,28
3,160,52,108,78,26,52,81,26,55,80,26,54,79,25,54
1,124,28,96,48,14,34,62,14,48,54,14,40,70,14,56
1,112,22,90,38,10,28,57,12,45,46,12,34,66,10,56
4,110,50,60,57,26,31,53,24,29,67,35,32,43,15,28
0,110,54,56,54,26,28,56,28,28,61,33,28,49,21,28
3,80,20,60,38,8,30,42,12,30,42,10,32,38,10,28
0,116,54,62,58,26,32,58,28,30,51,23,28,64,30,34
1,116,24,92,58,12,46,55,12,43,50,14,36,66,10,56
1,100,28,72,41,12,29,52,16,36,39,11,28,61,17,44
0,110,50,60,58,26,32,52,24,28,62,34,28,47,15,32
0,102,46,56,50,22,28,52,24,28,58,30,28,44,16,28
4,146,40,106,74,20,54,72,20,52,48,20,28,98,20,78
2,134,56,78,58,24,34,75,32,43,66,30,36,67,25,42
4,120,58,62,58,28,30,62,30,32,67,37,30,52,20,32
4,140,58,82,72,28,44,68,30,38,76,34,42,62,22,40
4,102,42,60,50,20,30,52,22,30,49,21,28,53,21,32
1,120,28,92,42,12,30,65,16,49,48,12,36,72,16,56
2,98,40,58,49,20,29,49,20,29,46,20,26,52,20,32
2,130,48,82,60,24,36,69,24,45,51,23,28,79,25,54
1,100,26,74,47,12,35,49,14,35,41,11,30,59,15,44
2,114,46,68,59,24,35,55,22,33,49,21,28,65,25,40
1,102,22,80,36,8,28,54,14,40,38,10,28,64,12,52
2,108,38,70,53,18,35,55,20,35,46,18,28,61,19,42
4,108,42,66,58,20,38,50,22,28,49,21,28,59,21,38
3,116,38,78,54,18,36,61,20,41,65,19,46,50,18,32
3,100,42,58,48,20,28,52,22,30,47,19,28,53,23,30
0,138,44,94,68,22,46,70,22,48,58,22,36,80,22,58
3,72,16,56,36,8,28,36,8,28,36,8,28,36,8,28
1,98,24,74,39,10,29,51,14,37,43,13,30,55,11,44
1,108,32,76,48,16,32,54,16,38,40,12,28,68,20,48
2,94,36,58,47,18,29,47,18,29,46,18,28,48,18,30
0,102,46,56,50,22,28,52,24,28,61,33,28,41,13,28
4,106,48,58,53,24,29,53,24,29,62,32,30,43,15,28
3,102,44,58,51,22,29,50,22,28,56,26,30,46,18,28
0,98,42,56,48,20,28,50,22,28,56,28,28,42,14,28
1,92,22,70,41,12,29,45,10,35,40,12,28,52,10,42
0,92,38,54,45,18,27,47,20,27,51,25,26,41,13,28
0,100,44,56,48,20,28,52,24,28,58,30,28,42,14,28
3,102,32,70,49,16,33,52,16,36,63,21,42,39,11,28
2,120,42,78,55,18,37,64,24,40,55,21,34,65,21,44
2,154,46,108,75,24,51,79,22,57,60,22,38,94,24,70
2,106,40,66,52,20,32,54,20,34,46,18,28,59,21,38
1,110,20,90,55,10,45,54,10,44,46,12,34,64,8,56
3,90,32,58,45,16,29,45,16,29,52,22,30,38,10,28
4,188,62,126,88,26,62,100,36,64,88,40,48,98,20,78
0,118,58,60,61,30,31,57,28,29,65,35,30,53,23,30
4,104,44,60,54,22,32,50,22,28,60,28,32,44,16,28
4,132,58,74,66,30,36,66,28,38,54,22,32,77,35,42
1,116,28,88,44,12,32,63,16,47,49,13,36,66,14,52
2,116,46,70,61,24,37,55,22,33,48,20,28,67,25,42
3,104,40,64,50,20,30,54,20,34,60,24,36,44,16,28
4,102,42,60,50,20,30,52,22,30,49,21,28,53,21,32
0,170,94,76,81,44,37,87,50,37,102,56,46,68,38,30
0,108,50,58,53,24,29,55,26,29,62,32,30,45,17,28
3,84,28,56,42,14,28,42,14,28,41,13,28,42,14,28
2,120,56,64,62,28,34,58,28,30,49,25,24,70,30,40
0,102,46,56,50,22,28,52,24,28,59,31,28,43,15,28
0,306,118,188,152,60,92,153,58,95,166,82,84,136,32,104
1,116,26,90,54,14,40,55,12,43,49,15,34,67,11,56
4,102,46,56,50,22,28,52,24,28,57,29,28,44,16,28
0,112,52,60,57,26,31,55,26,29,63,31,32,44,16,28
0,100,44,56,50,22,28,50,22,28,57,29,28,42,14,28
3,106,38,68,52,20,32,54,18,36,65,25,40,40,12,28
2,128,46,82,64,22,42,64,24,40,51,21,30,77,25,52
4,118,54,64,61,28,33,57,26,31,68,32,36,50,22,28
1,116,26,90,57,12,45,50,14,36,49,15,34,67,11,56
1,114,22,92,51,10,41,58,12,46,49,13,36,65,9,56
0,112,52,60,57,26,31,55,26,29,65,33,32,47,19,28
0,108,50,58,52,24,28,55,26,29,61,31,30,47,19,28
0,102,46,56,50,22,28,52,24,28,60,32,28,42,14,28
2,106,52,54,53,26,27,53,26,27,52,24,28,54,28,26
0,88,30,58,45,16,29,43,14,29,44,14,30,44,16,28
4,104,40,64,52,20,32,52,20,32,46,18,28,56,20,36
3,110,44,66,53,20,33,57,24,33,61,27,34,48,16,32
2,188,64,124,91,28,63,95,36,59,84,38,46,103,25,78
3,82,24,58,40,12,28,41,12,29,43,13,30,39,11,28
0,108,50,58,55,26,29,53,24,29,64,34,30,43,15,28
2,168,54,114,82,26,56,86,28,58,60,26,34,107,27,80
4,146,50,96,72,26,46,74,24,50,51,23,28,95,27,68
2,164,76,88,80,36,44,82,40,42,101,53,48,63,23,40
3,86,30,56,42,14,28,44,16,28,41,13,28,45,17,28
4,106,42,64,52,20,32,54,22,32,49,21,28,57,21,36
2,146,60,86,73,30,43,73,30,43,56,26,30,90,34,56
3,94,28,66,47,14,33,47,14,33,40,10,30,52,16,36
2,114,46,68,56,22,34,58,24,34,55,25,30,59,21,38
3,140,50,90,68,24,44,72,26,46,89,27,62,51,23,28
4,102,40,62,50,20,30,52,20,32,48,20,28,54,20,34
4,120,58,62,62,30,32,58,28,30,54,24,30,66,34,32
1,106,22,84,38,10,28,54,12,42,39,11,28,66,10,56
0,226,158,68,110,74,36,114,84,30,122,80,42,97,71,26
3,104,40,64,52,18,34,51,22,29,56,22,34,48,18,30
4,116,64,52,56,30,26,60,34,26,61,35,26,55,29,26
4,102,42,60,50,20,30,52,22,30,53,21,32,49,21,28
0,102,42,60,49,20,29,53,22,31,54,22,32,46,18,28
2,96,38,58,49,20,29,47,18,29,47,19,28,49,19,30
3,100,44,56,50,22,28,50,22,28,57,29,28,43,15,28
3,72,16,56,36,8,28,36,8,28,36,8,28,36,8,28
1,114,26,88,40,12,28,58,14,44,47,15,32,67,11,56
0,94,40,54,47,20,27,47,20,27,56,28,28,38,12,26
2,110,42,68,53,20,33,56,22,34,49,21,28,61,21,40
2,108,40,68,54,20,34,54,20,34,49,19,30,59,21,38
1,88,26,62,47,14,33,40,12,28,46,14,32,42,12,30
1,78,22,56,38,10,28,40,12,28,41,13,28,37,9,28
2,156,70,86,65,30,35,90,40,50,84,36,48,70,32,38
1,106,24,82,42,12,30,53,12,41,41,13,28,64,10,54
2,142,44,98,70,22,48,72,22,50,49,21,28,92,22,70
0,108,50,58,54,24,30,54,26,28,66,36,30,41,13,28
0,114,50,64,56,24,32,57,26,31,59,29,30,55,21,34
3,96,36,60,45,16,29,51,20,31,49,17,32,42,14,28
1,114,26,88,56,12,44,51,14,37,46,14,32,67,11,56
2,164,54,110,88,28,60,76,26,50,64,24,40,100,30,70
0,104,48,56,52,24,28,52,24,28,62,34,28,42,14,28
2,148,44,104,78,22,56,70,22,48,54,22,32,93,21,72
4,236,102,134,111,48,63,123,54,69,143,65,78,90,34,56
0,94,36,58,44,16,28,49,20,29,48,18,30,46,18,28
4,98,42,56,48,20,28,50,22,28,56,28,28,42,14,28
1,82,24,58,40,12,28,41,12,29,40,12,28,42,12,30
3,88,28,60,44,14,30,43,14,29,46,14,32,42,14,28
1,120,24,96,46,12,34,60,12,48,52,12,40,68,12,56
4,88,34,54,45,18,27,43,16,27,45,17,28,43,17,26
3,98,28,70,47,14,33,51,14,37,44,14,30,53,13,40
1,84,22,62,38,10,28,43,12,31,40,12,28,44,10,34
1,120,26,94,50,12,38,61,14,47,54,14,40,66,12,54
3,94,36,58,48,20,28,46,16,30,48,20,28,46,16,30
2,106,44,62,53,22,31,53,22,31,50,20,30,56,24,32
3,92,30,62,45,14,31,47,16,31,55,21,34,37,9,28
3,94,36,58,45,16,29,49,20,29,52,22,30,42,14,28
1,112,22,90,50,10,40,57,12,45,47,13,34,65,9,56
3,104,46,58,55,24,31,49,22,27,56,28,28,48,18,30
1,124,32,92,48,16,32,69,16,53,51,15,36,70,14,56
0,114,52,62,57,26,31,55,26,29,67,33,34,47,19,28
4,134,56,78,67,28,39,67,28,39,52,22,30,81,33,48
0,128,64,64,64,32,32,64,32,32,80,44,36,48,20,28
1,100,22,78,41,10,31,51,12,39,39,11,28,61,11,50
0,102,40,62,54,22,32,47,18,29,54,20,34,48,20,28
2,114,40,74,58,20,38,56,20,36,48,20,28,66,20,46
3,94,38,56,46,18,28,48,20,28,47,19,28,43,15,28
3,94,36,58,47,18,29,47,18,29,52,22,30,41,13,28
1,116,26,90,49,12,37,59,14,45,48,14,34,68,12,56
3,178,66,112,63,20,43,106,46,60,74,26,48,102,38,64
4,98,44,54,49,22,27,49,22,27,50,22,28,48,22,26
2,142,46,96,70,22,48,72,24,48,69,25,44,73,21,52
1,118,26,92,54,12,42,60,14,46,48,12,36,68,12,56
0,106,48,58,53,24,29,53,24,29,58,28,30,48,20,28
1,120,24,96,41,12,29,60,12,48,54,14,40,66,10,56
1,106,26,80,40,12,28,54,14,40,41,13,28,65,13,52
2,294,142,152,153,74,79,132,68,64,171,79,92,116,56,60
1,114,22,92,38,10,28,58,12,46,50,14,36,64,8,56
3,106,44,62,55,22,33,51,22,29,52,22,30,54,22,32
3,126,52,74,65,28,37,59,24,35,63,23,40,62,28,34
2,124,52,72,63,28,35,61,24,37,57,27,30,66,24,42
1,114,22,92,38,10,28,58,12,46,50,14,36,64,8,56
1,120,30,90,55,14,41,61,16,45,48,14,34,72,16,56
3,80,22,58,39,10,29,41,12,29,40,10,30,40,12,28
1,106,26,80,40,12,28,54,14,40,42,14,28,63,11,52
3,76,20,56,38,10,28,38,10,28,36,8,28,39,11,28
0,106,50,56,52,24,28,54,26,28,61,33,28,45,17,28
1,182,46,136,83,22,61,89,24,65,63,23,40,118,22,96
4,138,54,84,71,26,45,66,28,38,51,21,30,87,33,54
4,114,56,58,57,28,29,56,28,28,48,22,26,66,34,32
1,114,22,92,38,10,28,58,12,46,48,12,36,66,10,56
1,112,24,88,56,12,44,53,12,41,47,15,32,65,9,56
2,106,44,62,53,22,31,53,22,31,51,21,30,55,23,32
3,236,112,124,117,58,59,110,54,56,118,56,62,117,55,62
2,104,40,64,49,18,31,55,22,33,49,19,30,55,21,34
0,114,56,58,57,28,29,57,28,29,67,37,30,47,19,28
3,88,30,58,43,14,29,45,16,29,47,17,30,41,13,28
1,122,30,92,48,14,34,63,16,47,52,16,36,70,14,56
3,86,30,56,42,14,28,44,16,28,39,11,28,47,19,28
0,104,44,60,53,22,31,51,22,29,63,31,32,41,13,28
2,120,44,76,58,20,38,62,24,38,48,20,28,72,24,48
0,104,48,56,50,22,28,54,26,28,55,27,28,47,19,28
0,106,50,56,52,24,28,54,26,28,59,31,28,46,18,28
4,110,46,64,54,22,32,56,24,32,48,20,28,61,25,36
0,90,34,56,44,16,28,46,18,28,48,20,28,42,14,28
4,108,50,58,53,24,29,55,26,29,63,33,30,45,17,28
1,112,26,86,55,12,43,41,14,27,49,15,34,62,10,52
1,118,26,92,42,12,30,66,14,52,49,13,36,69,13,56
2,170,50,120,80,22,58,90,28,62,65,23,42,104,26,78
4,132,50,82,66,24,42,66,26,40,49,21,28,83,29,54
3,88,26,62,42,12,30,45,14,31,49,15,34,38,10,28
0,122,60,62,57,28,29,64,32,32,55,27,28,67,33,34
3,90,34,56,44,16,28,46,18,28,45,17,28,45,17,28
0,96,42,54,47,20,27,49,22,27,55,29,26,41,13,28
3,108,40,68,52,20,32,56,20,36,69,29,40,39,11,28
0,102,46,56,50,22,28,52,24,28,59,31,28,43,15,28
4,118,46,72,58,22,36,60,24,36,47,19,28,70,26,44
1,106,20,86,53,10,43,38,10,28,42,12,30,63,7,56
3,110,36,74,55,18,37,55,18,37,64,20,44,46,16,30
3,102,46,56,50,22,28,52,24,28,48,20,28,54,26,28
2,174,54,120,86,26,60,88,28,60,66,24,42,107,29,78
3,76,20,56,38,10,28,38,10,28,36,8,28,38,10,28
2,106,42,64,52,20,32,54,22,32,46,18,28,59,23,36
3,98,40,58,49,20,29,49,20,29,45,15,30,53,25,28
4,306,146,160,149,72,77,157,74,83,187,87,100,112,52,60
3,140,54,86,71,28,43,69,26,43,73,27,46,66,26,40
0,156,62,94,59,22,37,96,40,56,88,36,52,68,26,42
1,78,22,56,40,12,28,38,10,28,40,12,28,38,10,28
1,110,22,88,39,10,29,56,12,44,45,13,32,64,8,56
2,130,46,84,62,22,40,68,24,44,65,23,42,64,22,42
3,90,32,58,45,16,29,45,16,29,44,14,30,45,17,28
4,142,56,86,76,30,46,66,26,40,62,24,38,80,32,48
4,114,44,70,60,22,38,54,22,32,48,20,28,66,24,42
4,102,42,60,50,20,30,52,22,30,49,21,28,53,21,32
4,124,60,64,60,28,32,63,32,31,53,23,30,68,34,34
2,118,42,76,61,20,41,57,22,35,49,19,30,68,22,46
4,102,46,56,50,22,28,52,24,28,60,32,28,42,14,28
1,92,22,70,40,10,30,47,12,35,40,10,30,52,12,40
4,208,90,118,93,40,53,111,50,61,129,55,74,78,34,44
0,242,112,130,106,46,60,126,66,60,155,81,74,86,30,56
4,120,42,78,58,20,38,62,22,40,48,20,28,72,22,50
0,98,42,56,48,20,28,50,22,28,57,29,28,41,13,28
1,112,22,90,38,10,28,57,12,45,48,14,34,64,8,56
2,130,52,78,67,24,43,61,28,33,59,25,34,70,26,44
4,140,56,84,48,20,28,89,36,53,76,28,48,62,26,36
4,158,54,104,74,26,48,84,28,56,62,26,36,96,28,68
1,116,28,88,44,14,30,57,14,43,44,14,30,72,14,58
3,84,22,62,37,8,29,45,14,31,47,13,34,37,9,28
4,128,52,76,66,26,40,60,26,34,61,27,34,67,25,42
0,156,66,90,48,20,28,107,46,61,98,44,54,56,20,36
0,106,46,60,56,24,32,50,22,28,63,31,32,43,15,28
4,110,40,70,56,20,36,54,20,34,48,20,28,62,20,42
0,104,46,58,50,22,28,54,24,30,62,32,30,42,14,28
1,108,22,86,38,10,28,55,12,43,44,14,30,64,8,56
1,110,24,86,46,10,36,57,14,43,42,12,30,68,12,56
4,172,56,116,83,24,59,89,32,57,81,27,54,89,27,62
3,94,32,62,44,14,30,50,18,32,55,21,34,39,11,28
0,154,76,78,68,32,36,86,44,42,106,58,48,48,18,30
4,106,52,54,53,26,27,53,26,27,47,21,26,58,30,28
0,100,44,56,50,22,28,50,22,28,58,30,28,42,14,28
4,96,40,56,48,20,28,48,20,28,46,18,28,49,21,28
2,110,44,66,55,22,33,55,22,33,52,22,30,58,22,36
4,114,48,66,56,24,32,58,24,34,54,22,32,59,25,34
4,136,50,86,56,22,34,80,28,52,61,23,38,73,25,48
0,110,50,60,54,24,30,56,26,30,69,37,32,41,13,28
0,102,44,58,51,22,29,51,22,29,60,30,30,42,14,28
2,96,40,56,48,20,28,48,20,28,49,21,28,46,18,28
3,96,40,56,48,20,28,48,20,28,46,18,28,50,22,28
0,102,44,58,51,22,29,51,22,29,58,28,30,44,16,28
4,176,76,100,83,36,47,91,40,51,87,37,50,88,38,50
4,112,50,62,55,24,31,57,26,31,50,20,30,61,29,32
3,112,44,68,54,22,32,56,22,34,55,21,34,51,17,34
0,112,56,56,56,28,28,56,28,28,63,35,28,49,21,28
2,138,44,94,70,22,48,68,22,46,49,21,28,89,23,66
3,102,42,60,50,20,30,52,22,30,47,19,28,55,23,32
1,120,30,90,54,16,38,59,14,45,48,14,34,72,16,56
4,106,48,58,52,24,28,54,24,30,61,31,30,44,16,28
1,126,42,84,62,20,42,64,22,42,48,20,28,75,19,56
0,112,54,58,57,28,29,55,26,29,63,33,30,49,21,28
3,84,24,60,39,10,29,43,14,29,44,14,30,40,10,30
2,136,44,92,68,22,46,68,22,46,49,21,28,87,23,64
0,96,28,68,49,14,35,47,14,33,46,12,34,50,16,34
4,154,56,98,75,28,47,79,28,51,50,22,28,104,34,70
0,110,50,60,55,24,31,55,26,29,63,33,30,46,16,30
3,88,30,58,43,14,29,45,16,29,44,14,30,44,16,28
2,120,46,74,61,24,37,59,22,37,56,24,32,64,22,42
0,98,42,56,48,20,28,50,22,28,56,28,28,42,14,28
1,112,22,90,57,12,45,53,10,43,48,14,34,64,8,56
2,142,46,96,74,22,52,68,24,44,54,22,32,87,23,64
3,84,26,58,41,12,29,43,14,29,43,13,30,40,12,28
0,108,48,60,51,22,29,57,26,31,59,29,30,49,19,30
2,138,60,78,70,30,40,67,30,37,70,34,36,68,26,42
2,146,48,98,75,24,51,70,24,46,65,21,44,79,25,54
4,162,64,98,85,32,53,77,32,45,52,24,28,110,40,70
3,96,40,56,48,20,28,48,20,28,44,16,28,50,22,28
2,110,42,68,55,20,35,54,22,32,53,23,30,57,19,38
4,100,44,56,50,22,28,50,22,28,49,21,28,51,23,28
2,150,70,80,64,28,36,85,42,43,93,49,44,57,21,36
1,94,22,72,38,10,28,48,12,36,39,11,28,55,11,44
2,170,62,108,64,26,38,105,36,69,67,25,42,97,31,66
4,122,48,74,62,24,38,59,24,35,58,24,34,64,24,40
0,116,54,62,56,26,30,59,28,31,67,33,34,49,21,28
3,94,38,56,48,20,28,46,18,28,50,22,28,43,15,28
4,134,58,76,66,28,38,67,30,37,86,38,48,48,20,28
0,102,46,56,52,24,28,50,22,28,50,22,28,49,21,28
3,84,24,60,38,10,28,45,14,31,42,12,30,42,12,30
0,104,48,56,51,24,27,52,24,28,61,33,28,43,15,28
1,114,28,86,57,14,43,56,14,42,43,13,30,69,13,56
